1 1 5   1.00749250749E-002  8.94534554936E-017  3.69297894673E-016 -8.00526922718E-006 -1.35529898217E-001 -5.90058921626E-005
1 1 6   1.00899100899E-002  9.61416276452E-017  3.86665458224E-016 -7.94886799780E-006 -1.35531780146E-001 -5.88474806713E-005
1 1 7   1.01048951049E-002  1.03019535177E-016  4.04282049461E-016 -7.89246676843E-006 -1.35533662076E-001 -5.86890691799E-005
1 1 8   1.01198801199E-002  1.09931324026E-016  4.22293358051E-016 -7.83606553905E-006 -1.35535544006E-001 -5.85306576886E-005
1 1 9   1.01348651349E-002  1.17120939683E-016  4.40619762898E-016 -7.77966430968E-006 -1.35537425936E-001 -5.83722461973E-005
1 1 10   1.01498501498E-002  1.24324107866E-016  4.59242629276E-016 -7.72326308030E-006 -1.35539307866E-001 -5.82138347059E-005
1 1 11   1.01648351648E-002  1.31832207911E-016  4.78261907074E-016 -7.66686185092E-006 -1.35541189796E-001 -5.80554232146E-005
1 1 12   1.01798201798E-002  1.39258992792E-016  4.97591198930E-016 -7.61046062155E-006 -1.35543071726E-001 -5.78970117233E-005
1 1 13   1.01948051948E-002  1.46929723163E-016  5.17035687268E-016 -7.55405939217E-006 -1.35544953656E-001 -5.77386002320E-005
1 1 14   1.02097902098E-002  1.54695321223E-016  5.37076486800E-016 -7.49765816279E-006 -1.35546835585E-001 -5.75801887406E-005
1 1 15   1.02247752248E-002  1.62623549609E-016  5.57144391386E-016 -7.44125693342E-006 -1.35548717515E-001 -5.74217772493E-005
1 1 16   1.02397602398E-002  1.70707632058E-016  5.77754397059E-016 -7.38485570404E-006 -1.35550599445E-001 -5.72633657580E-005
1 1 17   1.02547452547E-002  1.78859477142E-016  5.98564302507E-016 -7.32845447466E-006 -1.35552481375E-001 -5.71049542666E-005
1 1 18   1.02697302697E-002  1.87241715188E-016  6.19784171901E-016 -7.27205324528E-006 -1.35554363305E-001 -5.69465427753E-005
1 1 19   1.02847152847E-002  1.95630729498E-016  6.41258151180E-016 -7.21565201590E-006 -1.35556245235E-001 -5.67881312840E-005
1 1 20   1.02997002997E-002  2.04236584242E-016  6.63043838584E-016 -7.15925078653E-006 -1.35558127165E-001 -5.66297197927E-005
1 1 21   1.03146853147E-002  2.12964411730E-016  6.85103964662E-016 -7.10284955715E-006 -1.35560009095E-001 -5.64713083013E-005
1 1 22   1.03296703297E-002  2.21814211963E-016  7.07577442818E-016 -7.04644832777E-006 -1.35561891025E-001 -5.63128968100E-005
1 1 23   1.03446553447E-002  2.30833418786E-016  7.30342300309E-016 -6.99004709839E-006 -1.35563772954E-001 -5.61544853187E-005
1 1 24   1.03596403596E-002  2.40028808461E-016  7.53384984606E-016 -6.93364586901E-006 -1.35565654884E-001 -5.59960738273E-005
1 1 25   1.03746253746E-002  2.49346170881E-016  7.76752929555E-016 -6.87724463963E-006 -1.35567536814E-001 -5.58376623360E-005
1 1 26   1.03896103896E-002  2.58738072200E-016  8.00408865706E-016 -6.82084341025E-006 -1.35569418744E-001 -5.56792508447E-005
1 1 27   1.04045954046E-002  2.68204512419E-016  8.24495094594E-016 -6.76444218087E-006 -1.35571300674E-001 -5.55208393534E-005
1 1 28   1.04195804196E-002  2.77853911754E-016  8.48876090948E-016 -6.70804095149E-006 -1.35573182604E-001 -5.53624278620E-005
1 1 29   1.04345654346E-002  2.87713375260E-016  8.73429882023E-016 -6.65163972211E-006 -1.35575064534E-001 -5.52040163707E-005
1 1 30   1.04495504495E-002  2.97647377665E-016  8.98437682757E-016 -6.59523849273E-006 -1.35576946464E-001 -5.50456048794E-005
1 1 31   1.04645354645E-002  3.07689800288E-016  9.23682652717E-016 -6.53883726334E-006 -1.35578828394E-001 -5.48871933880E-005
1 1 32   1.04795204795E-002  3.17867748182E-016  9.49286764647E-016 -6.48243603396E-006 -1.35580710323E-001 -5.47287818967E-005
1 1 33   1.04945054945E-002  3.28242207720E-016  9.75216137228E-016 -6.42603480458E-006 -1.35582592253E-001 -5.45703704054E-005
1 1 34   1.05094905095E-002  3.38691206157E-016  1.00149109925E-015 -6.36963357520E-006 -1.35584474183E-001 -5.44119589141E-005
1 1 35   1.05244755245E-002  3.49289282393E-016  1.02805405248E-015 -6.31323234582E-006 -1.35586356113E-001 -5.42535474227E-005
1 1 36   1.05394605395E-002  3.60144856645E-016  1.05488466812E-015 -6.25683111643E-006 -1.35588238043E-001 -5.40951359314E-005
1 1 37   1.05544455544E-002  3.70946220789E-016  1.08208120199E-015 -6.20042988705E-006 -1.35590119973E-001 -5.39367244401E-005
1 1 38   1.05694305694E-002  3.82045740530E-016  1.10951151695E-015 -6.14402865767E-006 -1.35592001903E-001 -5.37783129488E-005
1 1 39   1.05844155844E-002  3.93145260270E-016  1.13740939410E-015 -6.08762742828E-006 -1.35593883833E-001 -5.36199014574E-005
1 1 40   1.05994005994E-002  4.04448067919E-016  1.16552072355E-015 -6.03122619890E-006 -1.35595765763E-001 -5.34614899661E-005
1 1 41   1.06143856144E-002  4.15832190730E-016  1.19394376113E-015 -5.97482496952E-006 -1.35597647692E-001 -5.33030784748E-005
1 1 42   1.06293706294E-002  4.27500916611E-016  1.22262429673E-015 -5.91842374013E-006 -1.35599529622E-001 -5.31446669835E-005
1 1 43   1.06443556444E-002  4.39264510183E-016  1.25172496066E-015 -5.86202251075E-006 -1.35601411552E-001 -5.29862554921E-005
1 1 44   1.06593406593E-002  4.51014551227E-016  1.28116104964E-015 -5.80562128136E-006 -1.35603293482E-001 -5.28278440008E-005
1 1 45   1.06743256743E-002  4.63008537760E-016  1.31067845379E-015 -5.74922005198E-006 -1.35605175412E-001 -5.26694325095E-005
1 1 46   1.06893106893E-002  4.75016076820E-016  1.34083960298E-015 -5.69281882259E-006 -1.35607057342E-001 -5.25110210181E-005
1 1 47   1.07042957043E-002  4.87294666424E-016  1.37120404007E-015 -5.63641759321E-006 -1.35608939272E-001 -5.23526095268E-005
1 1 48   1.07192807193E-002  4.99695228771E-016  1.40179887012E-015 -5.58001636382E-006 -1.35610821202E-001 -5.21941980355E-005
1 1 49   1.07342657343E-002  5.12150001228E-016  1.43280705226E-015 -5.52361513443E-006 -1.35612703132E-001 -5.20357865442E-005
1 1 50   1.07492507492E-002  5.24875824227E-016  1.46412694252E-015 -5.46721390505E-006 -1.35614585061E-001 -5.18773750528E-005
1 1 51   1.07642357642E-002  5.37560989645E-016  1.49583985606E-015 -5.41081267566E-006 -1.35616466991E-001 -5.17189635615E-005
1 1 52   1.07792207792E-002  5.50557863188E-016  1.52765441356E-015 -5.35441144627E-006 -1.35618348921E-001 -5.15605520702E-005
1 1 53   1.07942057942E-002  5.63568289258E-016  1.55997719083E-015 -5.29801021689E-006 -1.35620230851E-001 -5.14021405789E-005
1 1 54   1.08091908092E-002  5.76741345654E-016  1.59246937468E-015 -5.24160898750E-006 -1.35622112781E-001 -5.12437290875E-005
1 1 55   1.08241758242E-002  5.89955059631E-016  1.62544944952E-015 -5.18520775811E-006 -1.35623994711E-001 -5.10853175962E-005
1 1 56   1.08391608392E-002  6.03399166570E-016  1.65870057489E-015 -5.12880652872E-006 -1.35625876641E-001 -5.09269061049E-005
1 1 57   1.08541458541E-002  6.16992351307E-016  1.69201946291E-015 -5.07240529934E-006 -1.35627758571E-001 -5.07684946136E-005
1 1 58   1.08691308691E-002  6.30680403735E-016  1.72596176717E-015 -5.01600406995E-006 -1.35629640501E-001 -5.06100831222E-005
1 1 59   1.08841158841E-002  6.44639506706E-016  1.76003959670E-015 -4.95960284056E-006 -1.35631522430E-001 -5.04516716309E-005
1 1 60   1.08991008991E-002  6.58612162203E-016  1.79450367326E-015 -4.90320161117E-006 -1.35633404360E-001 -5.02932601396E-005
1 1 61   1.09140859141E-002  6.72720342973E-016  1.82929301047E-015 -4.84680038178E-006 -1.35635286290E-001 -5.01348486483E-005
1 1 62   1.09290709291E-002  6.86977601541E-016  1.86443471339E-015 -4.79039915239E-006 -1.35637168220E-001 -4.99764371569E-005
1 1 63   1.09440559441E-002  7.01411042962E-016  1.89975259916E-015 -4.73399792300E-006 -1.35639050150E-001 -4.98180256656E-005
1 1 64   1.09590409590E-002  7.15871589438E-016  1.93556515217E-015 -4.67759669361E-006 -1.35640932080E-001 -4.96596141743E-005
1 1 65   1.09740259740E-002  7.30562528875E-016  1.97155388803E-015 -4.62119546422E-006 -1.35642814010E-001 -4.95012026830E-005
1 1 66   1.09890109890E-002  7.45321230948E-016  2.00792887092E-015 -4.56479423483E-006 -1.35644695940E-001 -4.93427911916E-005
1 1 67   1.10039960040E-002  7.60296773455E-016  2.04465621951E-015 -4.50839300544E-006 -1.35646577870E-001 -4.91843797003E-005
1 1 68   1.10189810190E-002  7.75218105854E-016  2.08166139491E-015 -4.45199177605E-006 -1.35648459799E-001 -4.90259682090E-005
1 1 69   1.10339660340E-002  7.90627329231E-016  2.11874788547E-015 -4.39559054666E-006 -1.35650341729E-001 -4.88675567177E-005
1 1 70   1.10489510489E-002  8.05860369754E-016  2.15652555492E-015 -4.33918931727E-006 -1.35652223659E-001 -4.87091452263E-005
1 1 71   1.10639360638E-002  7.06918874702E-015  1.28062064262E-016 -1.16106175844E-005 -1.35638334305E-001 -5.48820707263E-005
1 1 72   1.10789210788E-002  6.99940085546E-015  5.60905217672E-017 -1.12137278088E-005 -1.35639798170E-001 -5.46626673358E-005
1 1 73   1.10939060937E-002  6.93021351026E-015 -1.33356867216E-017 -1.08168380331E-005 -1.35641262035E-001 -5.44432639453E-005
1 1 74   1.11088911087E-002  6.86079407804E-015 -8.01428693374E-017 -1.04199482574E-005 -1.35642725899E-001 -5.42238605549E-005
1 1 75   1.11238761237E-002  6.79206582470E-015 -1.44408953111E-016 -1.00230584818E-005 -1.35644189764E-001 -5.40044571644E-005
1 1 76   1.11388611387E-002  6.72309701400E-015 -2.06127161780E-016 -9.62616870610E-006 -1.35645653628E-001 -5.37850537739E-005
1 1 77   1.11538461537E-002  6.65471096197E-015 -2.65433020615E-016 -9.22927893044E-006 -1.35647117493E-001 -5.35656503834E-005
1 1 78   1.11688311687E-002  6.58642655390E-015 -3.21913177538E-016 -8.83238915478E-006 -1.35648581357E-001 -5.33462469930E-005
1 1 79   1.11838161837E-002  6.51812181703E-015 -3.76069076054E-016 -8.43549937912E-006 -1.35650045222E-001 -5.31268436025E-005
1 1 80   1.11988011986E-002  6.45058957421E-015 -4.27555126720E-016 -8.03860960346E-006 -1.35651509086E-001 -5.29074402120E-005
1 1 81   1.12137862136E-002  6.38258299294E-015 -4.76601722497E-016 -7.64171982781E-006 -1.35652972951E-001 -5.26880368216E-005
1 1 82   1.12287712286E-002  6.31522693298E-015 -5.23032680534E-016 -7.24483005215E-006 -1.35654436815E-001 -5.24686334311E-005
1 1 83   1.12437562436E-002  6.24757949368E-015 -5.66929315993E-016 -6.84794027650E-006 -1.35655900680E-001 -5.22492300406E-005
1 1 84   1.12587412586E-002  6.18005402712E-015 -6.08278076346E-016 -6.45105050084E-006 -1.35657364545E-001 -5.20298266501E-005
1 1 85   1.12737262736E-002  6.11363309153E-015 -6.46943436322E-016 -6.05416072519E-006 -1.35658828409E-001 -5.18104232597E-005
1 1 86   1.12887112886E-002  6.04649387200E-015 -6.83142236356E-016 -5.65727094954E-006 -1.35660292274E-001 -5.15910198692E-005
1 1 87   1.13036963035E-002  5.98035076321E-015 -7.16779608757E-016 -5.26038117388E-006 -1.35661756138E-001 -5.13716164787E-005
1 1 88   1.13186813185E-002  5.91355035686E-015 -7.48058841434E-016 -4.86349139823E-006 -1.35663220003E-001 -5.11522130883E-005
1 1 89   1.13336663335E-002  5.84734626170E-015 -7.76668226260E-016 -4.46660162258E-006 -1.35664683867E-001 -5.09328096978E-005
1 1 90   1.13486513485E-002  5.78142676962E-015 -8.02648420818E-016 -4.06971184694E-006 -1.35666147732E-001 -5.07134063074E-005
1 1 91   1.13636363635E-002  5.71539885731E-015 -8.26107845325E-016 -3.67282207129E-006 -1.35667611596E-001 -5.04940029169E-005
1 1 92   1.13786213785E-002  5.65012311026E-015 -8.47019394727E-016 -3.27593229564E-006 -1.35669075461E-001 -5.02745995264E-005
1 1 93   1.13936063935E-002  5.58457631267E-015 -8.65505041768E-016 -2.87904252000E-006 -1.35670539326E-001 -5.00551961360E-005
1 1 94   1.14085914084E-002  5.51948352474E-015 -8.81212420742E-016 -2.48215274435E-006 -1.35672003190E-001 -4.98357927455E-005
1 1 95   1.14235764234E-002  5.45409935748E-015 -8.94493897355E-016 -2.08526296871E-006 -1.35673467055E-001 -4.96163893550E-005
1 1 96   1.14385614384E-002  5.38929794888E-015 -9.05308814025E-016 -1.68837319306E-006 -1.35674930919E-001 -4.93969859646E-005
1 1 97   1.14535464534E-002  5.32479469588E-015 -9.13345462629E-016 -1.29148341742E-006 -1.35676394784E-001 -4.91775825741E-005
1 1 98   1.14685314684E-002  5.26021690398E-015 -9.19078181616E-016 -8.94593641780E-007 -1.35677858648E-001 -4.89581791837E-005
1 1 99   1.14835164834E-002  5.19592371516E-015 -9.22113947699E-016 -4.97703866140E-007 -1.35679322513E-001 -4.87387757932E-005
1 1 100   1.14985014983E-002  5.13206420720E-015 -9.22588286149E-016 -1.00814090501E-007 -1.35680786377E-001 -4.85193724027E-005
1 1 101   1.15134865133E-002  5.06818437045E-015 -9.20535078285E-016  2.96075685138E-007 -1.35682250242E-001 -4.82999690123E-005
1 1 102   1.15284715283E-002  5.00435874380E-015 -9.16069520587E-016  6.92965460775E-007 -1.35683714106E-001 -4.80805656218E-005
1 1 103   1.15434565433E-002  4.94096002177E-015 -9.08974772621E-016  1.08985523641E-006 -1.35685177971E-001 -4.78611622314E-005
1 1 104   1.15584415583E-002  4.87760534545E-015 -8.99074651534E-016  1.48674501205E-006 -1.35686641836E-001 -4.76417588409E-005
1 1 105   1.15734265733E-002  4.81459964670E-015 -8.86928199070E-016  1.88363478768E-006 -1.35688105700E-001 -4.74223554505E-005
1 1 106   1.15884115883E-002  4.75136863718E-015 -8.72240647765E-016  2.28052456331E-006 -1.35689569565E-001 -4.72029520600E-005
1 1 107   1.16033966032E-002  4.68889148700E-015 -8.54990821794E-016  2.67741433895E-006 -1.35691033429E-001 -4.69835486695E-005
1 1 108   1.16183816185E-002 -3.11714900853E-015 -8.43272120968E-016  1.70488807803E-006 -1.35686652870E-001 -4.53899437035E-005
1 1 109   1.16333666335E-002 -3.05843946089E-015 -8.42953636580E-016  2.09824337655E-006 -1.35686863710E-001 -4.52325559130E-005
1 1 110   1.16483516485E-002 -2.99966215062E-015 -8.42811335045E-016  2.49159867508E-006 -1.35687074550E-001 -4.50751681225E-005
1 1 111   1.16633366634E-002 -2.94107457572E-015 -8.42519955711E-016  2.88495397360E-006 -1.35687285390E-001 -4.49177803319E-005
1 1 112   1.16783216784E-002 -2.88227016039E-015 -8.42248905168E-016  3.27830927212E-006 -1.35687496230E-001 -4.47603925414E-005
1 1 113   1.16933066934E-002 -2.82365548044E-015 -8.41896539462E-016  3.67166457064E-006 -1.35687707070E-001 -4.46030047509E-005
1 1 114   1.17082917084E-002 -2.76486461764E-015 -8.41584831338E-016  4.06501986916E-006 -1.35687917910E-001 -4.44456169603E-005
1 1 115   1.17232767234E-002 -2.70627026648E-015 -8.41469634857E-016  4.45837516768E-006 -1.35688128750E-001 -4.42882291698E-005
1 1 116   1.17382617384E-002 -2.64771657290E-015 -8.41029177724E-016  4.85173046620E-006 -1.35688339590E-001 -4.41308413792E-005
1 1 117   1.17532467533E-002 -2.58906801163E-015 -8.40717469600E-016  5.24508576472E-006 -1.35688550430E-001 -4.39734535887E-005
1 1 118   1.17682317683E-002 -2.53028053696E-015 -8.40463359715E-016  5.63844106324E-006 -1.35688761270E-001 -4.38160657982E-005
1 1 119   1.17832167833E-002 -2.47177427723E-015 -8.40097441482E-016  6.03179636175E-006 -1.35688972110E-001 -4.36586780076E-005
1 1 120   1.17982017983E-002 -2.41306134146E-015 -8.39987327199E-016  6.42515166027E-006 -1.35689182950E-001 -4.35012902171E-005
1 1 121   1.18131868133E-002 -2.35461776216E-015 -8.39704418195E-016  6.81850695878E-006 -1.35689393790E-001 -4.33439024266E-005
1 1 122   1.18281718283E-002 -2.29609689111E-015 -8.39397792268E-016  7.21186225730E-006 -1.35689604630E-001 -4.31865146360E-005
1 1 123   1.18431568432E-002 -1.73607872869E-016  6.63843437686E-016  1.14398350579E-006 -1.35700572973E-001 -3.47016763146E-005
1 1 124   1.18581418582E-002 -1.80329926339E-016  6.39191390789E-016  1.26889336874E-006 -1.35700659020E-001 -3.47545960802E-005
1 1 125   1.18731268732E-002 -1.86957112118E-016  6.14769736854E-016  1.39380323169E-006 -1.35700745068E-001 -3.48075158458E-005
1 1 126   1.18881118881E-002 -1.93679165587E-016  5.90470055663E-016  1.51871309464E-006 -1.35700831116E-001 -3.48604356114E-005
1 1 127   1.19030969031E-002 -2.00496086747E-016  5.66536292705E-016  1.64362295759E-006 -1.35700917164E-001 -3.49133553770E-005
1 1 128   1.19180819181E-002 -2.07055509890E-016  5.42710949965E-016  1.76853282054E-006 -1.35701003211E-001 -3.49662751426E-005
1 1 129   1.19330669331E-002 -2.13818220941E-016  5.19251525458E-016  1.89344268349E-006 -1.35701089259E-001 -3.50191949082E-005
1 1 130   1.19480519481E-002 -2.20608037046E-016  4.95778548423E-016  2.01835254644E-006 -1.35701175307E-001 -3.50721146738E-005
1 1 131   1.19630369631E-002 -2.27275880407E-016  4.72996750274E-016  2.14326240939E-006 -1.35701261355E-001 -3.51250344394E-005
1 1 132   1.19780219780E-002 -2.33889513659E-016  4.49740613674E-016  2.26817227234E-006 -1.35701347402E-001 -3.51779542050E-005
1 1 133   1.19930069930E-002 -2.40584462075E-016  4.27297628704E-016  2.39308213529E-006 -1.35701433450E-001 -3.52308739706E-005
1 1 134   1.20079920080E-002 -2.47143885218E-016  4.05017274059E-016  2.51799199824E-006 -1.35701519498E-001 -3.52837937362E-005
1 1 135   1.20229770230E-002 -2.53865938687E-016  3.82872444686E-016  2.64290186119E-006 -1.35701605545E-001 -3.53367135018E-005
1 1 136   1.20379620380E-002 -2.60642202266E-016  3.60944455748E-016  2.76781172414E-006 -1.35701691593E-001 -3.53896332674E-005
1 1 137   1.20529470530E-002 -2.67350703208E-016  3.38975809228E-016  2.89272158709E-006 -1.35701777641E-001 -3.54425530330E-005
1 1 138   1.20679320680E-002 -2.73964336460E-016  3.17630578957E-016  3.01763145004E-006 -1.35701863689E-001 -3.54954727986E-005
1 1 139   1.20829170829E-002 -2.80401786859E-016  2.96312453740E-016  3.14254131299E-006 -1.35701949736E-001 -3.55483925641E-005
1 1 140   1.20979020979E-002 -2.87205155491E-016  2.75224721485E-016  3.26745117594E-006 -1.35702035784E-001 -3.56013123297E-005
1 1 141   1.21128871129E-002 -2.93900103907E-016  2.54286067029E-016  3.39236103889E-006 -1.35702121832E-001 -3.56542320953E-005
1 1 142   1.21278721279E-002 -3.00378211887E-016  2.33821751024E-016  3.51727090184E-006 -1.35702207880E-001 -3.57071518609E-005
1 1 143   1.21428571429E-002 -3.07032502721E-016  2.13370987545E-016  3.64218076479E-006 -1.35702293927E-001 -3.57600716265E-005
1 1 144   1.21578421579E-002 -3.13713898609E-016  1.93177722083E-016  3.76709062774E-006 -1.35702379975E-001 -3.58129913921E-005
1 1 145   1.21728271729E-002 -3.20503714714E-016  1.73011561674E-016  3.89200049069E-006 -1.35702466023E-001 -3.58659111577E-005
1 1 146   1.21878121878E-002 -3.26914060059E-016  1.53455264988E-016  4.01691035364E-006 -1.35702552070E-001 -3.59188309233E-005
1 1 147   1.22027972028E-002 -3.33703876164E-016  1.33804100612E-016  4.14182021659E-006 -1.35702638118E-001 -3.59717506889E-005
1 1 148   1.22177822178E-002 -3.40114221509E-016  1.14735694903E-016  4.26673007954E-006 -1.35702724166E-001 -3.60246704545E-005
1 1 149   1.22327672328E-002 -3.46849827505E-016  9.55995265589E-017  4.39163994249E-006 -1.35702810214E-001 -3.60775902201E-005
1 1 150   1.22477522478E-002 -3.53558328448E-016  7.67344087577E-017  4.51654980544E-006 -1.35702896261E-001 -3.61305099857E-005
1 1 151   1.22627372628E-002 -3.59982226319E-016  5.83842869883E-017  4.64145966839E-006 -1.35702982309E-001 -3.61834297513E-005
1 1 152   1.22777222777E-002 -3.66704279789E-016  3.97360096216E-017  4.76636953134E-006 -1.35703068357E-001 -3.62363495169E-005
1 1 153   1.22927072927E-002 -3.73128177661E-016  2.17518060855E-017  4.89127939429E-006 -1.35703154405E-001 -3.62892692825E-005
1 1 154   1.23076923077E-002 -3.79701153332E-016  4.07931067398E-018  5.01618925724E-006 -1.35703240452E-001 -3.63421890481E-005
1 1 155   1.23226773227E-002 -3.86233471421E-016 -1.36948286912E-017  5.14109912019E-006 -1.35703326500E-001 -3.63951088137E-005
1 1 156   1.23376623377E-002 -3.92833552146E-016 -3.11843649861E-017  5.26600898314E-006 -1.35703412548E-001 -3.64480285793E-005
1 1 157   1.23526473527E-002 -3.99474290452E-016 -4.83418643657E-017  5.39091884609E-006 -1.35703498596E-001 -3.65009483449E-005
1 1 158   1.23676323677E-002 -4.05884635797E-016 -6.52621945200E-017  5.51582870904E-006 -1.35703584643E-001 -3.65538681106E-005
1 1 159   1.23826173826E-002 -4.12566031685E-016 -8.22570635738E-017  5.64073857199E-006 -1.35703670691E-001 -3.66067878762E-005
1 1 160   1.23976023976E-002 -4.19044139666E-016 -9.86623976962E-017  5.76564843494E-006 -1.35703756739E-001 -3.66597076418E-005
1 1 161   1.24125874126E-002 -4.25698430499E-016 -1.15162599509E-016  5.89055829789E-006 -1.35703842786E-001 -3.67126274074E-005
1 1 162   1.24275724276E-002 -4.31946145518E-016 -1.30937741118E-016  6.01546816084E-006 -1.35703928834E-001 -3.67655471730E-005
1 1 163   1.24425574426E-002 -4.38525897452E-016 -1.46929723163E-016  6.14037802379E-006 -1.35704014882E-001 -3.68184669386E-005
1 1 164   1.24575424576E-002 -4.45207293340E-016 -1.62565951369E-016  6.26528788674E-006 -1.35704100930E-001 -3.68713867042E-005
1 1 165   1.24725274726E-002 -4.51665072530E-016 -1.77917576505E-016  6.39019774969E-006 -1.35704186977E-001 -3.69243064698E-005
1 1 166   1.24875124875E-002 -4.58099134798E-016 -1.92906671539E-016  6.51510761264E-006 -1.35704273025E-001 -3.69772262354E-005
1 1 167   1.25024975025E-002 -4.64534891131E-016 -2.07938118221E-016  6.64001747559E-006 -1.35704359073E-001 -3.70301460010E-005
1 1 168   1.25174825175E-002 -4.71079067681E-016 -2.22761194798E-016  6.76492733854E-006 -1.35704445121E-001 -3.70830657666E-005
1 1 169   1.25324675325E-002 -4.77701700659E-016 -2.37399829951E-016  6.88983720148E-006 -1.35704531168E-001 -3.71359855322E-005
1 1 170   1.25474525475E-002 -4.78785373435E-016 -2.39263937710E-016  4.40645287872E-006 -1.35706246595E-001 -3.59885654515E-005
1 1 171   1.25624375625E-002 -4.78599026187E-016 -2.39512118363E-016  4.31488325436E-006 -1.35706177881E-001 -3.58560191367E-005
1 1 172   1.25774225774E-002 -4.78451642454E-016 -2.39676442755E-016  4.22331363000E-006 -1.35706109167E-001 -3.57234728218E-005
1 1 173   1.25924075924E-002 -4.77735052581E-016 -2.39998315275E-016  4.13174400564E-006 -1.35706040452E-001 -3.55909265070E-005
1 1 174   1.26073926074E-002 -4.77018462708E-016 -2.40052525384E-016  4.04017438128E-006 -1.35705971738E-001 -3.54583801922E-005
1 1 175   1.26223776224E-002 -4.75815675922E-016 -2.40235484500E-016  3.94860475692E-006 -1.35705903024E-001 -3.53258338773E-005
1 1 176   1.26373626374E-002 -4.74582395951E-016 -2.40333740322E-016  3.85703513257E-006 -1.35705834309E-001 -3.51932875625E-005
1 1 177   1.26523476524E-002 -4.72939152034E-016 -2.40415055485E-016  3.76546550821E-006 -1.35705765595E-001 -3.50607412477E-005
1 1 178   1.26673326674E-002 -4.71214592953E-016 -2.40584462075E-016  3.67389588386E-006 -1.35705696881E-001 -3.49281949328E-005
1 1 179   1.26823176824E-002 -4.69120727507E-016 -2.40936827781E-016  3.58232625951E-006 -1.35705628166E-001 -3.47956486180E-005
1 1 180   1.26973026973E-002 -4.66606733720E-016 -2.40787749982E-016  3.49075663516E-006 -1.35705559452E-001 -3.46631023032E-005
1 1 181   1.27122877123E-002 -4.64024977297E-016 -2.40977485362E-016  3.39918701081E-006 -1.35705490738E-001 -3.45305559884E-005
1 1 182   1.27272727273E-002 -4.61307695602E-016 -2.41167220742E-016  3.30761738646E-006 -1.35705422024E-001 -3.43980096735E-005
1 1 183   1.27422577423E-002 -4.58278705782E-016 -2.41262088432E-016  3.21604776212E-006 -1.35705353309E-001 -3.42654633587E-005
1 1 184   1.27572427573E-002 -4.54951560366E-016 -2.41343403595E-016  3.12447813777E-006 -1.35705284595E-001 -3.41329170439E-005
1 1 185   1.27722277723E-002 -4.51136523971E-016 -2.41614454138E-016  3.03290851343E-006 -1.35705215881E-001 -3.40003707291E-005
1 1 186   1.27872127873E-002 -4.47362145158E-016 -2.41655111720E-016  2.94133888908E-006 -1.35705147166E-001 -3.38678244142E-005
1 1 187   1.28021978022E-002 -4.43337044593E-016 -2.42007477426E-016  2.84976926474E-006 -1.35705078452E-001 -3.37352780994E-005
1 1 188   1.28171828172E-002 -4.38918920740E-016 -2.41993924899E-016  2.75819964040E-006 -1.35705009738E-001 -3.36027317846E-005
1 1 189   1.28321678322E-002 -4.34494020624E-016 -2.41980372372E-016  2.66663001606E-006 -1.35704941023E-001 -3.34701854698E-005
1 1 190   1.28471528472E-002 -4.29466033049E-016 -2.42197212806E-016  2.57506039172E-006 -1.35704872309E-001 -3.33376391549E-005
1 1 191   1.28621378622E-002 -4.24336401520E-016 -2.42441158295E-016  2.48349076739E-006 -1.35704803595E-001 -3.32050928401E-005
1 1 192   1.28771228772E-002 -4.19044139666E-016 -2.42603788621E-016  2.39192114305E-006 -1.35704734880E-001 -3.30725465253E-005
1 1 193   1.28921078922E-002 -4.13419840896E-016 -2.42834181582E-016  2.30035151871E-006 -1.35704666166E-001 -3.29400002105E-005
1 1 194   1.29070929072E-002 -4.07619359273E-016 -2.42725761365E-016  2.20878189438E-006 -1.35704597452E-001 -3.28074538957E-005
1 1 195   1.29220779221E-002 -4.01425854363E-016 -2.43051022017E-016  2.11721227005E-006 -1.35704528738E-001 -3.26749075808E-005
1 1 196   1.29370629371E-002 -3.95110376708E-016 -2.43267862451E-016  2.02564264572E-006 -1.35704460023E-001 -3.25423612660E-005
1 1 197   1.29520479521E-002 -3.88496743456E-016 -2.43159442234E-016  1.93407302139E-006 -1.35704391309E-001 -3.24098149512E-005
1 1 198   1.29670329671E-002 -3.81449429335E-016 -2.43511807940E-016  1.84250339706E-006 -1.35704322595E-001 -3.22772686364E-005
1 1 199   1.29820179821E-002 -3.74334352578E-016 -2.43593123103E-016  1.75093377273E-006 -1.35704253880E-001 -3.21447223216E-005
1 1 200   1.29970029971E-002 -3.67002435386E-016 -2.43674438266E-016  1.65936414840E-006 -1.35704185166E-001 -3.20121760068E-005
1 1 201   1.30119880121E-002 -3.59318152489E-016 -2.43918383755E-016  1.56779452408E-006 -1.35704116452E-001 -3.18796296919E-005
1 1 202   1.30269730270E-002 -3.51362819048E-016 -2.44135224189E-016  1.47622489975E-006 -1.35704047737E-001 -3.17470833771E-005
1 1 203   1.30419580420E-002 -3.43461695716E-016 -2.43945488809E-016  1.38465527543E-006 -1.35703979023E-001 -3.16145370623E-005
1 1 204   1.30569430570E-002 -3.34896498554E-016 -2.44433379787E-016  1.29308565111E-006 -1.35703910309E-001 -3.14819907475E-005
1 1 205   1.30719280720E-002 -3.26399064027E-016 -2.44460484841E-016  1.20151602679E-006 -1.35703841595E-001 -3.13494444327E-005
1 1 206   1.30869130870E-002 -3.17440843577E-016 -2.44487589895E-016  1.10994640247E-006 -1.35703772880E-001 -3.12168981179E-005
1 1 207   1.31018981020E-002 -3.08319992801E-016 -2.44758640439E-016  1.01837677815E-006 -1.35703704166E-001 -3.10843518030E-005
1 1 208   1.31168831170E-002 -2.99009406644E-016 -2.44839955602E-016  9.26807153834E-007 -1.35703635452E-001 -3.09518054882E-005
1 1 209   1.31318681320E-002 -2.89238034565E-016 -2.44975480873E-016  8.35237529518E-007 -1.35703566737E-001 -3.08192591734E-005
1 1 210   1.31468531469E-002 -2.79290479632E-016 -2.45246531416E-016  7.43667905203E-007 -1.35703498023E-001 -3.06867128586E-005
1 1 211   1.31618381619E-002 -2.75956557952E-016  2.01419691473E-015  6.65410587334E-007 -1.35702262309E-001 -3.04926260996E-005
1 1 212   1.31768231769E-002 -2.80374681805E-016  1.97138448144E-015  5.39533066511E-007 -1.35701241470E-001 -3.03879511498E-005
1 1 213   1.31918081919E-002 -2.84901225875E-016  1.92899217650E-015  4.13655545687E-007 -1.35700220632E-001 -3.02832762000E-005
1 1 214   1.32067932069E-002 -2.89373559836E-016  1.88667441045E-015  2.87778024861E-007 -1.35699199794E-001 -3.01786012502E-005
1 1 215   1.32217782219E-002 -2.93466423038E-016  1.84527143999E-015  1.61900504035E-007 -1.35698178956E-001 -3.00739263004E-005
1 1 216   1.32367632368E-002 -2.97965862053E-016  1.80402432359E-015  3.60229832063E-008 -1.35697158117E-001 -2.99692513506E-005
1 1 217   1.32517482518E-002 -3.02058725254E-016  1.76327865069E-015 -8.98545376235E-008 -1.35696137279E-001 -2.98645764009E-005
1 1 218   1.32667332668E-002 -3.06151588456E-016  1.72291922482E-015 -2.15732058455E-007 -1.35695116441E-001 -2.97599014511E-005
1 1 219   1.32817182818E-002 -3.10325766820E-016  1.68274275807E-015 -3.41609579287E-007 -1.35694095602E-001 -2.96552265013E-005
1 1 220   1.32967032968E-002 -3.14174684532E-016  1.64339299547E-015 -4.67487100121E-007 -1.35693074764E-001 -2.95505515515E-005
1 1 221   1.33116883118E-002 -3.18104917407E-016  1.60417198188E-015 -5.93364620957E-007 -1.35692053926E-001 -2.94458766017E-005
1 1 222   1.33266733268E-002 -3.21953835120E-016  1.56568280476E-015 -7.19242141794E-007 -1.35691033088E-001 -2.93412016520E-005
1 1 223   1.33416583417E-002 -3.25856962941E-016  1.52700389226E-015 -8.45119662632E-007 -1.35690012249E-001 -2.92365267022E-005
1 1 224   1.33566433567E-002 -3.29678775599E-016  1.48929737358E-015 -9.70997183472E-007 -1.35688991411E-001 -2.91318517524E-005
1 1 225   1.33716283717E-002 -3.33202432659E-016  1.45188562236E-015 -1.09687470431E-006 -1.35687970573E-001 -2.90271768026E-005
1 1 226   1.33866133867E-002 -3.36834509937E-016  1.41490077575E-015 -1.22275222516E-006 -1.35686949735E-001 -2.89225018528E-005
1 1 227   1.34015984017E-002 -3.40249746780E-016  1.37848174715E-015 -1.34862974600E-006 -1.35685928896E-001 -2.88178269031E-005
1 1 228   1.34165834167E-002 -3.43746298787E-016  1.34203900163E-015 -1.47450726684E-006 -1.35684908058E-001 -2.87131519533E-005
1 1 229   1.34315684316E-002 -3.47134430576E-016  1.30628743499E-015 -1.60038478769E-006 -1.35683887220E-001 -2.86084770035E-005
1 1 230   1.34465534466E-002 -3.50400589620E-016  1.27106780505E-015 -1.72626230854E-006 -1.35682866381E-001 -2.85038020537E-005
1 1 231   1.34615384616E-002 -3.53585433502E-016  1.23610228498E-015 -1.85213982939E-006 -1.35681845543E-001 -2.83991271040E-005
1 1 232   1.34765234766E-002 -3.56865145074E-016  1.20161787963E-015 -1.97801735024E-006 -1.35680824705E-001 -2.82944521542E-005
1 1 233   1.34915084916E-002 -3.60090646537E-016  1.16739097230E-015 -2.10389487109E-006 -1.35679803867E-001 -2.81897772044E-005
1 1 234   1.35064935066E-002 -3.63180622728E-016  1.13357402892E-015 -2.22977239195E-006 -1.35678783028E-001 -2.80851022546E-005
1 1 235   1.35214785215E-002 -3.66094416067E-016  1.10029918662E-015 -2.35564991280E-006 -1.35677762190E-001 -2.79804273048E-005
1 1 236   1.35364635365E-002 -3.69035314460E-016  1.06756983353E-015 -2.48152743366E-006 -1.35676741352E-001 -2.78757523551E-005
1 1 237   1.35514485515E-002 -3.71989765380E-016  1.03495228880E-015 -2.60740495452E-006 -1.35675720513E-001 -2.77710774053E-005
1 1 238   1.35664335665E-002 -3.74795138501E-016  1.00286498669E-015 -2.73328247538E-006 -1.35674699675E-001 -2.76664024555E-005
1 1 239   1.35814185815E-002 -3.77532748987E-016  9.71289292485E-016 -2.85915999624E-006 -1.35673678837E-001 -2.75617275057E-005
1 1 240   1.35964035965E-002 -3.80297464526E-016  9.40223512111E-016 -2.98503751710E-006 -1.35672657999E-001 -2.74570525559E-005
1 1 241   1.36113886114E-002 -3.83021522485E-016  9.09445722940E-016 -3.11091503797E-006 -1.35671637160E-001 -2.73523776062E-005
1 1 242   1.36263736264E-002 -3.85528740009E-016  8.78847504753E-016 -3.23679255883E-006 -1.35670616322E-001 -2.72477026564E-005
1 1 243   1.36413586414E-002 -3.87947866106E-016  8.48874396882E-016 -3.36267007970E-006 -1.35669595484E-001 -2.71430277066E-005
1 1 244   1.36563436564E-002 -3.90434754839E-016  8.19482353612E-016 -3.48854760057E-006 -1.35668574646E-001 -2.70383527568E-005
1 1 245   1.36713286714E-002 -3.92759013246E-016  7.90341032095E-016 -3.61442512144E-006 -1.35667553807E-001 -2.69336778071E-005
1 1 246   1.36863136864E-002 -3.95076495390E-016  7.61552076283E-016 -3.74030264231E-006 -1.35666532969E-001 -2.68290028573E-005
1 1 247   1.37012987014E-002 -3.97272004789E-016  7.33254399581E-016 -3.86618016318E-006 -1.35665512131E-001 -2.67243279075E-005
1 1 248   1.37162837163E-002 -3.99406527817E-016  7.05586068359E-016 -3.99205768405E-006 -1.35664491292E-001 -2.66196529577E-005
1 1 249   1.37312687313E-002 -4.01432630626E-016  6.78070203068E-016 -4.11793520493E-006 -1.35663470454E-001 -2.65149780079E-005
1 1 250   1.37462537463E-002 -4.03709455189E-016  6.50889762823E-016 -4.24381272581E-006 -1.35662449616E-001 -2.64103030582E-005
1 1 251   1.37612387613E-002 -4.05532270091E-016  6.24288693115E-016 -4.36969024669E-006 -1.35661428778E-001 -2.63056281084E-005
1 1 252   1.37762237763E-002 -4.07487222133E-016  5.97989167136E-016 -4.49556776756E-006 -1.35660407939E-001 -2.62009531586E-005
1 1 253   1.37912087913E-002 -4.09371023408E-016  5.72246141803E-016 -4.62144528845E-006 -1.35659387101E-001 -2.60962782088E-005
1 1 254   1.38061938062E-002 -4.11166733256E-016  5.46747061958E-016 -4.74732280933E-006 -1.35658366263E-001 -2.59916032591E-005
1 1 255   1.38211788212E-002 -4.12854022887E-016  5.21862928034E-016 -4.87320033021E-006 -1.35657345425E-001 -2.58869283093E-005
1 1 256   1.38361638362E-002 -4.14619239549E-016  4.97268902894E-016 -4.99907785110E-006 -1.35656324586E-001 -2.57822533595E-005
1 1 257   1.38511488512E-002 -4.16042254901E-016  4.73178438841E-016 -5.12495537199E-006 -1.35655303748E-001 -2.56775784097E-005
1 1 258   1.38661338662E-002 -4.17560137942E-016  4.49444999176E-016 -5.25083289287E-006 -1.35654282910E-001 -2.55729034600E-005
1 1 259   1.38811188812E-002 -4.19015340545E-016  4.26144393346E-016 -5.37671041376E-006 -1.35653262071E-001 -2.54682285102E-005
1 1 260   1.38961038961E-002 -4.20545082048E-016  4.03239987178E-016 -5.50258793465E-006 -1.35652241233E-001 -2.53635535604E-005
1 1 261   1.39110889111E-002 -4.21801231909E-016  3.80752109461E-016 -5.62846545555E-006 -1.35651220395E-001 -2.52588786106E-005
1 1 262   1.39260739261E-002 -4.23013336056E-016  3.58558363935E-016 -5.75434297644E-006 -1.35650199557E-001 -2.51542036608E-005
1 1 263   1.39410589411E-002 -4.24329625257E-016  3.37037797844E-016 -5.88022049734E-006 -1.35649178718E-001 -2.50495287111E-005
1 1 264   1.39560439561E-002 -4.25323194904E-016  3.15828622241E-016 -6.00609801823E-006 -1.35648157880E-001 -2.49448537613E-005
1 1 265   1.39710289711E-002 -4.26447525262E-016  2.95015328661E-016 -6.13197553913E-006 -1.35647137042E-001 -2.48401788115E-005
1 1 266   1.39860139861E-002  1.15849712636E-015  2.28807315976E-016 -4.51131171662E-006 -1.35644740065E-001 -2.65560916523E-005
1 1 267   1.40009990011E-002  1.18370482687E-015  1.85303703805E-016 -4.58839159235E-006 -1.35643543766E-001 -2.65282144579E-005
1 1 268   1.40159840161E-002  1.20874989705E-015  1.40817533415E-016 -4.66547146807E-006 -1.35642347466E-001 -2.65003372636E-005
1 1 269   1.40309690310E-002  1.23379496723E-015  9.49456171236E-017 -4.74255134379E-006 -1.35641151167E-001 -2.64724600692E-005
1 1 270   1.40459540460E-002  1.25908398291E-015  4.76811786668E-017 -4.81963121951E-006 -1.35639954868E-001 -2.64445828748E-005
1 1 271   1.40609390610E-002  1.28415615815E-015 -5.28548559087E-019 -4.89671109523E-006 -1.35638758569E-001 -2.64167056804E-005
1 1 272   1.40759240760E-002  1.30955359404E-015 -5.06051364008E-017 -4.97379097095E-006 -1.35637562270E-001 -2.63888284860E-005
1 1 273   1.40909090910E-002  1.33481550466E-015 -1.01840465314E-016 -5.05087084667E-006 -1.35636365971E-001 -2.63609512916E-005
1 1 274   1.41058941060E-002  1.36021294055E-015 -1.54607229796E-016 -5.12795072240E-006 -1.35635169672E-001 -2.63330740972E-005
1 1 275   1.41208791210E-002  1.38563748149E-015 -2.08634379304E-016 -5.20503059812E-006 -1.35633973373E-001 -2.63051969028E-005
1 1 276   1.41358641359E-002 -3.48284277801E-016  8.69397793435E-017 -5.60928757889E-006 -1.35632212237E-001 -2.42833984743E-005
1 1 277   1.41508491509E-002 -3.61805041222E-016  8.32970082748E-017 -5.44488852198E-006 -1.35630924621E-001 -2.41522087254E-005
1 1 278   1.41658341659E-002 -3.72467491962E-016  7.95901803393E-017 -5.28048946507E-006 -1.35629637004E-001 -2.40210189766E-005
1 1 279   1.41808191808E-002 -3.80554962542E-016  7.57687911978E-017 -5.11609040816E-006 -1.35628349388E-001 -2.38898292277E-005
1 1 280   1.41958041958E-002 -3.85603278908E-016  7.18758277722E-017 -4.95169135126E-006 -1.35627061772E-001 -2.37586394789E-005
1 1 281   1.42107892108E-002 -3.88225692913E-016  6.79921817090E-017 -4.78729229435E-006 -1.35625774156E-001 -2.36274497300E-005
1 1 282   1.42257742258E-002 -3.88096943905E-016  6.39120240021E-017 -4.62289323745E-006 -1.35624486539E-001 -2.34962599812E-005
1 1 283   1.42407592408E-002 -3.85433872319E-016  5.97319164074E-017 -4.45849418055E-006 -1.35623198923E-001 -2.33650702323E-005
1 1 284   1.42557442558E-002 -3.79850231130E-016  5.55450325491E-017 -4.29409512365E-006 -1.35621911307E-001 -2.32338804835E-005
1 1 285   1.42707292707E-002 -3.71623847147E-016  5.13200322082E-017 -4.12969606675E-006 -1.35620623690E-001 -2.31026907346E-005
1 1 286   1.42857142857E-002 -3.60822483003E-016  4.70001641772E-017 -3.96529700985E-006 -1.35619336074E-001 -2.29715009858E-005
1 1 287   1.43006993007E-002 -3.47242850793E-016  4.24380447233E-017 -3.80089795296E-006 -1.35618048458E-001 -2.28403112369E-005
1 1 288   1.43156843157E-002 -3.30925608097E-016  3.79115006532E-017 -3.63649889606E-006 -1.35616760842E-001 -2.27091214881E-005
1 1 289   1.43306693307E-002 -3.11979175133E-016  3.33154998814E-017 -3.47209983917E-006 -1.35615473225E-001 -2.25779317393E-005
1 1 290   1.43456543457E-002 -2.90281579156E-016  2.86059966947E-017 -3.30770078228E-006 -1.35614185609E-001 -2.24467419904E-005
1 1 291   1.43606393606E-002 -2.65900582802E-016  2.37880732907E-017 -3.14330172539E-006 -1.35612897993E-001 -2.23155522416E-005
1 1 292   1.43756243756E-002 -2.38971711343E-016  1.89532092278E-017 -2.97890266850E-006 -1.35611610376E-001 -2.21843624927E-005
1 1 293   1.43906093906E-002 -2.09386544561E-016  1.39303038505E-017 -2.81450361161E-006 -1.35610322760E-001 -2.20531727439E-005
1 1 294   1.44055944056E-002 -1.76901136968E-016  8.94127979122E-018 -2.65010455472E-006 -1.35609035144E-001 -2.19219829950E-005
1 1 295   1.44205794206E-002 -1.41745881525E-016  3.82181265801E-018 -2.48570549784E-006 -1.35607747527E-001 -2.17907932462E-005
1 1 296   1.44355644356E-002 -1.04096961086E-016 -1.44503820802E-018 -2.32130644095E-006 -1.35606459911E-001 -2.16596034974E-005
1 1 297   1.44505494506E-002 -6.35477998348E-017 -6.76609918267E-018 -2.15690738407E-006 -1.35605172295E-001 -2.15284137485E-005
1 1 298   1.44655344655E-002 -2.03694483156E-017 -1.20736076302E-017 -1.99250832719E-006 -1.35603884679E-001 -2.13972239997E-005
1 1 299   1.44805194805E-002  2.54109884176E-017 -1.75183354151E-017 -1.82810927031E-006 -1.35602597062E-001 -2.12660342508E-005
1 1 300   1.44955044955E-002  7.40916659622E-017 -2.30782596809E-017 -1.66371021343E-006 -1.35601309446E-001 -2.11348445020E-005
1 1 301   1.45104895105E-002  1.25333771139E-016 -2.86788415281E-017 -1.49931115655E-006 -1.35600021830E-001 -2.10036547532E-005
1 1 302   1.45254745255E-002  1.79150856476E-016 -3.43844554608E-017 -1.33491209968E-006 -1.35598734213E-001 -2.08724650043E-005
1 1 303   1.45404595405E-002  2.35881735151E-016 -4.01781608201E-017 -1.17051304280E-006 -1.35597446597E-001 -2.07412752555E-005
1 1 304   1.45554445554E-002  2.95119831351E-016 -4.60336995844E-017 -1.00611398593E-006 -1.35596158981E-001 -2.06100855067E-005
1 1 305   1.45704295704E-002  3.57217510780E-016 -5.20095170273E-017 -8.41714929057E-007 -1.35594871364E-001 -2.04788957578E-005
1 1 306   1.45854145854E-002  4.21849512787E-016 -5.80327683152E-017 -6.77315872186E-007 -1.35593583748E-001 -2.03477060090E-005
1 1 307   1.46003996004E-002  4.89246230334E-016 -6.41779923476E-017 -5.12916815316E-007 -1.35592296132E-001 -2.02165162602E-005
1 1 308   1.46153846154E-002  5.59509307375E-016 -7.03410040718E-017 -3.48517758448E-007 -1.35591008516E-001 -2.00853265113E-005
1 1 309   1.46303696304E-002  6.32001775133E-016 -7.65116390925E-017 -1.84118701581E-007 -1.35589720899E-001 -1.99541367625E-005
1 1 310   1.46453546454E-002  7.07638429191E-016 -8.30316752040E-017 -1.97196447152E-008 -1.35588433283E-001 -1.98229470137E-005
1 1 311   1.46603396603E-002  7.85826346486E-016 -8.95152888988E-017  1.44679412149E-007 -1.35587145667E-001 -1.96917572648E-005
1 1 312   1.46753246753E-002  8.66653618444E-016 -9.59419396278E-017  3.09078469012E-007 -1.35585858050E-001 -1.95605675160E-005
1 1 313   1.46903096903E-002  9.50167678912E-016 -1.02645834828E-016  4.73477525874E-007 -1.35584570434E-001 -1.94293777672E-005
1 1 314   1.47052947053E-002  3.51203404801E-015 -1.04347682838E-016 -2.48017806560E-007 -1.35586763429E-001 -2.09304796223E-005
1 1 315   1.47202797203E-002  3.56264826354E-015 -1.01750679822E-016 -1.82599504186E-007 -1.35584807815E-001 -2.08609368426E-005
1 1 316   1.47352647353E-002  3.61339811023E-015 -9.85539774789E-017 -1.17181201809E-007 -1.35582852201E-001 -2.07913940629E-005
1 1 317   1.47502497503E-002  3.66469011094E-015 -9.42679907658E-017 -5.17628994286E-008 -1.35580896587E-001 -2.07218512832E-005
1 1 318   1.47652347652E-002  3.71647055849E-015 -8.97482229593E-017  1.36554029545E-008 -1.35578940973E-001 -2.06523085035E-005
1 1 319   1.47802197802E-002  3.76871200373E-015 -8.45000068181E-017  7.90737053406E-008 -1.35576985359E-001 -2.05827657238E-005
1 1 320   1.47952047952E-002  3.82157734167E-015 -7.87537353039E-017  1.44492007730E-007 -1.35575029745E-001 -2.05132229441E-005
1 1 321   1.48101898102E-002  3.87471717123E-015 -7.21604308425E-017  2.09910310122E-007 -1.35573074131E-001 -2.04436801643E-005
1 1 322   1.48251748252E-002  3.92843864772E-015 -6.51808793571E-017  2.75328612517E-007 -1.35571118517E-001 -2.03741373846E-005
1 1 323   1.48401598402E-002  3.98234461858E-015 -5.73949525060E-017  3.40746914915E-007 -1.35569162903E-001 -2.03045946049E-005
1 1 324   1.48551448552E-002  4.03685113579E-015 -4.90194907235E-017  4.06165217316E-007 -1.35567207289E-001 -2.02350518252E-005
1 1 325   1.48701298701E-002  4.09164061495E-015 -4.01290329091E-017  4.71583519720E-007 -1.35565251675E-001 -2.01655090455E-005
1 1 326   1.48851148851E-002  4.14698595948E-015 -3.04525285197E-017  5.37001822127E-007 -1.35563296061E-001 -2.00959662658E-005
1 1 327   1.49000999001E-002  4.20314498504E-015 -2.03084619434E-017  6.02420124537E-007 -1.35561340447E-001 -2.00264234861E-005
1 1 328   1.49150849151E-002  4.25924969461E-015 -9.37834879200E-018  6.67838426949E-007 -1.35559384833E-001 -1.99568807064E-005
1 1 329   1.49300699301E-002  4.31608634652E-015  2.24294324433E-018  7.33256729365E-007 -1.35557429219E-001 -1.98873379267E-005
1 1 330   1.49450549451E-002  4.37303544206E-015  1.44131126305E-017  7.98675031784E-007 -1.35555473605E-001 -1.98177951469E-005
1 1 331   1.49600399600E-002  4.43080473019E-015  2.71389356300E-017  8.64093334206E-007 -1.35553517991E-001 -1.97482523672E-005
1 1 332   1.49750249750E-002  4.48899271730E-015  4.04881748788E-017  9.29511636631E-007 -1.35551562377E-001 -1.96787095875E-005
1 1 333   1.49900099900E-002  4.54717943385E-015  5.47420453152E-017  9.94929939059E-007 -1.35549606763E-001 -1.96091668078E-005
1 1 334   1.50049950050E-002  4.60607559343E-015  6.94871948610E-017  1.06034824149E-006 -1.35547651149E-001 -1.95396240281E-005
1 1 335   1.50199800200E-002  4.66564035318E-015  8.46389202214E-017  1.12576654392E-006 -1.35545695535E-001 -1.94700812484E-005
1 1 336   1.50349650350E-002  4.72524407645E-015  1.00656313254E-016  1.19118484636E-006 -1.35543739921E-001 -1.94005384687E-005
1 1 337   1.50499500500E-002  4.78593774583E-015  1.17152279902E-016  1.25660314880E-006 -1.35541784307E-001 -1.93309956890E-005
1 1 338   1.50649350650E-002  8.37259775230E-016  1.10763915062E-015  1.09793358861E-006 -1.35543876213E-001 -1.84489759740E-005
1 1 339   1.50799200800E-002  8.22659997714E-016  1.07928514623E-015  1.13128726999E-006 -1.35541854907E-001 -1.83993650938E-005
1 1 340   1.50949050950E-002  8.08259167061E-016  1.05133136490E-015  1.16464095136E-006 -1.35539833600E-001 -1.83497542137E-005
1 1 341   1.51098901100E-002  7.93810479047E-016  1.02409163235E-015  1.19799463272E-006 -1.35537812293E-001 -1.83001433335E-005
1 1 342   1.51248751250E-002  7.79581172566E-016  9.97294898031E-016  1.23134831409E-006 -1.35535790986E-001 -1.82505324533E-005
1 1 343   1.51398601400E-002  7.65624610694E-016  9.71465475338E-016  1.26470199545E-006 -1.35533769680E-001 -1.82009215731E-005
1 1 344   1.51548451549E-002  7.51866254531E-016  9.46379747572E-016  1.29805567682E-006 -1.35531748373E-001 -1.81513106929E-005
1 1 345   1.51698301699E-002  7.38386572209E-016  9.21812403970E-016  1.33140935818E-006 -1.35529727066E-001 -1.81016998127E-005
1 1 346   1.51848151849E-002  7.24887408128E-016  8.97858312221E-016  1.36476303954E-006 -1.35527705759E-001 -1.80520889326E-005
1 1 347   1.51998001999E-002  7.11607625581E-016  8.74575070567E-016  1.39811672089E-006 -1.35525684453E-001 -1.80024780524E-005
1 1 348   1.52147852149E-002  6.98583646984E-016  8.51955902744E-016  1.43147040225E-006 -1.35523663146E-001 -1.79528671722E-005
1 1 349   1.52297702299E-002  6.85622348826E-016  8.29960151169E-016  1.46482408360E-006 -1.35521641839E-001 -1.79032562920E-005
1 1 350   1.52447552448E-002  6.72827069124E-016  8.08747058038E-016  1.49817776495E-006 -1.35519620533E-001 -1.78536454118E-005
1 1 351   1.52597402598E-002  6.60365520404E-016  7.87994750831E-016  1.53153144630E-006 -1.35517599226E-001 -1.78040345316E-005
1 1 352   1.52747252748E-002  6.47937853002E-016  7.68109805361E-016  1.56488512765E-006 -1.35515577919E-001 -1.77544236515E-005
1 1 353   1.52897102898E-002  6.35811729329E-016  7.48756796582E-016  1.59823880900E-006 -1.35513556612E-001 -1.77048127713E-005
1 1 354   1.53046953048E-002  6.23790637742E-016  7.30122071742E-016  1.63159249034E-006 -1.35511535306E-001 -1.76552018911E-005
1 1 355   1.53196803197E-002  6.11949117139E-016  7.12239512160E-016  1.66494617169E-006 -1.35509513999E-001 -1.76055910109E-005
1 1 356   1.53346653347E-002  6.00402364002E-016  6.94912606191E-016  1.69829985303E-006 -1.35507492692E-001 -1.75559801307E-005
1 1 357   1.53496503497E-002  5.88965725148E-016  6.78229445262E-016  1.73165353437E-006 -1.35505471385E-001 -1.75063692506E-005
1 1 358   1.53646353647E-002  5.77605319260E-016  6.62312002117E-016  1.76500721570E-006 -1.35503450079E-001 -1.74567583704E-005
1 1 359   1.53796203797E-002  5.66519352046E-016  6.47058632803E-016  1.79836089704E-006 -1.35501428772E-001 -1.74071474902E-005
1 1 360   1.53946053947E-002  5.55535028786E-016  6.32245720621E-016  1.83171457837E-006 -1.35499407465E-001 -1.73575366100E-005
1 1 361   1.54095904096E-002  5.44862413651E-016  6.18320498968E-016  1.86506825971E-006 -1.35497386159E-001 -1.73079257298E-005
1 1 362   1.54245754246E-002  5.34291442469E-016  6.05167771364E-016  1.89842194104E-006 -1.35495364852E-001 -1.72583148497E-005
1 1 363   1.54395604396E-002  5.23930535458E-016  5.92353856937E-016  1.93177562237E-006 -1.35493343545E-001 -1.72087039695E-005
1 1 364   1.54545454546E-002  5.13749199432E-016  5.80434409304E-016  1.96512930369E-006 -1.35491322238E-001 -1.71590930893E-005
1 1 365   1.54695304696E-002  5.03710164941E-016  5.68989300120E-016  1.99848298502E-006 -1.35489300932E-001 -1.71094822091E-005
1 1 366   1.54845154846E-002  4.93887970885E-016  5.58431881466E-016  2.03183666634E-006 -1.35487279625E-001 -1.70598713289E-005
1 1 367   1.54995004995E-002  4.84252124077E-016  5.48477550270E-016  2.06519034766E-006 -1.35485258318E-001 -1.70102604488E-005
1 1 368   1.55144855145E-002  4.74745026277E-016  5.39099201478E-016  2.09854402898E-006 -1.35483237011E-001 -1.69606495686E-005
1 1 369   1.55294705295E-002  4.65424275726E-016  5.30391702780E-016  2.13189771030E-006 -1.35481215705E-001 -1.69110386884E-005
1 1 370   1.55444555445E-002  4.56279708027E-016  5.22334725386E-016  2.16525139162E-006 -1.35479194398E-001 -1.68614278082E-005
1 1 371   1.55594405595E-002  4.47382473949E-016  5.15165438520E-016  2.19860507293E-006 -1.35477173091E-001 -1.68118169281E-005
1 1 372   1.55744255745E-002  4.38681751515E-016  5.08402727469E-016  2.23195875425E-006 -1.35475151785E-001 -1.67622060479E-005
1 1 373   1.55894105894E-002  4.29981029081E-016  5.02344747830E-016  2.26531243556E-006 -1.35473130478E-001 -1.67125951677E-005
1 1 374   1.56043956044E-002  4.21729234108E-016  4.97174458720E-016  2.29866611687E-006 -1.35471109171E-001 -1.66629842875E-005
1 1 375   1.56193806194E-002  4.13357160458E-016  4.92187128727E-016  2.33201979817E-006 -1.35469087864E-001 -1.66133734073E-005
1 1 376   1.56343656344E-002  4.05345922843E-016  4.88304329697E-016  2.36537347948E-006 -1.35467066558E-001 -1.65637625272E-005
1 1 377   1.56493506494E-002  3.97514256212E-016  4.84922974171E-016  2.39872716078E-006 -1.35465045251E-001 -1.65141516470E-005
1 1 378   1.56643356644E-002  3.89843525842E-016  4.82226021267E-016  2.43208084208E-006 -1.35463023944E-001 -1.64645407668E-005
1 1 379   1.56793206793E-002  3.82289686018E-016  4.80091498240E-016  2.46543452338E-006 -1.35461002637E-001 -1.64149298867E-005
1 1 380   1.56943056943E-002  3.75072965308E-016  4.78851442005E-016  2.49878820468E-006 -1.35458981331E-001 -1.63653190065E-005
1 1 381   1.57092907093E-002  3.67959582617E-016  4.77997632795E-016  2.53214188598E-006 -1.35456960024E-001 -1.63157081263E-005
1 1 382   1.57242757243E-002  3.60985113329E-016  4.78146710593E-016  2.56549556728E-006 -1.35454938717E-001 -1.62660972461E-005
1 1 383   1.57392607393E-002  3.54091959204E-016  4.78607496517E-016  2.59884924857E-006 -1.35452917411E-001 -1.62164863660E-005
1 1 384   1.57542457543E-002  3.47537618258E-016  4.79874657806E-016  2.63220292986E-006 -1.35450896104E-001 -1.61668754858E-005
1 1 385   1.57692307692E-002  3.41118802584E-016  4.81866879298E-016  2.66555661115E-006 -1.35448874797E-001 -1.61172646056E-005
1 1 386   1.57842157842E-002  3.34876169763E-016  4.84543503411E-016  2.69891029244E-006 -1.35446853490E-001 -1.60676537254E-005
1 1 387   1.57992007992E-002  3.28804637597E-016  4.87721571029E-016  2.73226397372E-006 -1.35444832184E-001 -1.60180428453E-005
1 1 388   1.58141858142E-002  3.22888112460E-016  4.91570488741E-016  2.76561765501E-006 -1.35442810877E-001 -1.59684319651E-005
1 1 389   1.58291708292E-002  3.17202827318E-016  4.96276603796E-016  2.79897133629E-006 -1.35440789570E-001 -1.59188210849E-005
1 1 390   1.58441558442E-002  3.11656455580E-016  5.01318143898E-016  2.83232501757E-006 -1.35438768263E-001 -1.58692102048E-005
1 1 391   1.58591408592E-002  3.06343864935E-016  5.07352406615E-016  2.86567869885E-006 -1.35436746957E-001 -1.58195993246E-005
1 1 392   1.58741258741E-002  3.01092684178E-016  5.13946558109E-016  2.89903238013E-006 -1.35434725650E-001 -1.57699884444E-005
1 1 393   1.58891108891E-002  2.96159140777E-016  5.21242899917E-016  2.93238606140E-006 -1.35432704343E-001 -1.57203775642E-005
1 1 394   1.59040959041E-002 -1.37889764033E-015  1.73507584168E-015  1.92750939115E-006 -1.35430544235E-001 -1.44344246174E-005
1 1 395   1.59190809191E-002 -1.37320642596E-015  1.76790006245E-015  1.83248210224E-006 -1.35428555280E-001 -1.43444688710E-005
1 1 396   1.59340659341E-002 -1.36768123004E-015  1.80126638431E-015  1.73745481334E-006 -1.35426566325E-001 -1.42545131246E-005
1 1 397   1.59490509491E-002 -1.36265324247E-015  1.83520191231E-015  1.64242752443E-006 -1.35424577370E-001 -1.41645573782E-005
1 1 398   1.59640359640E-002 -1.35705350765E-015  1.86932717569E-015  1.54740023552E-006 -1.35422588415E-001 -1.40746016318E-005
1 1 399   1.59790209790E-002 -1.35174684624E-015  1.90396743510E-015  1.45237294661E-006 -1.35420599460E-001 -1.39846458854E-005
1 1 400   1.59940059940E-002 -1.34579898088E-015  1.93866190462E-015  1.35734565771E-006 -1.35418610505E-001 -1.38946901390E-005
1 1 401   1.60089910090E-002 -1.33992565443E-015  1.97384426512E-015  1.26231836880E-006 -1.35416621550E-001 -1.38047343927E-005
1 1 402   1.60239760240E-002 -1.33411670247E-015  2.00924346605E-015  1.16729107989E-006 -1.35414632595E-001 -1.37147786463E-005
1 1 403   1.60389610390E-002 -1.32782832987E-015  2.04504924280E-015  1.07226379099E-006 -1.35412643640E-001 -1.36248228999E-005
1 1 404   1.60539460539E-002 -1.32257841967E-015  2.08153264590E-015  9.77236502080E-007 -1.35410654685E-001 -1.35348671535E-005
1 1 405   1.60689310689E-002 -1.31672881013E-015  2.11798894395E-015  8.82209213173E-007 -1.35408665730E-001 -1.34449114071E-005
1 1 406   1.60839160839E-002 -1.30997795754E-015  2.15487892287E-015  7.87181924267E-007 -1.35406676775E-001 -1.33549556608E-005
1 1 407   1.60989010989E-002 -1.30407922010E-015  2.19209416244E-015  6.92154635361E-007 -1.35404687820E-001 -1.32649999144E-005
1 1 408   1.61138861139E-002 -1.29712423257E-015  2.22939071717E-015  5.97127346455E-007 -1.35402698865E-001 -1.31750441680E-005
1 1 409   1.61288711289E-002 -1.29101712502E-015  2.26747331848E-015  5.02100057549E-007 -1.35400709910E-001 -1.30850884216E-005
1 1 410   1.61438561439E-002 -1.28450598275E-015  2.30607091582E-015  4.07072768643E-007 -1.35398720955E-001 -1.29951326752E-005
1 1 411   1.61588411588E-002 -1.27786693851E-015  2.34428904240E-015  3.12045479737E-007 -1.35396732000E-001 -1.29051769288E-005
1 1 412   1.61738261738E-002 -1.27156162525E-015  2.38337453072E-015  2.17018190832E-007 -1.35394743044E-001 -1.28152211825E-005
1 1 413   1.61888111888E-002 -1.26469472915E-015  2.42300212012E-015  1.21990901926E-007 -1.35392754089E-001 -1.27252654361E-005
1 1 414   1.62037962038E-002 -1.25798538117E-015  2.46235865899E-015  2.69636130207E-008 -1.35390765134E-001 -1.26353096897E-005
1 1 415   1.62187812188E-002 -1.25102277035E-015  2.50260966464E-015 -6.80636758845E-008 -1.35388776179E-001 -1.25453539433E-005
1 1 416   1.62337662338E-002 -1.24382214326E-015  2.54283356524E-015 -1.63090964790E-007 -1.35386787224E-001 -1.24553981970E-005
1 1 417   1.62487512488E-002 -1.25124299891E-015  2.52715413835E-015 -2.53184737346E-007 -1.35384615830E-001 -1.34571165737E-005
1 1 418   1.62637362637E-002 -1.26749586711E-015  2.47275005918E-015 -2.89420269502E-007 -1.35382204946E-001 -1.33893392305E-005
1 1 419   1.62787212787E-002 -1.28346159113E-015  2.41832649826E-015 -3.25655801660E-007 -1.35379794061E-001 -1.33215618872E-005
1 1 420   1.62937062937E-002 -1.29976697536E-015  2.36409606084E-015 -3.61891333821E-007 -1.35377383177E-001 -1.32537845440E-005
1 1 421   1.63086913087E-002 -1.31541506203E-015  2.31010956891E-015 -3.98126865984E-007 -1.35374972293E-001 -1.31860072007E-005
1 1 422   1.63236763237E-002 -1.33161372011E-015  2.25626537852E-015 -4.34362398150E-007 -1.35372561409E-001 -1.31182298575E-005
1 1 423   1.63386613387E-002 -1.34712458745E-015  2.20236697802E-015 -4.70597930317E-007 -1.35370150525E-001 -1.30504525142E-005
1 1 424   1.63536463536E-002 -1.36300814927E-015  2.14897002103E-015 -5.06833462487E-007 -1.35367739641E-001 -1.29826751710E-005
1 1 425   1.63686313686E-002 -1.37842753704E-015  2.09557306403E-015 -5.43068994659E-007 -1.35365328756E-001 -1.29148978278E-005
1 1 426   1.63836163836E-002 -1.39384692482E-015  2.04205413429E-015 -5.79304526833E-007 -1.35362917872E-001 -1.28471204845E-005
1 1 427   1.63986013986E-002 -1.40872421150E-015  1.98887401773E-015 -6.15540059010E-007 -1.35360506988E-001 -1.27793431413E-005
1 1 428   1.64135864136E-002 -1.42388948939E-015  1.93573455876E-015 -6.51775591189E-007 -1.35358096104E-001 -1.27115657980E-005
1 1 429   1.64285714286E-002 -1.43917674002E-015  1.88298812306E-015 -6.88011123370E-007 -1.35355685220E-001 -1.26437884548E-005
1 1 430   1.64435564436E-002 -1.45382024561E-015  1.83011971463E-015 -7.24246655553E-007 -1.35353274336E-001 -1.25760111115E-005
1 1 431   1.64585414585E-002 -1.46834855472E-015  1.77752235674E-015 -7.60482187739E-007 -1.35350863452E-001 -1.25082337683E-005
1 1 432   1.64735264735E-002 -1.48323600581E-015  1.72507407664E-015 -7.96717719926E-007 -1.35348452567E-001 -1.24404564250E-005
1 1 433   1.64885114885E-002 -1.49766267096E-015  1.67274776929E-015 -8.32953252116E-007 -1.35346041683E-001 -1.23726790818E-005
1 1 434   1.65034965035E-002 -1.51175729921E-015  1.62023172656E-015 -8.69188784309E-007 -1.35343630799E-001 -1.23049017385E-005
1 1 435   1.65184815185E-002 -1.52591969008E-015  1.56827133745E-015 -9.05424316503E-007 -1.35341219915E-001 -1.22371243953E-005
1 1 436   1.65334665335E-002 -1.54042767040E-015  1.51650068371E-015 -9.41659848700E-007 -1.35338809031E-001 -1.21693470520E-005
1 1 437   1.65484515484E-002 -1.55398019756E-015  1.46462160976E-015 -9.77895380899E-007 -1.35336398147E-001 -1.21015697088E-005
1 1 438   1.65634365634E-002 -1.56789864295E-015  1.41279674591E-015 -1.01413091310E-006 -1.35333987262E-001 -1.20337923655E-005
1 1 439   1.65784215784E-002 -1.58197294240E-015  1.36140556294E-015 -1.05036644530E-006 -1.35331576378E-001 -1.19660150223E-005
1 1 440   1.65934065934E-002 -1.59484784320E-015  1.30979753953E-015 -1.08660197751E-006 -1.35329165494E-001 -1.18982376790E-005
1 1 441   1.66083916084E-002 -1.60865786837E-015  1.25900266774E-015 -1.12283750972E-006 -1.35326754610E-001 -1.18304603357E-005
1 1 442   1.66233766234E-002 -1.62211552784E-015  1.20769279993E-015 -1.15907304193E-006 -1.35324343726E-001 -1.17626829925E-005
1 1 443   1.66383616383E-002 -1.63523437412E-015  1.15670819277E-015 -1.19530857414E-006 -1.35321932842E-001 -1.16949056492E-005
1 1 444   1.66533466533E-002 -1.64828545778E-015  1.10575069066E-015 -1.23154410636E-006 -1.35319521957E-001 -1.16271283060E-005
1 1 445   1.66683316683E-002 -1.66082154539E-015  1.05506423910E-015 -1.26777963857E-006 -1.35317111073E-001 -1.15593509627E-005
1 1 446   1.66833166833E-002 -1.67410302201E-015  1.00448620775E-015 -1.30401517079E-006 -1.35314700189E-001 -1.14915736195E-005
1 1 447   1.66983016983E-002 -1.68659845205E-015  9.54125016842E-016 -1.34025070301E-006 -1.35312289305E-001 -1.14237962762E-005
1 1 448   1.67132867133E-002 -1.69955466801E-015  9.03980666364E-016 -1.37648623524E-006 -1.35309878421E-001 -1.13560189330E-005
1 1 449   1.67282717282E-002 -1.71172483739E-015  8.53727895669E-016 -1.41272176746E-006 -1.35307467537E-001 -1.12882415897E-005
1 1 450   1.67432567432E-002 -1.72397632194E-015  8.03773280572E-016 -1.44895729969E-006 -1.35305056653E-001 -1.12204642465E-005
1 1 451   1.67582417582E-002 -1.73609228122E-015  7.53710245258E-016 -1.48519283192E-006 -1.35302645768E-001 -1.11526869032E-005
1 1 452   1.67732267732E-002 -1.74828955566E-015  7.04107995866E-016 -1.52142836415E-006 -1.35300234884E-001 -1.10849095599E-005
1 1 453   1.67882117882E-002 -1.76032419977E-015  6.54803902073E-016 -1.55766389639E-006 -1.35297824000E-001 -1.10171322167E-005
1 1 454   1.68031968032E-002 -1.77199292566E-015  6.05093232464E-016 -1.59389942863E-006 -1.35295413116E-001 -1.09493548734E-005
1 1 455   1.68181818181E-002 -1.78343125858E-015  5.55626508345E-016 -1.63013496087E-006 -1.35293002232E-001 -1.08815775302E-005
1 1 456   1.68331668331E-002 -1.79514064204E-015  5.06728990365E-016 -1.66637049311E-006 -1.35290591348E-001 -1.08138001869E-005
1 1 457   1.68481518481E-002 -1.80706686594E-015  4.57831472386E-016 -1.70260602535E-006 -1.35288180463E-001 -1.07460228436E-005
1 1 458   1.68631368631E-002 -1.81792244019E-015  4.08635798810E-016 -1.73884155760E-006 -1.35285769579E-001 -1.06782455004E-005
1 1 459   1.68781218781E-002 -1.82942853574E-015  3.60226171808E-016 -1.77507708985E-006 -1.35283358695E-001 -1.06104681571E-005
1 1 460   1.68931068931E-002 -1.84032476758E-015  3.11301548775E-016 -1.81131262210E-006 -1.35280947811E-001 -1.05426908139E-005
1 1 461   1.69080919080E-002 -1.85132941963E-015  2.63000341991E-016 -1.84754815435E-006 -1.35278536927E-001 -1.04749134706E-005
1 1 462   1.69230769230E-002 -1.86223920399E-015  2.14780450369E-016 -1.88378368661E-006 -1.35276126043E-001 -1.04071361273E-005
1 1 463   1.69380619380E-002 -1.87262043979E-015  1.66479243585E-016 -1.92001921886E-006 -1.35273715158E-001 -1.03393587841E-005
1 1 464   1.69530469530E-002 -1.88336759382E-015  1.18449087344E-016 -1.95625475112E-006 -1.35271304274E-001 -1.02715814408E-005
1 1 465   1.69680319680E-002 -1.89465684895E-015  7.09881372435E-017 -1.99249028339E-006 -1.35268893390E-001 -1.02038040976E-005
1 1 466   1.69830169830E-002 -7.38088628370E-017  1.24790346564E-016 -9.91534352459E-007 -1.35266872597E-001 -1.07692737440E-005
1 1 467   1.69980019979E-002 -7.36808549828E-017  1.20452108506E-016 -9.58004449617E-007 -1.35264479717E-001 -1.07053156041E-005
1 1 468   1.70129870129E-002 -7.32234571913E-017  1.16680906067E-016 -9.24474546771E-007 -1.35262086837E-001 -1.06413574643E-005
1 1 469   1.70279720279E-002 -7.27008378628E-017  1.12817588794E-016 -8.90944643920E-007 -1.35259693957E-001 -1.05773993244E-005
1 1 470   1.70429570429E-002 -7.20113530438E-017  1.08958083170E-016 -8.57414741064E-007 -1.35257301076E-001 -1.05134411845E-005
1 1 471   1.70579420579E-002 -7.13997952559E-017  1.05039708756E-016 -8.23884838204E-007 -1.35254908196E-001 -1.04494830447E-005
1 1 472   1.70729270729E-002 -7.01427983621E-017  1.02036129925E-016 -7.90354935338E-007 -1.35252515316E-001 -1.03855249048E-005
1 1 473   1.70879120878E-002 -6.89586463019E-017  9.87538772545E-017 -7.56825032468E-007 -1.35250122436E-001 -1.03215667649E-005
1 1 474   1.71028971028E-002 -6.76576036949E-017  9.56605129311E-017 -7.23295129594E-007 -1.35247729556E-001 -1.02576086250E-005
1 1 475   1.71178821178E-002 -6.62786340568E-017  9.22656048785E-017 -6.89765226714E-007 -1.35245336675E-001 -1.01936504852E-005
1 1 476   1.71328671328E-002 -6.42762481694E-017  9.01581869057E-017 -6.56235323830E-007 -1.35242943795E-001 -1.01296923453E-005
1 1 477   1.71478521478E-002 -6.25754060114E-017  8.72799689510E-017 -6.22705420940E-007 -1.35240550915E-001 -1.00657342054E-005
1 1 478   1.71628371628E-002 -6.05120337518E-017  8.48693131831E-017 -5.89175518046E-007 -1.35238158035E-001 -1.00017760656E-005
1 1 479   1.71778221777E-002 -5.84656021513E-017  8.22401229148E-017 -5.55645615148E-007 -1.35235765155E-001 -9.93781792568E-006
1 1 480   1.71928071927E-002 -5.61413437440E-017  8.00175084612E-017 -5.22115712244E-007 -1.35233372274E-001 -9.87385978581E-006
1 1 481   1.72077922077E-002 -5.36409024837E-017  7.79947937832E-017 -4.88585809336E-007 -1.35230979394E-001 -9.80990164594E-006
1 1 482   1.72227772227E-002 -5.10049359519E-017  7.60330654773E-017 -4.55055906423E-007 -1.35228586514E-001 -9.74594350606E-006
1 1 483   1.72377622377E-002 -4.81046951405E-017  7.44982417769E-017 -4.21526003505E-007 -1.35226193634E-001 -9.68198536619E-006
1 1 484   1.72527472526E-002 -4.51163629026E-017  7.27499657738E-017 -3.87996100583E-007 -1.35223800754E-001 -9.61802722632E-006
1 1 485   1.72677322676E-002 -4.22161220912E-017  7.09169864759E-017 -3.54466197655E-007 -1.35221407873E-001 -9.55406908644E-006
1 1 486   1.72827172826E-002 -3.88686478836E-017  6.97243640862E-017 -3.20936294723E-007 -1.35219014993E-001 -9.49011094657E-006
1 1 487   1.72977022976E-002 -3.52704519237E-017  6.89281531158E-017 -2.87406391786E-007 -1.35216622113E-001 -9.42615280670E-006
1 1 488   1.73126873126E-002 -3.16315983823E-017  6.77829645711E-017 -2.53876488845E-007 -1.35214229233E-001 -9.36219466682E-006
1 1 489   1.73276723276E-002 -2.78843246236E-017  6.69969179960E-017 -2.20346585898E-007 -1.35211836353E-001 -9.29823652695E-006
1 1 490   1.73426573425E-002 -2.40286306477E-017  6.60414648315E-017 -1.86816682947E-007 -1.35209443472E-001 -9.23427838707E-006
1 1 491   1.73576423575E-002 -1.99493199737E-017  6.53367334194E-017 -1.53286779991E-007 -1.35207050592E-001 -9.17032024720E-006
1 1 492   1.73726273725E-002 -1.54363284308E-017  6.53096283651E-017 -1.19756877030E-007 -1.35204657712E-001 -9.10636210732E-006
1 1 493   1.73876123875E-002 -1.12350450124E-017  6.46048969530E-017 -8.62269740646E-008 -1.35202264832E-001 -9.04240396745E-006
1 1 632   1.94705294705E-002 -9.04521073384E-017  1.10382157313E-016  3.08442323886E-006 -1.34853979595E-001 -2.32786265902E-006
1 1 633   1.94855144855E-002 -9.11379922675E-017  1.10685818624E-016  3.00234273680E-006 -1.34851828440E-001 -2.28669797869E-006
1 1 634   1.95004995005E-002 -9.16951281885E-017  1.10908800048E-016  2.92026223475E-006 -1.34849677284E-001 -2.24553329835E-006
1 1 635   1.95154845155E-002 -9.20801046631E-017  1.11194673667E-016  2.83818173269E-006 -1.34847526129E-001 -2.20436861802E-006
1 1 636   1.95304695305E-002 -9.23219325695E-017  1.11426337178E-016  2.75610123064E-006 -1.34845374974E-001 -2.16320393768E-006
1 1 637   1.95454545455E-002 -9.24168002596E-017  1.11612684427E-016  2.67402072859E-006 -1.34843223818E-001 -2.12203925735E-006
1 1 638   1.95604395605E-002 -9.24206119079E-017  1.11896440464E-016  2.59194022654E-006 -1.34841072663E-001 -2.08087457702E-006
1 1 639   1.95754245754E-002 -9.23003332294E-017  1.12268287928E-016  2.50985972449E-006 -1.34838921508E-001 -2.03970989668E-006
1 1 640   1.95904095904E-002 -9.19572848857E-017  1.12582537151E-016  2.42777922244E-006 -1.34836770352E-001 -1.99854521635E-006
1 1 641   1.96053946054E-002 -9.14778642376E-017  1.12680792973E-016  2.34569872039E-006 -1.34834619197E-001 -1.95738053601E-006
1 1 642   1.96203796204E-002 -9.08332721647E-017  1.12955231648E-016  2.26361821834E-006 -1.34832468042E-001 -1.91621585568E-006
1 1 643   1.96353646354E-002 -9.00684014133E-017  1.13305903288E-016  2.18153771630E-006 -1.34830316886E-001 -1.87505117534E-006
1 1 644   1.96503496504E-002 -8.91637702257E-017  1.13604058886E-016  2.09945721425E-006 -1.34828165731E-001 -1.83388649501E-006
1 1 645   1.96653346653E-002 -8.80406045376E-017  1.13844616243E-016  2.01737671221E-006 -1.34826014575E-001 -1.79272181468E-006
1 1 646   1.96803196803E-002 -8.68022423687E-017  1.14027575359E-016  1.93529621016E-006 -1.34823863420E-001 -1.75155713434E-006
1 1 647   1.96953046953E-002 -8.54724006415E-017  1.14288461507E-016  1.85321570812E-006 -1.34821712265E-001 -1.71039245401E-006
1 1 648   1.97102897103E-002 -8.40155039723E-017  1.14634050950E-016  1.77113520608E-006 -1.34819561109E-001 -1.66922777367E-006
1 1 649   1.97252747253E-002 -8.23383787367E-017  1.14874608307E-016  1.68905470403E-006 -1.34817409954E-001 -1.62806309334E-006
1 1 650   1.97402597403E-002 -8.04952350435E-017  1.15118553795E-016  1.60697420199E-006 -1.34815258799E-001 -1.58689841301E-006
1 1 651   1.97552447553E-002 -7.85775524509E-017  1.15430261920E-016  1.52489369995E-006 -1.34813107643E-001 -1.54573373267E-006
1 1 652   1.97702297702E-002 -7.64718285440E-017  1.15687759936E-016  1.44281319792E-006 -1.34810956488E-001 -1.50456905234E-006
1 1 653   1.97852147852E-002 -7.41899217841E-017  1.15901212239E-016  1.36073269588E-006 -1.34808805333E-001 -1.46340437200E-006
1 1 654   1.98001998002E-002 -7.18419464543E-017  1.16270518604E-016  1.27865219384E-006 -1.34806654177E-001 -1.42223969167E-006
1 1 655   1.98151848152E-002 -6.93042357443E-017  1.16460253984E-016  1.19657169180E-006 -1.34804503022E-001 -1.38107501134E-006
1 1 656   1.98301698302E-002 -6.65937303131E-017  1.16707587604E-016  1.11449118977E-006 -1.34802351867E-001 -1.33991033100E-006
1 1 657   1.98451548452E-002 -6.37951334554E-017  1.16992190675E-016  1.03241068773E-006 -1.34800200711E-001 -1.29874565067E-006
1 1 658   1.98601398602E-002 -6.07559792407E-017  1.17185314187E-016  9.50330185701E-007 -1.34798049556E-001 -1.25758097034E-006
1 1 659   1.98751248751E-002 -5.76660030491E-017  1.17541068025E-016  8.68249683668E-007 -1.34795898401E-001 -1.21641629000E-006
1 1 660   1.98901098901E-002 -5.43862914773E-017  1.17730803405E-016  7.86169181637E-007 -1.34793747245E-001 -1.17525160967E-006
1 1 661   1.99050949051E-002 -5.09541139750E-017  1.18049287793E-016  7.04088679605E-007 -1.34791596090E-001 -1.13408692933E-006
1 1 662   1.99200799201E-002 -4.74033518601E-017  1.18347443390E-016  6.22008177575E-007 -1.34789444934E-001 -1.09292224900E-006
1 1 663   1.99350649351E-002 -4.36628543651E-017  1.18598165143E-016  5.39927675546E-007 -1.34787293779E-001 -1.05175756867E-006
1 1 664   1.99500499501E-002 -3.98647586296E-017  1.18889544477E-016  4.57847173518E-007 -1.34785142624E-001 -1.01059288833E-006
1 1 665   1.99650349650E-002 -3.57922242192E-017  1.19086056120E-016  3.75766671490E-007 -1.34782991468E-001 -9.69428208000E-007
1 1 666   1.99800199800E-002 -3.17603473902E-017  1.19519736989E-016  2.93686169463E-007 -1.34780840313E-001 -9.28263527666E-007
1 1 667   1.99950049950E-002 -2.73422235374E-017  1.19695919842E-016  2.11605667437E-007 -1.34778689158E-001 -8.87098847332E-007
1 1 668   2.00099900100E-002 -2.29173234209E-017  1.20021180494E-016  1.29525165412E-007 -1.34776538002E-001 -8.45934166999E-007
1 1 669   2.00249750250E-002 -1.83230167150E-017  1.20204139611E-016  4.74446633882E-008 -1.34774386847E-001 -8.04769486665E-007
1 1 670   2.00399600400E-002 -1.35254221018E-017  1.20448085100E-016 -3.46358386351E-008 -1.34772235692E-001 -7.63604806332E-007
1 1 671   2.00549450550E-002 -8.72782748851E-018  1.20800450806E-016 -1.16716340658E-007 -1.34770084536E-001 -7.22440125998E-007
1 1 672   2.00699300699E-002 -3.66595859572E-018  1.21017291240E-016 -1.98796842679E-007 -1.34767933381E-001 -6.81275445665E-007
1 1 673   2.00849150849E-002  1.54498809579E-018  1.21288341783E-016 -2.80877344700E-007 -1.34765782226E-001 -6.40110765331E-007
1 1 674   2.00999000999E-002  6.86435500455E-018  1.21539063536E-016 -3.62957846720E-007 -1.34763631070E-001 -5.98946084998E-007
1 1 675   2.01148851149E-002  1.22989183941E-017  1.21830442869E-016 -4.45038348739E-007 -1.34761479915E-001 -5.57781404664E-007
1 1 676   2.01298701299E-002  1.80248611176E-017  1.22142150994E-016 -5.27118850757E-007 -1.34759328760E-001 -5.16616724331E-007
1 1 677   2.01448551449E-002  2.37779088953E-017  1.22433530328E-016 -6.09199352774E-007 -1.34757177604E-001 -4.75452043998E-007
1 1 678   2.01598401599E-002  2.97545733711E-017  1.22616489445E-016 -6.91279854790E-007 -1.34755026449E-001 -4.34287363664E-007
1 1 679   2.01748251748E-002  3.57515666377E-017  1.22860434933E-016 -7.73360356806E-007 -1.34752875293E-001 -3.93122683331E-007
1 1 680   2.01898101898E-002  4.19654003388E-017  1.23219576903E-016 -8.55440858821E-007 -1.34750724138E-001 -3.51958002998E-007
1 1 681   2.02047952048E-002  4.84638371101E-017  1.23504179973E-016 -9.37521360834E-007 -1.34748572983E-001 -3.10793322664E-007
1 1 682   2.02197802198E-002  5.48199723463E-017  1.23721020408E-016 -1.01960186285E-006 -1.34746421827E-001 -2.69628642331E-007
1 1 683   2.02347652348E-002  6.14810394435E-017  1.24086938641E-016 -1.10168236486E-006 -1.34744270672E-001 -2.28463961998E-007
1 1 684   2.02497502498E-002  6.83724995024E-017  1.24357989184E-016 -1.18376286687E-006 -1.34742119517E-001 -1.87299281665E-007
1 1 685   2.02647352648E-002  7.52097494526E-017  1.24561277091E-016 -1.26584336888E-006 -1.34739968361E-001 -1.46134601331E-007
1 1 686   2.02797202797E-002  8.23112736824E-017  1.24954300379E-016 -1.34792387089E-006 -1.34737817206E-001 -1.04969920998E-007
1 1 687   2.02947052947E-002  8.96499671374E-017  1.25089825651E-016 -1.43000437290E-006 -1.34735666051E-001 -6.38052406650E-008
1 1 688   2.03096903097E-002  9.69954368560E-017  1.25455743884E-016 -1.51208487491E-006 -1.34733514895E-001 -2.26405603319E-008
1 1 689   2.03246753247E-002  1.04550970745E-016  1.25713241900E-016 -1.59416537691E-006 -1.34731363740E-001  1.85241200012E-008
1 1 690   2.03396603397E-002  1.12140385953E-016  1.26065607606E-016 -1.67624587892E-006 -1.34729212585E-001  5.96888003343E-008
1 1 691   2.03546453547E-002  1.20143153239E-016  1.26214685404E-016 -1.75832638093E-006 -1.34727061429E-001  1.00853480667E-007
1 1 692   2.03696303696E-002  1.28084934152E-016  1.26512841002E-016 -1.84040688293E-006 -1.34724910274E-001  1.42018161000E-007
1 1 693   2.03846153846E-002  1.36202897918E-016  1.26783891545E-016 -1.92248738493E-006 -1.34722759119E-001  1.83182841333E-007
1 1 694   2.03996003996E-002  1.44483492011E-016  1.27122704724E-016 -2.00456788694E-006 -1.34720607963E-001  2.24347521666E-007
1 1 695   2.04145854146E-002  1.52818296212E-016  1.27285335050E-016 -2.08664838894E-006 -1.34718456808E-001  2.65512201999E-007
1 1 696   2.04295704296E-002  1.61505466119E-016  1.27691910864E-016 -2.16872889094E-006 -1.34716305652E-001  3.06676882332E-007
1 1 697   2.04445554446E-002  1.70192636026E-016  1.27868093718E-016 -2.25080939294E-006 -1.34714154497E-001  3.47841562665E-007
1 1 698   2.04595404596E-002  1.79055988786E-016  1.28288222059E-016 -2.33288989494E-006 -1.34712003342E-001  3.89006242998E-007
1 1 699   2.04745254745E-002  1.88149734508E-016  1.28477957440E-016 -2.41497039694E-006 -1.34709852186E-001  4.30170923331E-007
1 1 700   2.04895104895E-002  1.97175717594E-016  1.28721902928E-016 -2.49705089893E-006 -1.34707701031E-001  4.71335603664E-007
1 1 701   2.05044955045E-002  2.06432093641E-016  1.29128478743E-016 -2.57913140093E-006 -1.34705549876E-001  5.12500283997E-007
1 1 702   2.05194805195E-002  2.15945967705E-016  1.29318214123E-016 -2.66121190293E-006 -1.34703398720E-001  5.53664964330E-007
1 1 703   2.05344655345E-002  2.25649577149E-016  1.29548607085E-016 -2.74329240492E-006 -1.34701247565E-001  5.94829644663E-007
1 1 704   2.05494505495E-002  2.35366739119E-016  1.29968735427E-016 -2.82537290691E-006 -1.34699096410E-001  6.35994324995E-007
1 1 705   2.05644355645E-002  2.45273636471E-016  1.30172023334E-016 -2.90745340891E-006 -1.34696945254E-001  6.77159005328E-007
1 1 706   2.05794205794E-002  2.55234743930E-016  1.30497283986E-016 -2.98953391090E-006 -1.34694794099E-001  7.18323685661E-007
1 1 707   2.05944055944E-002  2.65358481716E-016  1.30808992110E-016 -3.07161441289E-006 -1.34692642944E-001  7.59488365994E-007
1 1 708   2.06093906094E-002  2.75793927626E-016  1.31025832545E-016 -3.15369491488E-006 -1.34690491788E-001  8.00653046326E-007
1 1 709   2.06243756244E-002  2.86337793753E-016  1.31283330561E-016 -3.23577541687E-006 -1.34688340633E-001  8.41817726659E-007
1 1 710   2.06393606394E-002  2.96908764935E-016  1.31486618468E-016 -3.31785591886E-006 -1.34686189478E-001  8.82982406992E-007
1 1 711   2.06543456544E-002  3.07764339187E-016  1.31811879120E-016 -3.39993642085E-006 -1.34684038322E-001  9.24147087324E-007
1 1 712   2.06693306693E-002  3.18606360912E-016  1.32191349880E-016 -3.48201692284E-006 -1.34681887167E-001  9.65311767657E-007
1 1 713   2.06843156843E-002  3.29638118017E-016  1.32462400423E-016 -3.56409742482E-006 -1.34679736011E-001  1.00647644799E-006
1 1 714   2.06993006993E-002  3.40913820611E-016  1.32679240858E-016 -3.64617792681E-006 -1.34677584856E-001  1.04764112832E-006
1 1 715   2.07142857143E-002  3.52230180786E-016  1.33085816673E-016 -3.72825842879E-006 -1.34675433701E-001  1.08880580865E-006
1 1 716   2.07292707293E-002  3.63695618760E-016  1.33302657107E-016 -3.81033893077E-006 -1.34673282545E-001  1.12997048899E-006
1 1 717   2.07442557443E-002  3.75445659805E-016  1.33600812705E-016 -3.89241943276E-006 -1.34671131390E-001  1.17113516932E-006
1 1 718   2.07592407593E-002  3.87236358430E-016  1.33898968302E-016 -3.97449993474E-006 -1.34668980235E-001  1.21229984965E-006
1 1 719   2.07742257742E-002  3.99189687382E-016  1.34142913791E-016 -4.05658043672E-006 -1.34666829079E-001  1.25346452998E-006
1 1 720   2.07892107892E-002  4.11264989078E-016  1.34495279497E-016 -4.13866093870E-006 -1.34664677924E-001  1.29462921032E-006
1 1 721   2.08041958042E-002  4.23584236263E-016  1.34739224986E-016 -4.22074144068E-006 -1.34662526769E-001  1.33579389065E-006
1 1 722   2.08191808192E-002  4.35930588502E-016  1.35091590692E-016 -4.30282194266E-006 -1.34660375613E-001  1.37695857098E-006
1 1 723   2.08341658342E-002  4.48412466013E-016  1.35416851343E-016 -4.38490244464E-006 -1.34658224458E-001  1.41812325131E-006
1 1 724   2.08491508492E-002  4.61165394067E-016  1.35552376615E-016 -4.46698294661E-006 -1.34656073303E-001  1.45928793165E-006
1 1 725   2.08641358642E-002  4.74053847392E-016  1.35931847375E-016 -4.54906344859E-006 -1.34653922147E-001  1.50045261198E-006
1 1 726   2.08791208791E-002  4.87050720935E-016  1.36121582756E-016 -4.63114395056E-006 -1.34651770992E-001  1.54161729231E-006
1 1 727   2.08941058941E-002  5.00142462168E-016  1.36392633299E-016 -4.71322445254E-006 -1.34649619837E-001  1.58278197264E-006
1 1 728   2.09090909091E-002  5.13423938781E-016  1.36772104059E-016 -4.79530495451E-006 -1.34647468681E-001  1.62394665298E-006
1 1 729   2.09240759241E-002  5.26827388138E-016  1.37097364711E-016 -4.87738545648E-006 -1.34645317526E-001  1.66511133331E-006
1 1 730   2.09390609391E-002  5.40501888038E-016  1.37178679874E-016 -4.95946595846E-006 -1.34643166370E-001  1.70627601364E-006
1 1 731   2.09540459541E-002  5.54162835412E-016  1.37585255688E-016 -5.04154646043E-006 -1.34641015215E-001  1.74744069397E-006
1 1 732   2.09690309691E-002  5.67986413111E-016  1.37964726449E-016 -5.12362696240E-006 -1.34638864060E-001  1.78860537430E-006
1 1 733   2.09840159840E-002  5.81891305973E-016  1.38289987101E-016 -5.20570746437E-006 -1.34636712904E-001  1.82977005464E-006
1 1 734   2.09990009990E-002  5.96202774650E-016  1.38398407318E-016 -5.28778796633E-006 -1.34634561749E-001  1.87093473497E-006
1 1 735   2.10139860140E-002  6.10514243327E-016  1.38859193241E-016 -5.36986846830E-006 -1.34632410594E-001  1.91209941530E-006
1 1 736   2.10289710290E-002  6.24879922112E-016  1.39130243784E-016 -5.45194897027E-006 -1.34630259438E-001  1.95326409563E-006
1 1 737   2.10439560440E-002  6.39597966604E-016  1.39401294327E-016 -5.53402947223E-006 -1.34628108283E-001  1.99442877597E-006
1 1 770   2.15384615386E-002  3.26084645397E-015  7.70534352469E-015 -5.00329281644E-007 -1.34565591585E-001  4.93794439452E-006
1 1 808   2.21078921081E-002  6.98609269731E-016  3.77627616677E-016  3.05324960084E-006 -1.34508708395E-001  4.31571086054E-006
1 1 809   2.21228771231E-002  6.79510159078E-016  3.78766028958E-016  2.97831098981E-006 -1.34507609101E-001  4.35682981871E-006
1 1 810   2.21378621381E-002  6.60578972707E-016  3.79850231130E-016  2.90337237878E-006 -1.34506509808E-001  4.39794877688E-006
1 1 811   2.21528471530E-002  6.41951024131E-016  3.80988643411E-016  2.82843376774E-006 -1.34505410515E-001  4.43906773505E-006
1 1 812   2.21678321680E-002  6.23381732587E-016  3.81964425367E-016  2.75349515670E-006 -1.34504311222E-001  4.48018669322E-006
1 1 813   2.21828171830E-002  6.04953683786E-016  3.83157047756E-016  2.67855654566E-006 -1.34503211929E-001  4.52130565139E-006
1 1 814   2.21978021980E-002  5.86828661023E-016  3.84268354983E-016  2.60361793462E-006 -1.34502112636E-001  4.56242460956E-006
1 1 815   2.22127872130E-002  5.68762930565E-016  3.85515187482E-016  2.52867932357E-006 -1.34501013343E-001  4.60354356773E-006
1 1 816   2.22277722279E-002  5.51106105263E-016  3.86463864382E-016  2.45374071252E-006 -1.34499914050E-001  4.64466252590E-006
1 1 817   2.22427572429E-002  5.33376011611E-016  3.87683591827E-016  2.37880210147E-006 -1.34498814756E-001  4.68578148406E-006
1 1 818   2.22577422579E-002  5.16138891135E-016  3.88794899053E-016  2.30386349042E-006 -1.34497715463E-001  4.72690044223E-006
1 1 819   2.22727272729E-002  4.98879747801E-016  3.89906206280E-016  2.22892487936E-006 -1.34496616170E-001  4.76801940040E-006
1 1 820   2.22877122879E-002  4.81950947318E-016  3.91017513507E-016  2.15398626830E-006 -1.34495516877E-001  4.80913835857E-006
1 1 821   2.23026973029E-002  4.65135013974E-016  3.92183030842E-016  2.07904765724E-006 -1.34494417584E-001  4.85025731674E-006
1 1 822   2.23176823178E-002  4.48541850296E-016  3.93294338069E-016  2.00410904618E-006 -1.34493318291E-001  4.89137627491E-006
1 1 823   2.23326673328E-002  4.32302958147E-016  3.94351435187E-016  1.92917043511E-006 -1.34492218998E-001  4.93249523307E-006
1 1 824   2.23476523478E-002  4.16071901054E-016  3.95544057577E-016  1.85423182404E-006 -1.34491119705E-001  4.97361419124E-006
1 1 825   2.23626373628E-002  3.99873031212E-016  3.96655364804E-016  1.77929321297E-006 -1.34490020411E-001  5.01473314941E-006
1 1 826   2.23776223778E-002  3.84207792127E-016  3.97766672031E-016  1.70435460190E-006 -1.34488921118E-001  5.05585210758E-006
1 1 827   2.23926073928E-002  3.68534294471E-016  3.98959294420E-016  1.62941599083E-006 -1.34487821825E-001  5.09697106575E-006
1 1 828   2.24075924077E-002  3.53001404285E-016  4.00124811756E-016  1.55447737975E-006 -1.34486722532E-001  5.13809002391E-006
1 1 829   2.24225774227E-002  3.37947299471E-016  4.01127698765E-016  1.47953876867E-006 -1.34485623239E-001  5.17920898208E-006
1 1 830   2.24375624377E-002  3.22966886524E-016  4.02239005992E-016  1.40460015759E-006 -1.34484523946E-001  5.22032794025E-006
1 1 831   2.24525474527E-002  3.08153762585E-016  4.03404523328E-016  1.32966154650E-006 -1.34483424653E-001  5.26144689841E-006
1 1 832   2.24675324677E-002  2.93535879739E-016  4.04597145717E-016  1.25472293541E-006 -1.34482325360E-001  5.30256585658E-006
1 1 833   2.24825174827E-002  2.78936102223E-016  4.05681347890E-016  1.17978432433E-006 -1.34481226066E-001  5.34368481475E-006
1 1 834   2.24975024976E-002  2.64938035737E-016  4.06765550062E-016  1.10484571323E-006 -1.34480126773E-001  5.38480377292E-006
1 1 835   2.25124875126E-002  2.50877182933E-016  4.07903962343E-016  1.02990710214E-006 -1.34479027480E-001  5.42592273108E-006
1 1 836   2.25274725276E-002  2.36889280842E-016  4.09205004950E-016  9.54968491042E-007 -1.34477928187E-001  5.46704168925E-006
1 1 837   2.25424575426E-002  2.23272590940E-016  4.10316312177E-016  8.80029879943E-007 -1.34476828894E-001  5.50816064742E-006
1 1 838   2.25574425576E-002  2.09874012022E-016  4.11373409295E-016  8.05091268842E-007 -1.34475729601E-001  5.54927960558E-006
1 1 839   2.25724275726E-002  1.96470880302E-016  4.12674451902E-016  7.30152657738E-007 -1.34474630308E-001  5.59039856375E-006
1 1 840   2.25874125875E-002  1.83492535605E-016  4.13758654075E-016  6.55214046632E-007 -1.34473531015E-001  5.63151752192E-006
1 1 841   2.26023976025E-002  1.70489097557E-016  4.14924171410E-016  5.80275435523E-007 -1.34472431721E-001  5.67263648008E-006
1 1 842   2.26173826175E-002  1.57957774498E-016  4.16089688746E-016  5.05336824412E-007 -1.34471332428E-001  5.71375543825E-006
1 1 843   2.26323676325E-002  1.45374358913E-016  4.17309416190E-016  4.30398213299E-007 -1.34470233135E-001  5.75487439641E-006
1 1 844   2.26473526475E-002  1.33104239639E-016  4.18366513308E-016  3.55459602183E-007 -1.34469133842E-001  5.79599335458E-006
1 1 845   2.26623376624E-002  1.21072877777E-016  4.19532030643E-016  2.80520991065E-007 -1.34468034549E-001  5.83711231275E-006
1 1 846   2.26773226774E-002  1.09101125859E-016  4.20751758087E-016  2.05582379945E-007 -1.34466935256E-001  5.87823127091E-006
1 1 847   2.26923076924E-002  9.73779781108E-017  4.21917275423E-016  1.30643768822E-007 -1.34465835963E-001  5.91935022908E-006
1 1 848   2.27072927074E-002  8.58771765112E-017  4.23109897812E-016  5.57051576965E-008 -1.34464736670E-001  5.96046918724E-006
1 1 849   2.27222777224E-002  7.45571105667E-017  4.24194099985E-016 -1.92334534312E-008 -1.34463637376E-001  6.00158814541E-006
1 1 850   2.27372627374E-002  6.35136008796E-017  4.25440932483E-016 -9.41720645613E-008 -1.34462538083E-001  6.04270710357E-006
1 1 851   2.27522477523E-002  5.26105927825E-017  4.26552239710E-016 -1.69110675694E-007 -1.34461438790E-001  6.08382606174E-006
1 1 852   2.27672327673E-002  4.19025081424E-017  4.27771967154E-016 -2.44049286829E-007 -1.34460339497E-001  6.12494501990E-006
1 1 853   2.27822177823E-002  3.12807149839E-017  4.28964589544E-016 -3.18987897966E-007 -1.34459240204E-001  6.16606397807E-006
1 1 854   2.27972027973E-002  2.10975790129E-017  4.30008134135E-016 -3.93926509106E-007 -1.34458140911E-001  6.20718293623E-006
1 1 855   2.28121878123E-002  1.09469479312E-017  4.31241414106E-016 -4.68865120248E-007 -1.34457041618E-001  6.24830189440E-006
1 1 856   2.28271728273E-002  8.82608331039E-019  4.32474694077E-016 -5.43803731392E-007 -1.34455942325E-001  6.28942085256E-006
1 1 857   2.28421578422E-002 -8.91915105547E-018  4.33748631630E-016 -6.18742342539E-007 -1.34454843031E-001  6.33053981073E-006
1 1 858   2.28571428572E-002 -1.84176726469E-017  4.34968359074E-016 -6.93680953688E-007 -1.34453743738E-001  6.37165876889E-006
1 1 859   2.28721278722E-002 -2.77623518792E-017  4.35984798611E-016 -7.68619564840E-007 -1.34452644445E-001  6.41277772706E-006
1 1 860   2.28871128872E-002 -3.69693882576E-017  4.37272288691E-016 -8.43558175994E-007 -1.34451545152E-001  6.45389668522E-006
1 1 861   2.29020979022E-002 -4.59103504115E-017  4.38532673716E-016 -9.18496787150E-007 -1.34450445859E-001  6.49501564338E-006
1 1 862   2.29170829172E-002 -5.46704710311E-017  4.39630428416E-016 -9.93435398309E-007 -1.34449346566E-001  6.53613460155E-006
1 1 863   2.29320679321E-002 -6.32526088527E-017  4.40890813441E-016 -1.06837400947E-006 -1.34448247273E-001  6.57725355971E-006
1 1 864   2.29470529471E-002 -7.16227766792E-017  4.42110540885E-016 -1.14331262063E-006 -1.34447147980E-001  6.61837251788E-006
1 1 865   2.29620379621E-002 -7.99371462103E-017  4.43276058221E-016 -1.21825123180E-006 -1.34446048687E-001  6.65949147604E-006
1 1 866   2.29770229771E-002 -8.77857534996E-017  4.44482233138E-016 -1.29318984297E-006 -1.34444949393E-001  6.70061043420E-006
1 1 867   2.29920079921E-002 -9.56123379322E-017  4.45607092892E-016 -1.36812845414E-006 -1.34443850100E-001  6.74172939237E-006
1 1 868   2.30069930071E-002 -1.03338919538E-016  4.46881030444E-016 -1.44306706531E-006 -1.34442750807E-001  6.78284835053E-006
1 1 869   2.30219780220E-002 -1.10667289778E-016  4.48032995252E-016 -1.51800567649E-006 -1.34441651514E-001  6.82396730869E-006
1 1 870   2.30369630370E-002 -1.17800895381E-016  4.49239170169E-016 -1.59294428767E-006 -1.34440552221E-001  6.86508626686E-006
1 1 871   2.30519480520E-002 -1.24908931177E-016  4.50472450141E-016 -1.66788289885E-006 -1.34439452928E-001  6.90620522502E-006
1 1 872   2.30669330670E-002 -1.31761374780E-016  4.51719282639E-016 -1.74282151003E-006 -1.34438353635E-001  6.94732418318E-006
1 1 873   2.30819180820E-002 -1.38195278229E-016  4.52911905029E-016 -1.81776012121E-006 -1.34437254342E-001  6.98844314135E-006
1 1 874   2.30969030970E-002 -1.44881756315E-016  4.54185842581E-016 -1.89269873240E-006 -1.34436155048E-001  7.02956209951E-006
1 1 875   2.31118881119E-002 -1.51000457628E-016  4.55432675080E-016 -1.96763734359E-006 -1.34435055755E-001  7.07068105767E-006
1 1 876   2.31268731269E-002 -1.57026144136E-016  4.56611744942E-016 -2.04257595478E-006 -1.34433956462E-001  7.11180001583E-006
1 1 877   2.31418581419E-002 -1.62877183037E-016  4.57838248650E-016 -2.11751456598E-006 -1.34432857169E-001  7.15291897400E-006
1 1 878   2.31568431569E-002 -1.68553839031E-016  4.59064752358E-016 -2.19245317717E-006 -1.34431757876E-001  7.19403793216E-006
1 1 879   2.31718281719E-002 -1.73985067229E-016  4.60345466174E-016 -2.26739178837E-006 -1.34430658583E-001  7.23515689032E-006
1 1 880   2.31868131869E-002 -1.79322698285E-016  4.61551641091E-016 -2.34233039958E-006 -1.34429559290E-001  7.27627584848E-006
1 1 881   2.32017982018E-002 -1.84313204652E-016  4.62744263480E-016 -2.41726901078E-006 -1.34428459997E-001  7.31739480665E-006
1 1 882   2.32167832168E-002 -1.89244789290E-016  4.63923333343E-016 -2.49220762199E-006 -1.34427360703E-001  7.35851376481E-006
1 1 883   2.32317682318E-002 -1.93879515349E-016  4.65265033531E-016 -2.56714623320E-006 -1.34426261410E-001  7.39963272297E-006
1 1 884   2.32467532468E-002 -1.98387265876E-016  4.66471208448E-016 -2.64208484441E-006 -1.34425162117E-001  7.44075168113E-006
1 1 885   2.32617382618E-002 -2.02592202124E-016  4.67718040947E-016 -2.71702345562E-006 -1.34424062824E-001  7.48187063929E-006
1 1 886   2.32767232768E-002 -2.06835651901E-016  4.68958097181E-016 -2.79196206684E-006 -1.34422963531E-001  7.52298959746E-006
1 1 887   2.32917082918E-002 -2.10727927112E-016  4.70252363525E-016 -2.86690067806E-006 -1.34421864238E-001  7.56410855562E-006
1 1 888   2.33066933067E-002 -2.14358495613E-016  4.71448374046E-016 -2.94183928928E-006 -1.34420764945E-001  7.60522751378E-006
1 1 889   2.33216783217E-002 -2.17868361918E-016  4.72718923467E-016 -3.01677790050E-006 -1.34419665652E-001  7.64634647194E-006
1 1 890   2.33366633367E-002 -2.21203779141E-016  4.73948815307E-016 -3.09171651173E-006 -1.34418566358E-001  7.68746543010E-006
1 1 891   2.33516483517E-002 -2.24256274125E-016  4.75212588464E-016 -3.16665512295E-006 -1.34417467065E-001  7.72858438826E-006
1 1 892   2.33666333667E-002 -2.27190144791E-016  4.76491608214E-016 -3.24159373418E-006 -1.34416367772E-001  7.76970334642E-006
1 1 893   2.33816183817E-002 -2.30052044127E-016  4.77768933899E-016 -3.31653234542E-006 -1.34415268479E-001  7.81082230458E-006
1 1 894   2.33966033966E-002 -2.32427647289E-016  4.78902263982E-016 -3.39147095665E-006 -1.34414169186E-001  7.85194126275E-006
1 1 895   2.34115884116E-002 -2.34806268006E-016  4.80260057797E-016 -3.46640956789E-006 -1.34413069893E-001  7.89306022091E-006
1 1 896   2.34265734266E-002 -2.36970200613E-016  4.81562370953E-016 -3.54134817913E-006 -1.34411970600E-001  7.93417917907E-006
1 1 925   2.38611388611E-002 -1.38957078486E-016  2.00201319281E-016 -1.15398753556E-006 -1.34399476248E-001  5.83593394153E-006
1 1 926   2.38761238761E-002 -1.41415644555E-016  1.65298479657E-016 -1.26100935498E-006 -1.34399173826E-001  6.09997693756E-006
1 1 927   2.38911088911E-002 -1.44021435538E-016  1.31967733182E-016 -1.36803117439E-006 -1.34398871404E-001  6.36401993359E-006
1 1 928   2.39060939061E-002 -1.47094471071E-016  9.97499880005E-017 -1.47505299381E-006 -1.34398568983E-001  6.62806292963E-006
1 1 929   2.39210789211E-002 -1.50292020447E-016  6.94804185974E-017 -1.58207481323E-006 -1.34398266561E-001  6.89210592566E-006
1 1 930   2.39360639361E-002 -1.53949932229E-016  4.02171243356E-017 -1.68909663265E-006 -1.34397964139E-001  7.15614892169E-006
1 1 931   2.39510489511E-002 -1.57771321371E-016  1.25631926737E-017 -1.79611845207E-006 -1.34397661718E-001  7.42019191772E-006
1 1 932   2.39660339660E-002 -1.61864184572E-016 -1.35660796832E-017 -1.90314027149E-006 -1.34397359296E-001  7.68423491375E-006
1 1 933   2.39810189810E-002 -1.66306025347E-016 -3.82723366887E-017 -2.01016209091E-006 -1.34397056874E-001  7.94827790978E-006
1 1 934   2.39960039960E-002 -1.71084561719E-016 -6.16436697694E-017 -2.11718391034E-006 -1.34396754452E-001  8.21232090581E-006
1 1 935   2.40109890110E-002 -1.75927896112E-016 -8.36190925529E-017 -2.22420572976E-006 -1.34396452031E-001  8.47636390184E-006
1 1 936   2.40259740260E-002 -1.81342130711E-016 -1.03927554496E-016 -2.33122754918E-006 -1.34396149609E-001  8.74040689787E-006
1 1 937   2.40409590410E-002 -1.86927465965E-016 -1.23036617786E-016 -2.43824936861E-006 -1.34395847187E-001  9.00444989389E-006
1 1 938   2.40559440559E-002 -1.92758440774E-016 -1.40451615182E-016 -2.54527118803E-006 -1.34395544765E-001  9.26849288992E-006
1 1 939   2.40709290709E-002 -1.98763904370E-016 -1.56558793707E-016 -2.65229300746E-006 -1.34395242344E-001  9.53253588594E-006
1 1 940   2.40859140859E-002 -2.05158156089E-016 -1.71242956881E-016 -2.75931482688E-006 -1.34394939922E-001  9.79657888197E-006
1 1 941   2.41008991009E-002 -2.11931455051E-016 -1.84456670858E-016 -2.86633664631E-006 -1.34394637500E-001  1.00606218780E-005
1 1 942   2.41158841159E-002 -2.18973263458E-016 -1.96342237174E-016 -2.97335846574E-006 -1.34394335079E-001  1.03246648740E-005
1 1 943   2.41308691309E-002 -2.26267064167E-016 -2.06506632541E-016 -3.08038028516E-006 -1.34394032657E-001  1.05887078700E-005
1 1 944   2.41458541459E-002 -2.33697660697E-016 -2.15559720681E-016 -3.18740210459E-006 -1.34393730235E-001  1.08527508661E-005
1 1 945   2.41608391608E-002 -2.41653841170E-016 -2.22878085345E-016 -3.29442392402E-006 -1.34393427813E-001  1.11167938621E-005
1 1 946   2.41758241758E-002 -2.49603245380E-016 -2.28807315976E-016 -3.40144574345E-006 -1.34393125392E-001  1.13808368581E-005
1 1 947   2.41908091908E-002 -2.58116773533E-016 -2.33320307519E-016 -3.50846756288E-006 -1.34392822970E-001  1.16448798541E-005
1 1 948   2.42057942058E-002 -2.66873823658E-016 -2.36511927664E-016 -3.61548938231E-006 -1.34392520548E-001  1.19089228501E-005
1 1 949   2.42207792208E-002 -2.75781433890E-016 -2.38114514000E-016 -3.72251120174E-006 -1.34392218126E-001  1.21729658462E-005
1 1 950   2.42357642358E-002 -2.85048186091E-016 -2.38392340807E-016 -3.82953302118E-006 -1.34391915705E-001  1.24370088422E-005
1 1 951   2.42507492507E-002 -2.94516002738E-016 -2.37016759301E-016 -3.93655484061E-006 -1.34391613283E-001  1.27010518382E-005
1 1 952   2.42657342657E-002 -3.04409612260E-016 -2.34664548806E-016 -4.04357666004E-006 -1.34391310861E-001  1.29650948342E-005
1 1 953   2.42807192807E-002 -3.03170032481E-016 -2.34377404637E-016 -1.05960602718E-005 -1.34399916827E-001  1.08168557569E-005
1 1 954   2.42957042957E-002 -2.77081417706E-016 -2.41777084464E-016 -1.03753745881E-005 -1.34399562104E-001  1.08668006925E-005
1 1 955   2.43106893107E-002 -2.49637550215E-016 -2.49312289563E-016 -1.01546889045E-005 -1.34399207382E-001  1.09167456282E-005
1 1 956   2.43256743257E-002 -2.20865535062E-016 -2.56522234010E-016 -9.93400322086E-006 -1.34398852659E-001  1.09666905639E-005
1 1 957   2.43406593407E-002 -1.90507874233E-016 -2.63677968348E-016 -9.71331753723E-006 -1.34398497936E-001  1.10166354995E-005
1 1 958   2.43556443556E-002 -1.59093116285E-016 -2.70860807741E-016 -9.49263185359E-006 -1.34398143214E-001  1.10665804352E-005
1 1 959   2.43706293706E-002 -1.26228237932E-016 -2.77799701645E-016 -9.27194616996E-006 -1.34397788491E-001  1.11165253708E-005
1 1 960   2.43856143856E-002 -9.21707371884E-017 -2.84955435984E-016 -9.05126048633E-006 -1.34397433768E-001  1.11664703065E-005
1 1 961   2.44005994006E-002 -5.65546958223E-017 -2.91758804616E-016 -8.83057480269E-006 -1.34397079046E-001  1.12164152422E-005
1 1 962   2.44155844156E-002 -1.97595845935E-017 -2.98480858085E-016 -8.60988911906E-006 -1.34396724323E-001  1.12663601778E-005
1 1 963   2.44305694306E-002  1.84585419866E-017 -3.05365541881E-016 -8.38920343542E-006 -1.34396369601E-001  1.13163051135E-005
1 1 964   2.44455544456E-002  5.79641586465E-017 -3.12168910513E-016 -8.16851775179E-006 -1.34396014878E-001  1.13662500491E-005
1 1 965   2.44605394605E-002  9.90554209837E-017 -3.18484388168E-016 -7.94783206816E-006 -1.34395660155E-001  1.14161949848E-005
1 1 966   2.44755244755E-002  1.41501936037E-016 -3.25016706257E-016 -7.72714638452E-006 -1.34395305433E-001  1.14661399204E-005
1 1 967   2.44905094905E-002  1.84815812827E-016 -3.31494814237E-016 -7.50646070089E-006 -1.34394950710E-001  1.15160848561E-005
1 1 968   2.45054945055E-002  2.29728887823E-016 -3.37972922218E-016 -7.28577501726E-006 -1.34394595987E-001  1.15660297918E-005
1 1 969   2.45204795205E-002  2.76227608495E-016 -3.44098664493E-016 -7.06508933362E-006 -1.34394241265E-001  1.16159747274E-005
1 1 970   2.45354645355E-002  3.23620795960E-016 -3.50224406767E-016 -6.84440364999E-006 -1.34393886542E-001  1.16659196631E-005
1 1 971   2.45504495504E-002  3.72897784699E-016 -3.56377254096E-016 -6.62371796635E-006 -1.34393531820E-001  1.17158645987E-005
1 1 972   2.45654345654E-002  4.23137002867E-016 -3.62367471099E-016 -6.40303228272E-006 -1.34393177097E-001  1.17658095344E-005
1 1 973   2.45804195804E-002  4.74745026277E-016 -3.68357688102E-016 -6.18234659909E-006 -1.34392822374E-001  1.18157544701E-005
1 1 974   2.45954045954E-002  5.27911590310E-016 -3.74185274779E-016 -5.96166091545E-006 -1.34392467652E-001  1.18656994057E-005
1 1 975   2.46103896104E-002  5.82243671679E-016 -3.80039966510E-016 -5.74097523182E-006 -1.34392112929E-001  1.19156443414E-005
1 1 976   2.46253746254E-002  6.38066531035E-016 -3.85894658242E-016 -5.52028954819E-006 -1.34391758206E-001  1.19655892770E-005
1 1 977   2.46403596404E-002  6.94838067292E-016 -3.91369879213E-016 -5.29960386455E-006 -1.34391403484E-001  1.20155342127E-005
1 1 978   2.46553446553E-002  7.53330774497E-016 -3.97007730510E-016 -5.07891818092E-006 -1.34391048761E-001  1.20654791483E-005
1 1 979   2.46703296703E-002  8.13097419256E-016 -4.02401636318E-016 -4.85823249729E-006 -1.34390694039E-001  1.21154240840E-005
1 1 980   2.46853146853E-002  8.74192211675E-016 -4.07741332017E-016 -4.63754681365E-006 -1.34390339316E-001  1.21653690197E-005
1 1 981   2.47002997003E-002  9.36804887136E-016 -4.13053922663E-016 -4.41686113002E-006 -1.34389984593E-001  1.22153139553E-005
1 1 982   2.47152847153E-002  1.00066439510E-015 -4.18366513308E-016 -4.19617544639E-006 -1.34389629871E-001  1.22652588910E-005
1 1 983   2.47302697303E-002  1.06566231534E-015 -4.23353843301E-016 -3.97548976275E-006 -1.34389275148E-001  1.23152038266E-005
1 1 984   2.47452547453E-002  1.13234074894E-015 -4.28530908675E-016 -3.75480407912E-006 -1.34388920425E-001  1.23651487623E-005
1 1 985   2.47602397602E-002  1.19996785945E-015 -4.33572448777E-016 -3.53411839549E-006 -1.34388565703E-001  1.24150936979E-005
1 1 986   2.47752247752E-002  1.26916706311E-015 -4.38424253499E-016 -3.31343271185E-006 -1.34388210980E-001  1.24650386336E-005
1 1 987   2.47902097902E-002  1.33972151949E-015 -4.43438688547E-016 -3.09274702822E-006 -1.34387856257E-001  1.25149835693E-005
1 1 988   2.48051948052E-002  1.41144149320E-015 -4.47992337671E-016 -2.87206134459E-006 -1.34387501535E-001  1.25649285049E-005
1 1 989   2.48201798202E-002  1.48500461060E-015 -4.52708617121E-016 -2.65137566095E-006 -1.34387146812E-001  1.26148734406E-005
1 1 990   2.48351648352E-002  1.55962482512E-015 -4.57262266246E-016 -2.43068997732E-006 -1.34386792090E-001  1.26648183762E-005
1 1 991   2.48501498501E-002  1.63538345192E-015 -4.61815915370E-016 -2.21000429369E-006 -1.34386437367E-001  1.27147633119E-005
1 1 992   2.48651348651E-002  1.71219917584E-015 -4.66152724060E-016 -1.98931861006E-006 -1.34386082644E-001  1.27647082475E-005
1 1 993   2.48801198801E-002  1.79148145971E-015 -4.70652163076E-016 -1.76863292642E-006 -1.34385727922E-001  1.28146531832E-005
1 1 994   2.48951048951E-002  1.87108900422E-015 -4.74934761657E-016 -1.54794724279E-006 -1.34385373199E-001  1.28645981189E-005
1 1 995   2.49100899101E-002  1.95245837727E-015 -4.79108940021E-016 -1.32726155916E-006 -1.34385018476E-001  1.29145430545E-005
1 1 996   2.49250749251E-002  2.03493905754E-015 -4.83337328494E-016 -1.10657587552E-006 -1.34384663754E-001  1.29644879902E-005
1 1 997   2.49400599401E-002  2.11961524721E-015 -4.87186246206E-016 -8.85890191891E-007 -1.34384309031E-001  1.30144329258E-005
1 1 998   2.49550449550E-002  2.20423722677E-015 -4.91197794245E-016 -6.65204508259E-007 -1.34383954309E-001  1.30643778615E-005
1 1 999   2.49700299700E-002  2.29100050562E-015 -4.95209342283E-016 -4.44518824626E-007 -1.34383599586E-001  1.31143227971E-005
1 1 1000   2.49850149850E-002  2.37890219676E-015 -4.98895629669E-016 -2.23833140993E-007 -1.34383244863E-001  1.31642677328E-005
1 1 1001   2.50000000000E-002 -1.45144855336E-015  2.18954628733E-016 -3.14745745829E-009 -1.34330944782E-005  2.68877494045E-009
