1 1 3   1.00898203593E-002  9.61145225908E-017  3.86584143061E-016 -1.84079300111E-006 -1.33546551955E-001 -1.46306642309E-005
1 1 4   1.01197604790E-002  1.09965205344E-016  4.22130727725E-016 -2.46520357327E-006 -1.33549185116E-001 -1.46108743923E-005
1 1 5   1.01497005988E-002  1.24297002812E-016  4.59118962466E-016 -3.07541111209E-006 -1.33551733999E-001 -1.45909083694E-005
1 1 6   1.01796407186E-002  1.39116691257E-016  4.97326924651E-016 -3.67141561758E-006 -1.33554198604E-001 -1.45707661621E-005
1 1 7   1.02095808383E-002  1.54525914633E-016  5.36717344830E-016 -4.25321708974E-006 -1.33556578930E-001 -1.45504477703E-005
1 1 8   1.02395209581E-002  1.70558554259E-016  5.77391866957E-016 -4.82081552856E-006 -1.33558874977E-001 -1.45299531942E-005
1 1 9   1.02694610778E-002  1.87011322227E-016  6.19445358722E-016 -5.37421093405E-006 -1.33561086746E-001 -1.45092824338E-005
1 1 10   1.02994011976E-002  2.04087506443E-016  6.62576276397E-016 -5.91340330620E-006 -1.33563214237E-001 -1.44884354889E-005
1 1 11   1.03293413174E-002  2.21665134165E-016  7.07126821290E-016 -6.43839264501E-006 -1.33565257449E-001 -1.44674123596E-005
1 1 12   1.03592814371E-002  2.39710324073E-016  7.52809002202E-016 -6.94917895050E-006 -1.33567216383E-001 -1.44462130460E-005
1 1 13   1.03892215569E-002  2.58446692866E-016  7.99843047697E-016 -7.44576222264E-006 -1.33569091038E-001 -1.44248375479E-005
1 1 14   1.04191616766E-002  2.77576084947E-016  8.48110373163E-016 -7.92814246146E-006 -1.33570881414E-001 -1.44032858655E-005
1 1 15   1.04491017964E-002  2.97301788223E-016  8.97749892004E-016 -8.39631966693E-006 -1.33572587513E-001 -1.43815579987E-005
1 1 16   1.04790419162E-002  3.17542487530E-016  9.48487165545E-016 -8.85029383908E-006 -1.33574209332E-001 -1.43596539475E-005
1 1 17   1.05089820359E-002  3.38406603087E-016  1.00057969180E-015 -9.29006497789E-006 -1.33575746874E-001 -1.43375737119E-005
1 1 18   1.05389221557E-002  3.59792490939E-016  1.05391566242E-015 -9.71563308336E-006 -1.33577200136E-001 -1.43153172919E-005
1 1 19   1.05688622754E-002  3.81557849552E-016  1.10850524181E-015 -1.01269981555E-005 -1.33578569121E-001 -1.42928846876E-005
1 1 20   1.05988023952E-002  4.04014387050E-016  1.16438231127E-015 -1.05241601943E-005 -1.33579853826E-001 -1.42702758988E-005
1 1 21   1.06287425150E-002  4.27013025633E-016  1.22142489807E-015 -1.09071191998E-005 -1.33581054254E-001 -1.42474909257E-005
1 1 22   1.06586826347E-002  4.50431792559E-016  1.27986000704E-015 -1.12758751719E-005 -1.33582170403E-001 -1.42245297682E-005
1 1 23   1.06886227545E-002  4.74487528261E-016  1.33945724521E-015 -1.16304281107E-005 -1.33583202273E-001 -1.42013924263E-005
1 1 24   1.07185628742E-002  4.99017602414E-016  1.40048427499E-015 -1.19707780162E-005 -1.33584149865E-001 -1.41780789000E-005
1 1 25   1.07485029940E-002  5.24211750397E-016  1.46257517816E-015 -1.22969248883E-005 -1.33585013178E-001 -1.41545891893E-005
1 1 26   1.07784431138E-002  5.49758264086E-016  1.52602811030E-015 -1.26088687271E-005 -1.33585792213E-001 -1.41309232942E-005
1 1 27   1.08083832335E-002  5.76023061714E-016  1.59070754615E-015 -1.29066095326E-005 -1.33586486970E-001 -1.41070812148E-005
1 1 28   1.08383233533E-002  6.02653777576E-016  1.65668802461E-015 -1.31901473047E-005 -1.33587097447E-001 -1.40830629509E-005
1 1 29   1.08682634731E-002  6.29948567268E-016  1.72388145425E-015 -1.34594820435E-005 -1.33587623647E-001 -1.40588685027E-005
1 1 30   1.08982035928E-002  6.57799010574E-016  1.79245046540E-015 -1.37146137489E-005 -1.33588065568E-001 -1.40344978701E-005
1 1 31   1.09281437126E-002  6.86123792330E-016  1.86221887520E-015 -1.39555424211E-005 -1.33588423211E-001 -1.40099510531E-005
1 1 32   1.09580838323E-002  7.14895807483E-016  1.93317990739E-015 -1.41822680599E-005 -1.33588696575E-001 -1.39852280517E-005
1 1 33   1.09880239521E-002  7.44291238884E-016  2.00551652108E-015 -1.43947906653E-005 -1.33588885660E-001 -1.39603288659E-005
1 1 34   1.10179640719E-002  7.74282981481E-016  2.07906608596E-015 -1.45931102374E-005 -1.33588990467E-001 -1.39352534957E-005
1 1 35   1.10479041916E-002  8.04762615055E-016  2.15390314091E-015 -1.47772267762E-005 -1.33589010996E-001 -1.39100019412E-005
1 1 36   1.10778443112E-002  7.00442714897E-015  6.12777515362E-017 -1.41325182445E-005 -1.33588673455E-001 -1.38533457994E-005
1 1 37   1.11077844310E-002  6.86599824847E-015 -7.52978408791E-017 -1.32347122571E-005 -1.33588176145E-001 -1.37853939017E-005
1 1 38   1.11377245507E-002  6.72854512992E-015 -2.01485421229E-016 -1.23426812575E-005 -1.33587606723E-001 -1.37158032819E-005
1 1 39   1.11676646705E-002  6.59174592080E-015 -3.17603473902E-016 -1.14564252456E-005 -1.33586965190E-001 -1.36445739398E-005
1 1 40   1.11976047903E-002  6.45575986332E-015 -4.23516473627E-016 -1.05759442215E-005 -1.33586251546E-001 -1.35717058756E-005
1 1 41   1.12275449100E-002  6.32072248274E-015 -5.19183762822E-016 -9.70123818522E-006 -1.33585465791E-001 -1.34971990892E-005
1 1 42   1.12574850298E-002  6.18609167797E-015 -6.04876392030E-016 -8.83230713670E-006 -1.33584607924E-001 -1.34210535806E-005
1 1 43   1.12874251495E-002  6.05251119406E-015 -6.80296205653E-016 -7.96915107596E-006 -1.33583677946E-001 -1.33432693498E-005
1 1 44   1.13173652693E-002  5.91963544155E-015 -7.45348336002E-016 -7.11177000299E-006 -1.33582675858E-001 -1.32638463968E-005
1 1 45   1.13473053891E-002  5.78703751586E-015 -8.00547779109E-016 -6.26016391780E-006 -1.33581601658E-001 -1.31827847216E-005
1 1 46   1.13772455088E-002  5.65583550046E-015 -8.45271118724E-016 -5.41433282038E-006 -1.33580455346E-001 -1.31000843242E-005
1 1 47   1.14071856286E-002  5.52537887406E-015 -8.79843615499E-016 -4.57427671075E-006 -1.33579236924E-001 -1.30157452047E-005
1 1 48   1.14371257483E-002  5.39561342654E-015 -9.04319479543E-016 -3.73999558889E-006 -1.33577946390E-001 -1.29297673629E-005
1 1 49   1.14670658681E-002  5.26670856449E-015 -9.18698710856E-016 -2.91148945481E-006 -1.33576583746E-001 -1.28421507990E-005
1 1 50   1.14970059879E-002  5.13844067122E-015 -9.22832231638E-016 -2.08875830850E-006 -1.33575148990E-001 -1.27528955129E-005
1 1 51   1.15269461076E-002  5.01091816695E-015 -9.16543859038E-016 -1.27180214998E-006 -1.33573642123E-001 -1.26620015045E-005
1 1 52   1.15568862274E-002  4.88432739892E-015 -9.00226616342E-016 -4.60620979225E-007 -1.33572063144E-001 -1.25694687740E-005
1 1 53   1.15868263472E-002  4.75855994691E-015 -8.74060074535E-016  3.44785203748E-007 -1.33570412055E-001 -1.24752973213E-005
1 1 54   1.16167664672E-002 -3.12330185586E-015 -8.43251792178E-016  1.14731491677E-006 -1.33567841453E-001 -1.23896842207E-005
1 1 55   1.16467065869E-002 -3.00595052322E-015 -8.42736796146E-016  1.96595119733E-006 -1.33560255920E-001 -1.23631052798E-005
1 1 56   1.16766467067E-002 -2.88881603101E-015 -8.42221800114E-016  2.78746494308E-006 -1.33552606399E-001 -1.23368735778E-005
1 1 57   1.17065868264E-002 -2.77147147463E-015 -8.41639041446E-016  3.61185615403E-006 -1.33544892890E-001 -1.23109891147E-005
1 1 58   1.17365269462E-002 -2.65443862637E-015 -8.41140986073E-016  4.43912483018E-006 -1.33537115393E-001 -1.22854518905E-005
1 1 59   1.17664670660E-002 -2.53712456317E-015 -8.40524346088E-016  5.26927097153E-006 -1.33529273908E-001 -1.22602619053E-005
1 1 60   1.17964071857E-002 -2.41996296591E-015 -8.40080500823E-016  6.10229457808E-006 -1.33521368435E-001 -1.22354191589E-005
1 1 61   1.18263473055E-002 -2.30330535325E-015 -8.39508541826E-016  6.93819564982E-006 -1.33513398973E-001 -1.22109236515E-005
1 1 62   1.18562874252E-002 -1.79354144383E-016  6.42308472035E-016  7.34319262303E-006 -1.33505444061E-001 -1.22206959863E-005
1 1 63   1.18862275449E-002 -1.92811803849E-016  5.93424506583E-016  7.64134201175E-006 -1.33497477700E-001 -1.22385260061E-005
1 1 64   1.19161676647E-002 -2.06228805734E-016  5.45963556482E-016  7.93186748769E-006 -1.33489485310E-001 -1.22565646134E-005
1 1 65   1.19461077845E-002 -2.19686465200E-016  4.98868524615E-016  8.21476905086E-006 -1.33481466890E-001 -1.22748118082E-005
1 1 66   1.19760479042E-002 -2.32859521596E-016  4.53020325246E-016  8.49004670126E-006 -1.33473422440E-001 -1.22932675906E-005
1 1 67   1.20059880240E-002 -2.46330733589E-016  4.08093697724E-016  8.75770043888E-006 -1.33465351961E-001 -1.23119319604E-005
1 1 68   1.20359281437E-002 -2.59829050636E-016  3.63505883380E-016  9.01773026374E-006 -1.33457255452E-001 -1.23308049177E-005
1 1 69   1.20658682635E-002 -2.72920791869E-016  3.20476609660E-016  9.27013617583E-006 -1.33449132914E-001 -1.23498864626E-005
1 1 70   1.20958083833E-002 -2.86283583645E-016  2.78043647134E-016  9.51491817514E-006 -1.33440984346E-001 -1.23691765950E-005
1 1 71   1.21257485030E-002 -2.99754795638E-016  2.36545808982E-016  9.75207626168E-006 -1.33432809749E-001 -1.23886753148E-005
1 1 72   1.21556886228E-002 -3.12805879289E-016  1.96064410367E-016  9.98161043545E-006 -1.33424609122E-001 -1.24083826222E-005
1 1 73   1.21856287425E-002 -3.25965383158E-016  1.56531688653E-016  1.02035206965E-005 -1.33416382465E-001 -1.24282985171E-005
1 1 74   1.22155688623E-002 -3.39246859771E-016  1.17568173079E-016  1.04178070447E-005 -1.33408129779E-001 -1.24484229995E-005
1 1 75   1.22455089821E-002 -3.52528336384E-016  7.94991242975E-017  1.06244694801E-005 -1.33399851063E-001 -1.24687560694E-005
1 1 76   1.22754491018E-002 -3.65552314981E-016  4.27175655959E-017  1.08235080028E-005 -1.33391546318E-001 -1.24892977269E-005
1 1 77   1.23053892216E-002 -3.78738923903E-016  6.84402621381E-018  1.10149226127E-005 -1.33383215543E-001 -1.25100479718E-005
1 1 78   1.23353293413E-002 -3.91803560082E-016 -2.84806358185E-017  1.11987133099E-005 -1.33374858738E-001 -1.25310068042E-005
1 1 79   1.23652694611E-002 -4.04949511423E-016 -6.28295158955E-017  1.13748800943E-005 -1.33366475904E-001 -1.25521742242E-005
1 1 80   1.23952095809E-002 -4.17973490020E-016 -9.61348513816E-017  1.15434229659E-005 -1.33358067040E-001 -1.25735502317E-005
1 1 81   1.24251497006E-002 -4.31085560044E-016 -1.28450852385E-016  1.17043419247E-005 -1.33349632147E-001 -1.25951348267E-005
1 1 82   1.24550898204E-002 -4.44156972486E-016 -1.60217976039E-016  1.18576369707E-005 -1.33341171224E-001 -1.26169280091E-005
1 1 83   1.24850299401E-002 -4.57042037679E-016 -1.90457052256E-016  1.20033081040E-005 -1.33332684272E-001 -1.26389297791E-005
1 1 84   1.25149700599E-002 -4.70035523090E-016 -2.20316657713E-016  1.21413553245E-005 -1.33324171290E-001 -1.26611401367E-005
1 1 85   1.25449101797E-002 -4.78693046844E-016 -2.39504495067E-016  1.20428985341E-005 -1.33315718101E-001 -1.26591219822E-005
1 1 86   1.25748502994E-002 -4.78356774764E-016 -2.39673054623E-016  1.15153355580E-005 -1.33307393603E-001 -1.26111993316E-005
1 1 87   1.26047904192E-002 -4.77164152374E-016 -2.39896671321E-016  1.09918479460E-005 -1.33299033758E-001 -1.25630838615E-005
1 1 88   1.26347305390E-002 -4.74863610890E-016 -2.40482818121E-016  1.04724356980E-005 -1.33290638568E-001 -1.25147755719E-005
1 1 89   1.26646706587E-002 -4.71461926574E-016 -2.40489594384E-016  9.95709881409E-006 -1.33282208031E-001 -1.24662744629E-005
1 1 90   1.26946107785E-002 -4.67186104256E-016 -2.40801302509E-016  9.44583729423E-006 -1.33273742148E-001 -1.24175805344E-005
1 1 91   1.27245508982E-002 -4.61870125479E-016 -2.40882617672E-016  8.93865113842E-006 -1.33265240920E-001 -1.23686937864E-005
1 1 92   1.27544910180E-002 -4.55351359917E-016 -2.41424718758E-016  8.43554034668E-006 -1.33256704344E-001 -1.23196142189E-005
1 1 93   1.27844311378E-002 -4.48087205361E-016 -2.41587349084E-016  7.93650491899E-006 -1.33248132423E-001 -1.22703418320E-005
1 1 94   1.28143712575E-002 -4.39786282478E-016 -2.41912609736E-016  7.44154485535E-006 -1.33239525156E-001 -1.22208766256E-005
1 1 95   1.28443113773E-002 -4.30401157422E-016 -2.42414053241E-016  6.95066015578E-006 -1.33230882542E-001 -1.21712185997E-005
1 1 96   1.28742514971E-002 -4.20080907993E-016 -2.42576683566E-016  6.46385082026E-006 -1.33222204583E-001 -1.21213677543E-005
1 1 97   1.29041916168E-002 -4.08595141228E-016 -2.42779971474E-016  5.98111684880E-006 -1.33213491277E-001 -1.20713240895E-005
1 1 98   1.29341317366E-002 -3.96357209206E-016 -2.43132337180E-016  5.50245824140E-006 -1.33204742625E-001 -1.20210876052E-005
1 1 99   1.29640718564E-002 -3.82872444686E-016 -2.43430492777E-016  5.02787499805E-006 -1.33195958627E-001 -1.19706583014E-005
1 1 100   1.29940119761E-002 -3.68371240629E-016 -2.43864173646E-016  4.55736711876E-006 -1.33187139282E-001 -1.19200361782E-005
1 1 101   1.30239520959E-002 -3.53097542524E-016 -2.43945488809E-016  4.09093460353E-006 -1.33178284592E-001 -1.18692212354E-005
1 1 102   1.30538922156E-002 -3.36712537193E-016 -2.44243644407E-016  3.62857745235E-006 -1.33169394555E-001 -1.18182134732E-005
1 1 103   1.30838323354E-002 -3.19270434743E-016 -2.44568905058E-016  3.17029566524E-006 -1.33160469172E-001 -1.17670128916E-005
1 1 104   1.31137724552E-002 -3.01001628136E-016 -2.44758640439E-016  2.71608924217E-006 -1.33151508443E-001 -1.17156194904E-005
1 1 105   1.31437125749E-002 -2.81445331450E-016 -2.45138111199E-016  2.26595818317E-006 -1.33142512368E-001 -1.16640332698E-005
1 1 106   1.31736526947E-002 -2.79669950393E-016  1.98033592563E-015  1.85130897120E-006 -1.33130070766E-001 -1.15859313508E-005
1 1 107   1.32035928145E-002 -2.88343567773E-016  1.89570716980E-015  1.45464979140E-006 -1.33115648294E-001 -1.14945351997E-005
1 1 108   1.32335329342E-002 -2.96908764935E-016  1.81282668998E-015  1.05706763684E-006 -1.33101201744E-001 -1.14053759132E-005
1 1 109   1.32634730540E-002 -3.05230016609E-016  1.73169448616E-015  6.58562507545E-007 -1.33086731116E-001 -1.13184534912E-005
1 1 110   1.32934131737E-002 -3.13253112685E-016  1.65215470428E-015  2.59134403498E-007 -1.33072236411E-001 -1.12337679339E-005
1 1 111   1.33233532935E-002 -3.21221998653E-016  1.57408537160E-015 -1.41216675297E-007 -1.33057717628E-001 -1.11513192411E-005
1 1 112   1.33532934133E-002 -3.28730098698E-016  1.49763895404E-015 -5.42490728839E-007 -1.33043174767E-001 -1.10711074129E-005
1 1 113   1.33832335330E-002 -3.35940043145E-016  1.42336771709E-015 -9.44687757128E-007 -1.33028607829E-001 -1.09931324493E-005
1 1 114   1.34131736528E-002 -3.43041567374E-016  1.35032976012E-015 -1.34780776017E-006 -1.33014016813E-001 -1.09173943502E-005
1 1 115   1.34431137725E-002 -3.49804278425E-016  1.27898586904E-015 -1.75185073795E-006 -1.32999401719E-001 -1.08438931158E-005
1 1 116   1.34730538923E-002 -3.56092651026E-016  1.20955627242E-015 -2.15681669048E-006 -1.32984762548E-001 -1.07726287459E-005
1 1 117   1.35029940120E-002 -3.62597864061E-016  1.14150564543E-015 -2.56270561776E-006 -1.32970099299E-001 -1.07036012407E-005
1 1 118   1.35329341318E-002 -3.68452555792E-016  1.07519651819E-015 -2.96951751979E-006 -1.32955411973E-001 -1.06368106000E-005
1 1 119   1.35628742516E-002 -3.74253037415E-016  1.01062719662E-015 -3.37725239656E-006 -1.32940700569E-001 -1.05722568238E-005
1 1 120   1.35928143713E-002 -3.79728258386E-016  9.47570675896E-016 -3.78591024809E-006 -1.32925965087E-001 -1.05099399123E-005
1 1 121   1.36227544911E-002 -3.84918876287E-016  8.86199750735E-016 -4.19549107436E-006 -1.32911205528E-001 -1.04498598654E-005
1 1 122   1.36526946108E-002 -3.89879101226E-016  8.26680439598E-016 -4.60599487537E-006 -1.32896421891E-001 -1.03920166830E-005
1 1 123   1.36826347306E-002 -3.94385316505E-016  7.68563815021E-016 -5.01742165114E-006 -1.32881614176E-001 -1.03364103652E-005
1 1 124   1.37125748504E-002 -3.98993175738E-016  7.12263229083E-016 -5.42977140165E-006 -1.32866782384E-001 -1.02830409120E-005
1 1 125   1.37425149701E-002 -4.03065710149E-016  6.57564382448E-016 -5.84304412691E-006 -1.32851926514E-001 -1.02319083234E-005
1 1 126   1.37724550899E-002 -4.07012883683E-016  6.04602800388E-016 -6.25723982692E-006 -1.32837046566E-001 -1.01830125993E-005
1 1 127   1.38023952096E-002 -4.10665289751E-016  5.53325966860E-016 -6.67235850167E-006 -1.32822142541E-001 -1.01363537399E-005
1 1 128   1.38323353294E-002 -4.14043257145E-016  5.03603862307E-016 -7.08840015118E-006 -1.32807214438E-001 -1.00919317450E-005
1 1 129   1.38622754491E-002 -4.17292475531E-016  4.55448345189E-016 -7.50536477543E-006 -1.32792262258E-001 -1.00497466147E-005
1 1 130   1.38922155689E-002 -4.20069049532E-016  4.09166253193E-016 -7.92325237442E-006 -1.32777286000E-001 -1.00097983490E-005
1 1 131   1.39221556887E-002 -4.22794801556E-016  3.64447148743E-016 -8.34206294817E-006 -1.32762285664E-001 -9.97208694787E-006
1 1 132   1.39520958084E-002 -4.25225786115E-016  3.21408345902E-016 -8.76179649666E-006 -1.32747261250E-001 -9.93661241132E-006
1 1 133   1.39820359282E-002  1.15177507289E-015  2.40174498128E-016 -9.17002435888E-006 -1.32732186336E-001 -9.90491618999E-006
1 1 134   1.40119760480E-002  1.20186521325E-015  1.53211319499E-016 -9.46689815197E-006 -1.32716854915E-001 -9.88750352086E-006
1 1 135   1.40419161677E-002  1.25209087889E-015  6.10033128613E-017 -9.75675698137E-006 -1.32701493907E-001 -9.86990722201E-006
1 1 136   1.40718562875E-002  1.30269601530E-015 -3.67747824380E-017 -1.00396008471E-005 -1.32686103310E-001 -9.85212729344E-006
1 1 137   1.41017964073E-002  1.35319273148E-015 -1.39943395414E-016 -1.03154297491E-005 -1.32670683127E-001 -9.83416373517E-006
1 1 138   1.41317365270E-002  1.40404181337E-015 -2.48621110678E-016 -1.05842436874E-005 -1.32655233355E-001 -9.81601654718E-006
1 1 139   1.41616766467E-002 -3.69831525430E-016  8.05939143818E-017 -9.89227708465E-006 -1.32640244643E-001 -9.81039773935E-006
1 1 140   1.41916167665E-002 -3.84559734317E-016  7.29740059883E-017 -9.20937050297E-006 -1.32625209479E-001 -9.80563194749E-006
1 1 141   1.42215568862E-002 -3.88449309611E-016  6.50453540856E-017 -8.53923021485E-006 -1.32610125943E-001 -9.80167217457E-006
1 1 142   1.42514970060E-002 -3.81720479878E-016  5.67554426308E-017 -7.88185622027E-006 -1.32594994032E-001 -9.79851842059E-006
1 1 143   1.42814371258E-002 -3.64088642048E-016  4.81504349196E-017 -7.23724851925E-006 -1.32579813748E-001 -9.79617068555E-006
1 1 144   1.43113772455E-002 -3.35885833036E-016  3.91701916128E-017 -6.60540711178E-006 -1.32564585090E-001 -9.79462896945E-006
1 1 145   1.43413173653E-002 -2.96868107354E-016  2.99205918288E-017 -5.98633199786E-006 -1.32549308059E-001 -9.79389327230E-006
1 1 146   1.43712574850E-002 -2.47143885218E-016  2.03067678775E-017 -5.38002317749E-006 -1.32533982654E-001 -9.79396359408E-006
1 1 147   1.44011976048E-002 -1.86672509048E-016  1.03676832744E-017 -4.78648065067E-006 -1.32518608876E-001 -9.79483993481E-006
1 1 148   1.44311377246E-002 -1.15453978843E-016  1.81265050712E-019 -4.20570441741E-006 -1.32503186723E-001 -9.79652229447E-006
1 1 149   1.44610778443E-002 -3.34476370212E-017 -1.04964322824E-017 -3.63769447770E-006 -1.32487716198E-001 -9.79901067308E-006
1 1 150   1.44910179641E-002  5.91838860906E-017 -2.14739792788E-017 -3.08245083154E-006 -1.32472197298E-001 -9.80230507062E-006
1 1 151   1.45209580838E-002  1.62698088509E-016 -3.26903895663E-017 -2.53997347894E-006 -1.32456630025E-001 -9.80640548711E-006
1 1 152   1.45508982036E-002  2.76796814636E-016 -4.42202020444E-017 -2.01026241988E-006 -1.32441014378E-001 -9.81131192253E-006
1 1 153   1.45808383234E-002  4.01805325123E-016 -5.62362114341E-017 -1.49331765438E-006 -1.32425350358E-001 -9.81702437690E-006
1 1 154   1.46107784431E-002  5.37384806792E-016 -6.83809698318E-017 -9.89139182433E-007 -1.32409637964E-001 -9.82354285021E-006
1 1 155   1.46407185629E-002  6.84029926885E-016 -8.10182778884E-017 -4.97727004036E-007 -1.32393877196E-001 -9.83086734246E-006
1 1 156   1.46706586826E-002  8.41174867391E-016 -9.39556473665E-017 -1.90811191910E-008 -1.32378068055E-001 -9.83899785365E-006
1 1 157   1.47005988024E-002  3.49613939534E-015 -1.04952040846E-016  4.21651917680E-007 -1.32361819079E-001 -9.84439458904E-006
1 1 158   1.47305389222E-002  3.59734352715E-015 -9.93908460308E-017  6.89729201940E-007 -1.32342995201E-001 -9.82658004546E-006
1 1 159   1.47604790419E-002  3.70022266662E-015 -9.12796585279E-017  9.51542027849E-007 -1.32324157985E-001 -9.80782149393E-006
1 1 160   1.47904191617E-002  3.80441544831E-015 -8.06578653693E-017  1.20709039541E-006 -1.32305307432E-001 -9.78811893445E-006
1 1 161   1.48203592814E-002  3.91099283950E-015 -6.75525716094E-017  1.45637430461E-006 -1.32286443541E-001 -9.76747236702E-006
1 1 162   1.48502994012E-002  4.01890923096E-015 -5.17909825269E-017  1.69939375547E-006 -1.32267566313E-001 -9.74588179164E-006
1 1 163   1.48802395210E-002  4.12915919820E-015 -3.37932264637E-017  1.93614874797E-006 -1.32248675747E-001 -9.72334720830E-006
1 1 164   1.49101796407E-002  4.24108994350E-015 -1.30646361785E-017  2.16663928213E-006 -1.32229771844E-001 -9.69986861701E-006
1 1 165   1.49401197605E-002  4.35434084258E-015  1.03066969022E-017  2.39086535793E-006 -1.32210854604E-001 -9.67544601777E-006
1 1 166   1.49700598802E-002  4.46936595806E-015  3.60971560802E-017  2.60882697538E-006 -1.32191924026E-001 -9.65007941057E-006
1 1 167   1.50000000000E-002  4.58680262927E-015  6.43067413555E-017  2.82052413448E-006 -1.32172980110E-001 -9.62376879543E-006
1 1 168   1.50299401198E-002  4.70501113279E-015  9.52200557985E-017  3.02595683523E-006 -1.32154022857E-001 -9.59651417233E-006
1 1 169   1.50598802396E-002  8.42333158477E-016  1.11747690891E-015  3.20571698979E-006 -1.32135054962E-001 -9.56830080872E-006
1 1 170   1.50898203594E-002  8.13073278817E-016  1.06063771589E-015  3.16696839822E-006 -1.32116100124E-001 -9.53942146615E-006
1 1 171   1.51197604791E-002  7.84346579927E-016  1.00644454793E-015  3.12899462235E-006 -1.32097125270E-001 -9.51041486115E-006
1 1 172   1.51497005989E-002  7.56690954199E-016  9.55033036161E-016  3.09179566217E-006 -1.32078130402E-001 -9.48128099371E-006
1 1 173   1.51796407187E-002  7.29403787803E-016  9.05932230275E-016  3.05537151767E-006 -1.32059115519E-001 -9.45201986384E-006
1 1 174   1.52095808384E-002  7.02971277651E-016  8.59653738168E-016  3.01972218887E-006 -1.32040080620E-001 -9.42263147153E-006
1 1 175   1.52395209582E-002  6.77375636051E-016  8.16116244680E-016  2.98484767576E-006 -1.32021025707E-001 -9.39311581678E-006
1 1 176   1.52694610779E-002  6.52150994882E-016  7.74872516412E-016  2.95074797834E-006 -1.32001950779E-001 -9.36347289960E-006
1 1 177   1.52994011977E-002  6.27944487315E-016  7.36735704995E-016  2.91742309660E-006 -1.31982855836E-001 -9.33370271999E-006
1 1 178   1.53293413174E-002  6.04510473796E-016  7.01072229783E-016  2.88487303056E-006 -1.31963740877E-001 -9.30380527794E-006
1 1 179   1.53592814372E-002  5.81601620705E-016  6.67997287259E-016  2.85309778021E-006 -1.31944605904E-001 -9.27378057346E-006
1 1 180   1.53892215569E-002  5.59553353088E-016  6.37585416321E-016  2.82209734555E-006 -1.31925450916E-001 -9.24362860654E-006
1 1 181   1.54191616767E-002  5.38099702600E-016  6.09728196752E-016  2.79187172657E-006 -1.31906275913E-001 -9.21334937718E-006
1 1 182   1.54491017965E-002  5.17320290338E-016  5.84554377559E-016  2.76242092329E-006 -1.31887080895E-001 -9.18294288539E-006
1 1 183   1.54790419162E-002  4.97452285527E-016  5.62321456760E-016  2.73374493570E-006 -1.31867865862E-001 -9.15240913116E-006
1 1 184   1.55089820360E-002  4.78187368175E-016  5.42385689313E-016  2.70584376380E-006 -1.31848630813E-001 -9.12174811450E-006
1 1 185   1.55389221557E-002  4.59728826188E-016  5.25417925314E-016  2.67871740759E-006 -1.31829375750E-001 -9.09095983541E-006
1 1 186   1.55688622755E-002  4.41829325947E-016  5.10760867194E-016  2.65236586707E-006 -1.31810100672E-001 -9.06004429388E-006
1 1 187   1.55988023952E-002  4.24732812939E-016  4.98936287251E-016  2.62678914223E-006 -1.31790805579E-001 -9.02900148991E-006
1 1 188   1.56287425150E-002  4.08434204968E-016  4.89747673839E-016  2.60198723309E-006 -1.31771490471E-001 -8.99783142351E-006
1 1 189   1.56586826348E-002  3.92730214126E-016  4.83154369377E-016  2.57796013964E-006 -1.31752155348E-001 -8.96653409467E-006
1 1 190   1.56886227545E-002  3.77764836014E-016  4.79163150130E-016  2.55470786188E-006 -1.31732800210E-001 -8.93510950340E-006
1 1 191   1.57185628743E-002  3.63495718985E-016  4.78048454771E-016  2.53223039981E-006 -1.31713425057E-001 -8.90355764969E-006
1 1 192   1.57485029940E-002  3.50048223914E-016  4.79420648146E-016  2.51052775343E-006 -1.31694029889E-001 -8.87187853355E-006
1 1 193   1.57784431138E-002  3.37222451027E-016  4.83316999703E-016  2.48959992274E-006 -1.31674614706E-001 -8.84007215497E-006
1 1 194   1.58083832335E-002  3.25212370868E-016  4.90086487018E-016  2.46944690774E-006 -1.31655179508E-001 -8.80813851396E-006
1 1 195   1.58383233533E-002  3.13807072233E-016  4.99242913178E-016  2.45006870843E-006 -1.31635724295E-001 -8.77607761051E-006
1 1 196   1.58682634731E-002  3.03203066766E-016  5.11383436411E-016  2.43146532481E-006 -1.31616249067E-001 -8.74388944463E-006
1 1 197   1.58982035928E-002  2.93199607659E-016  5.25848959205E-016  2.41363675688E-006 -1.31596753824E-001 -8.71157401631E-006
1 1 198   1.59281437126E-002 -1.37017065987E-015  1.78844569362E-015  2.20646662625E-006 -1.31577315379E-001 -8.69101070292E-006
1 1 199   1.59580838323E-002 -1.35908977486E-015  1.85588306875E-015  1.98421496349E-006 -1.31557858601E-001 -8.67160969200E-006
1 1 200   1.59880239521E-002 -1.34775139183E-015  1.92454017132E-015  1.76891106568E-006 -1.31538374332E-001 -8.65201062827E-006
1 1 201   1.60179640719E-002 -1.33650957055E-015  1.99490489232E-015  1.56055493281E-006 -1.31518862573E-001 -8.63221351172E-006
1 1 202   1.60479041916E-002 -1.32434448336E-015  2.06676039130E-015  1.35914656489E-006 -1.31499323323E-001 -8.61221834235E-006
1 1 203   1.60778443114E-002 -1.31263848803E-015  2.13991693289E-015  1.16468596191E-006 -1.31479756584E-001 -8.59202512016E-006
1 1 204   1.61077844311E-002 -1.30039547381E-015  2.21440162214E-015  9.77173123882E-007 -1.31460162354E-001 -8.57163384515E-006
1 1 205   1.61377245509E-002 -1.28712585566E-015  2.29029577421E-015  7.96608050796E-007 -1.31440540633E-001 -8.55104451732E-006
1 1 206   1.61676646707E-002 -1.27369445421E-015  2.36713860319E-015  6.22990742655E-007 -1.31420891423E-001 -8.53025713668E-006
1 1 207   1.61976047904E-002 -1.26104062902E-015  2.44609562640E-015  4.56321199459E-007 -1.31401214722E-001 -8.50927170321E-006
1 1 208   1.62275449102E-002 -1.24703663330E-015  2.52589290629E-015  2.96599421209E-007 -1.31381510531E-001 -8.48808821693E-006
1 1 209   1.62574850299E-002 -1.26095084352E-015  2.49557929118E-015  1.81411635404E-007 -1.31361162796E-001 -8.46211880843E-006
1 1 210   1.62874251497E-002 -1.29278403575E-015  2.38680670822E-015  9.64080423005E-008 -1.31340372077E-001 -8.43319393808E-006
1 1 211   1.63173652695E-002 -1.32467482621E-015  2.27891165140E-015  1.46020581234E-008 -1.31319571741E-001 -8.40462805422E-006
1 1 212   1.63473053892E-002 -1.35660796832E-015  2.17173149039E-015 -6.40063171273E-008 -1.31298761788E-001 -8.37642115684E-006
1 1 213   1.63772455090E-002 -1.38705710871E-015  2.06471395970E-015 -1.39417083451E-007 -1.31277942217E-001 -8.34857324595E-006
1 1 214   1.64071856287E-002 -1.41762144558E-015  1.95852990943E-015 -2.11630240848E-007 -1.31257113029E-001 -8.32108432153E-006
1 1 215   1.64371257485E-002 -1.44696944314E-015  1.85258980465E-015 -2.80645789319E-007 -1.31236274224E-001 -8.29395438359E-006
1 1 216   1.64670658683E-002 -1.47669691145E-015  1.74750350908E-015 -3.46463728863E-007 -1.31215425801E-001 -8.26718343214E-006
1 1 217   1.64970059880E-002 -1.50584839737E-015  1.64308128735E-015 -4.09084059480E-007 -1.31194567761E-001 -8.24077146716E-006
1 1 218   1.65269461078E-002 -1.53406475890E-015  1.53902498384E-015 -4.68506781171E-007 -1.31173700103E-001 -8.21471848867E-006
1 1 219   1.65568862275E-002 -1.56182033452E-015  1.43556499153E-015 -5.24731893935E-007 -1.31152822828E-001 -8.18902449666E-006
1 1 220   1.65868263473E-002 -1.58911512421E-015  1.33278262558E-015 -5.77759397772E-007 -1.31131935936E-001 -8.16368949113E-006
1 1 221   1.66167664671E-002 -1.61631504621E-015  1.23016288996E-015 -6.27589292683E-007 -1.31111039426E-001 -8.13871347208E-006
1 1 222   1.66467065868E-002 -1.64244431857E-015  1.12835630596E-015 -6.74221578667E-007 -1.31090133298E-001 -8.11409643951E-006
1 1 223   1.66766467066E-002 -1.66805859490E-015  1.02687498262E-015 -7.17656255724E-007 -1.31069217554E-001 -8.08983839343E-006
1 1 224   1.67065868263E-002 -1.69356445100E-015  9.26233915954E-016 -7.57893323855E-007 -1.31048292192E-001 -8.06593933382E-006
1 1 225   1.67365269461E-002 -1.71873149393E-015  8.26162055434E-016 -7.94932783059E-007 -1.31027357212E-001 -8.04239926070E-006
1 1 226   1.67664670658E-002 -1.74309893776E-015  7.26794926326E-016 -8.28774633336E-007 -1.31006412615E-001 -8.01921817406E-006
1 1 227   1.67964071856E-002 -1.76678875523E-015  6.27698847760E-016 -8.59418874687E-007 -1.30985458401E-001 -7.99639607389E-006
1 1 228   1.68263473054E-002 -1.79032949490E-015  5.29144870282E-016 -8.86865507111E-007 -1.30964494569E-001 -7.97393296021E-006
1 1 229   1.68562874251E-002 -1.81294866272E-015  4.31187203997E-016 -9.11114530609E-007 -1.30943521120E-001 -7.95182883301E-006
1 1 230   1.68862275449E-002 -1.83552717296E-015  3.33880059017E-016 -9.32165945180E-007 -1.30922538053E-001 -7.93008369230E-006
1 1 231   1.69161676646E-002 -1.85703503356E-015  2.36871069634E-016 -9.50019750824E-007 -1.30901545369E-001 -7.90869753806E-006
1 1 232   1.69461077844E-002 -1.87839381636E-015  1.40837862206E-016 -9.64675947542E-007 -1.30880543068E-001 -7.88767037030E-006
1 1 233   1.69760479041E-002 -1.89915628796E-015  4.50486002668E-017 -9.76134535333E-007 -1.30859531149E-001 -7.86700218903E-006
1 1 234   1.70059880239E-002 -7.33738055394E-017  1.18615529318E-016 -9.85236585916E-007 -1.30838528779E-001 -7.84691768806E-006
1 1 235   1.70359281436E-002 -7.24831503954E-017  1.10596244890E-016 -9.91288020096E-007 -1.30817513972E-001 -7.82702573188E-006
1 1 236   1.70658682634E-002 -7.07238629639E-017  1.03456604178E-016 -9.94260542734E-007 -1.30796485975E-001 -7.80731511438E-006
1 1 237   1.70958083832E-002 -6.83860520295E-017  9.68632997162E-017 -9.94154153830E-007 -1.30775444787E-001 -7.78778583558E-006
1 1 238   1.71257485029E-002 -6.52012081478E-017  9.12847407256E-017 -9.90968853384E-007 -1.30754390409E-001 -7.76843789547E-006
1 1 239   1.71556886227E-002 -6.14539343892E-017  8.61195338132E-017 -9.84704641397E-007 -1.30733322841E-001 -7.74927129405E-006
1 1 240   1.71856287424E-002 -5.74085050331E-017  8.08713176721E-017 -9.75361517868E-007 -1.30712242082E-001 -7.73028603131E-006
1 1 241   1.72155688622E-002 -5.21975583416E-017  7.72426285260E-017 -9.62939482796E-007 -1.30691148134E-001 -7.71148210727E-006
1 1 242   1.72455089819E-002 -4.64919444089E-017  7.38240035509E-017 -9.47438536183E-007 -1.30670040994E-001 -7.69285952192E-006
1 1 243   1.72754491017E-002 -4.03187682893E-017  7.06933697778E-017 -9.28858678029E-007 -1.30648920665E-001 -7.67441827525E-006
1 1 244   1.73053892214E-002 -3.35018471298E-017  6.81692115950E-017 -9.07199908332E-007 -1.30627787144E-001 -7.65615836728E-006
1 1 245   1.73353293412E-002 -2.57904591780E-017  6.66919861350E-017 -8.82462227094E-007 -1.30606640434E-001 -7.63807979799E-006
1 1 246   1.73652694610E-002 -1.75369701400E-017  6.55942314354E-017 -8.54645634313E-007 -1.30585480533E-001 -7.62018256739E-006
1 1 247   1.73952095807E-002 -8.72782748851E-018  6.50656828763E-017 -8.23750129991E-007 -1.30564307442E-001 -7.60246667548E-006
1 1 316   1.94610778443E-002 -8.99602988334E-017  1.10270719541E-016 -1.28562713989E-006 -1.29161396407E-001 -5.70981583508E-006
1 1 317   1.94910179641E-002 -9.13141751205E-017  1.10781321589E-016 -1.02068415239E-006 -1.29143696427E-001 -5.72039891745E-006
1 1 318   1.95209580838E-002 -9.22363822418E-017  1.11347139598E-016 -7.58138541895E-007 -1.29126032999E-001 -5.73049549348E-006
1 1 319   1.95508982036E-002 -9.23968949853E-017  1.11752444863E-016 -4.97990308410E-007 -1.29108406122E-001 -5.74010556317E-006
1 1 320   1.95808383234E-002 -9.20750224654E-017  1.12283534521E-016 -2.40239451933E-007 -1.29090815798E-001 -5.74922912653E-006
1 1 321   1.96107784431E-002 -9.12720352314E-017  1.12826482640E-016  1.51140275381E-008 -1.29073262026E-001 -5.75786618354E-006
1 1 322   1.96407185629E-002 -8.97278941685E-017  1.13416017571E-016  2.68070130002E-007 -1.29055744806E-001 -5.76601673423E-006
1 1 323   1.96706586826E-002 -8.76475812501E-017  1.13814123057E-016  5.18628855458E-007 -1.29038264137E-001 -5.77368077857E-006
1 1 324   1.97005988024E-002 -8.49235232917E-017  1.14491749414E-016  7.66790203908E-007 -1.29020820021E-001 -5.78085831658E-006
1 1 325   1.97305389222E-002 -8.16573642471E-017  1.14925430283E-016  1.01255417535E-006 -1.29003412457E-001 -5.78754934824E-006
1 1 326   1.97604790419E-002 -7.78253871937E-017  1.15535294005E-016  1.25592076979E-006 -1.28986041445E-001 -5.79375387358E-006
1 1 327   1.97904191617E-002 -7.34445327905E-017  1.16067230696E-016  1.49688998721E-006 -1.28968706985E-001 -5.79947189257E-006
1 1 328   1.98203592815E-002 -6.82844080759E-017  1.16585614860E-016  1.73546182764E-006 -1.28951409077E-001 -5.80470340523E-006
1 1 329   1.98502994012E-002 -6.27854701823E-017  1.17063341442E-016  1.97163629105E-006 -1.28934147721E-001 -5.80944841155E-006
1 1 330   1.98802395210E-002 -5.66089059309E-017  1.17656264505E-016  2.20541337746E-006 -1.28916922917E-001 -5.81370691153E-006
1 1 331   1.99101796407E-002 -4.98360304847E-017  1.18293233282E-016  2.43679308686E-006 -1.28899734665E-001 -5.81747890517E-006
1 1 332   1.99401197605E-002 -4.23821405488E-017  1.18665927779E-016  2.66577541925E-006 -1.28882582965E-001 -5.82076439248E-006
1 1 333   1.99700598803E-002 -3.45013460076E-017  1.19289344028E-016  2.89236037464E-006 -1.28865467817E-001 -5.82356337345E-006
1 1 334   2.00000000000E-002 -2.59056556588E-017  1.19770458742E-016  3.11654795302E-006 -1.28848389221E-001 -5.82587584808E-006
1 1 335   2.00299401198E-002 -1.67373710377E-017  1.20299007301E-016  3.33833815439E-006 -1.28831347177E-001 -5.82770181638E-006
1 1 336   2.00598802395E-002 -7.08797170262E-018  1.20942752341E-016  3.55773097875E-006 -1.28814341685E-001 -5.82904127834E-006
1 1 337   2.00898203593E-002  3.27293530819E-018  1.21471300900E-016  3.77472642611E-006 -1.28797372745E-001 -5.82989423396E-006
1 1 338   2.01197604791E-002  1.41962721960E-017  1.21979520668E-016  3.98932449646E-006 -1.28780440357E-001 -5.83026068324E-006
1 1 339   2.01497005988E-002  2.56617101700E-017  1.22467411646E-016  4.20152518981E-006 -1.28763544522E-001 -5.83014062619E-006
1 1 340   2.01796407186E-002  3.77505643932E-017  1.23124709213E-016  4.41132850615E-006 -1.28746685238E-001 -5.82953406279E-006
1 1 341   2.02095808383E-002  5.04628348656E-017  1.23504179973E-016  4.61873444548E-006 -1.28729862506E-001 -5.82844099307E-006
1 1 342   2.02395209581E-002  6.35681286255E-017  1.24236016440E-016  4.82374300780E-006 -1.28713076326E-001 -5.82686141700E-006
1 1 343   2.02694610779E-002  7.75136790691E-017  1.24710354890E-016  5.02635419311E-006 -1.28696326699E-001 -5.82479533460E-006
1 1 344   2.02994011976E-002  9.19132391725E-017  1.25211798395E-016  5.22656800142E-006 -1.28679613623E-001 -5.82224274586E-006
1 1 345   2.03293413174E-002  1.06936215525E-016  1.25781004535E-016  5.42438443272E-006 -1.28662937099E-001 -5.81920365078E-006
1 1 346   2.03592814371E-002  1.22480964173E-016  1.26472183420E-016  5.61980348702E-006 -1.28646297128E-001 -5.81567804936E-006
1 1 347   2.03892215569E-002  1.38723667970E-016  1.26878759235E-016  5.81282516431E-006 -1.28629693708E-001 -5.81166594161E-006
1 1 348   2.04191616767E-002  1.55447486480E-016  1.27529280539E-016  6.00344946459E-006 -1.28613126840E-001 -5.80716732752E-006
1 1 349   2.04491017964E-002  1.72889588930E-016  1.28084934152E-016  6.19167638786E-006 -1.28596596525E-001 -5.80218220709E-006
1 1 350   2.04790419162E-002  1.90738267195E-016  1.28681245347E-016  6.37750593413E-006 -1.28580102761E-001 -5.79671058033E-006
1 1 351   2.05089820359E-002  2.09413649616E-016  1.29114926216E-016  6.56093810339E-006 -1.28563645550E-001 -5.79075244722E-006
1 1 352   2.05389221557E-002  2.28427845216E-016  1.29860315209E-016  6.74197289564E-006 -1.28547224890E-001 -5.78430780779E-006
1 1 353   2.05688622755E-002  2.48187429809E-016  1.30293996078E-016  6.92061031089E-006 -1.28530840783E-001 -5.77737666201E-006
1 1 354   2.05988023952E-002  2.68462010435E-016  1.30917412328E-016  7.09685034912E-006 -1.28514493228E-001 -5.76995900989E-006
1 1 355   2.06287425150E-002  2.89305797201E-016  1.31418855832E-016  7.27069301036E-006 -1.28498182224E-001 -5.76205485144E-006
1 1 356   2.06586826347E-002  3.10976288123E-016  1.31866089229E-016  7.44213829458E-006 -1.28481907773E-001 -5.75366418665E-006
1 1 357   2.06886227545E-002  3.32822961899E-016  1.32570820641E-016  7.61118620180E-006 -1.28465669873E-001 -5.74478701553E-006
1 1 358   2.07185628743E-002  3.55536997412E-016  1.33140026781E-016  7.77783673201E-006 -1.28449468526E-001 -5.73542333806E-006
1 1 359   2.07485029940E-002  3.78860896648E-016  1.33682127867E-016  7.94208988521E-006 -1.28433303731E-001 -5.72557315426E-006
1 1 360   2.07784431138E-002  4.02632029280E-016  1.34197123899E-016  8.10394566141E-006 -1.28417175487E-001 -5.71523646413E-006
1 1 361   2.08083832336E-002  4.26972368052E-016  1.34793435094E-016  8.26340406060E-006 -1.28401083796E-001 -5.70441326765E-006
1 1 362   2.08383233533E-002  4.51963228128E-016  1.35416851343E-016  8.42046508278E-006 -1.28385028657E-001 -5.69310356484E-006
1 1 363   2.08682634731E-002  4.77591056980E-016  1.36040267593E-016  8.57512872795E-006 -1.28369010070E-001 -5.68130735569E-006
1 1 364   2.08982035928E-002  5.03666119228E-016  1.36582368679E-016  8.72739499612E-006 -1.28353028035E-001 -5.66902464020E-006
1 1 365   2.09281437126E-002  5.30500122997E-016  1.37070259656E-016  8.87726388728E-006 -1.28337082551E-001 -5.65625541837E-006
1 1 366   2.09580838324E-002  5.57849122798E-016  1.37639465797E-016  9.02473540144E-006 -1.28321173620E-001 -5.64299969021E-006
1 1 367   2.09880239521E-002  5.85686013577E-016  1.38452617426E-016  9.16980953859E-006 -1.28305301241E-001 -5.62925745571E-006
1 1 368   2.10179640719E-002  6.14227635767E-016  1.38967613458E-016  9.31248629873E-006 -1.28289465414E-001 -5.61502871488E-006
1 1 369   2.10479041916E-002  6.43419779262E-016  1.39455504436E-016  9.45276568186E-006 -1.28273666139E-001 -5.60031346770E-006
1 1 405   2.21257485032E-002  6.75882740482E-016  3.79091289610E-016 -1.33290277225E-005 -1.27805574041E-001 -5.00667546963E-006
1 1 406   2.21556886229E-002  6.38349228281E-016  3.81259693955E-016 -1.32248907864E-005 -1.27795389265E-001 -4.99813928770E-006
1 1 407   2.21856287427E-002  6.01462002219E-016  3.83482308408E-016 -1.31118161769E-005 -1.27785256294E-001 -4.98967209984E-006
1 1 408   2.22155688625E-002  5.65438538006E-016  3.85677817807E-016 -1.29898038939E-005 -1.27775175129E-001 -4.98127390605E-006
1 1 409   2.22455089822E-002  5.30197732235E-016  3.87927537315E-016 -1.28588539376E-005 -1.27765145770E-001 -4.97294470634E-006
1 1 410   2.22754491020E-002  4.96064210285E-016  3.90014626497E-016 -1.27189663078E-005 -1.27755168218E-001 -4.96468450069E-006
1 1 411   2.23053892217E-002  4.62279242392E-016  3.92318556114E-016 -1.25701410047E-005 -1.27745242471E-001 -4.95649328912E-006
1 1 412   2.23353293415E-002  4.29222299318E-016  3.94649590785E-016 -1.24123780281E-005 -1.27735368531E-001 -4.94837107161E-006
1 1 413   2.23652694612E-002  3.97408377094E-016  3.96655364804E-016 -1.22456773781E-005 -1.27725546396E-001 -4.94031784818E-006
1 1 414   2.23952095810E-002  3.65932421016E-016  3.99094819692E-016 -1.20700390547E-005 -1.27715776068E-001 -4.93233361882E-006
1 1 415   2.24251497007E-002  3.35331026456E-016  4.01425854363E-016 -1.18854630579E-005 -1.27706057545E-001 -4.92441838353E-006
1 1 416   2.24550898205E-002  3.05688049675E-016  4.03702678925E-016 -1.16919493877E-005 -1.27696390829E-001 -4.91657214231E-006
1 1 417   2.24850299403E-002  2.76694641286E-016  4.05843978216E-016 -1.14894980441E-005 -1.27686775919E-001 -4.90879489516E-006
1 1 418   2.25149700600E-002  2.48575476778E-016  4.08093697724E-016 -1.12781090271E-005 -1.27677212815E-001 -4.90108664208E-006
1 1 419   2.25449101798E-002  2.21103339562E-016  4.10451837449E-016 -1.10577823366E-005 -1.27667701517E-001 -4.89344738308E-006
1 1 420   2.25748502995E-002  1.94480988151E-016  4.12809977174E-016 -1.08285179728E-005 -1.27658242024E-001 -4.88587711814E-006
1 1 421   2.26047904193E-002  1.68559556504E-016  4.15086801736E-016 -1.05903159355E-005 -1.27648834338E-001 -4.87837584728E-006
1 1 422   2.26347305390E-002  1.43488228298E-016  4.17363626298E-016 -1.03431762249E-005 -1.27639478458E-001 -4.87094357048E-006
1 1 423   2.26646706588E-002  1.19293790951E-016  4.19613345806E-016 -1.00870988408E-005 -1.27630174385E-001 -4.86358028776E-006
1 1 424   2.26946107786E-002  9.57195934792E-017  4.22134115857E-016 -9.82208378329E-006 -1.27620922117E-001 -4.85628599911E-006
1 1 425   2.27245508983E-002  7.29710413730E-017  4.24383835365E-016 -9.54813105239E-006 -1.27611721655E-001 -4.84906070453E-006
1 1 426   2.27544910181E-002  5.10019713365E-017  4.26796185199E-016 -9.26524064809E-006 -1.27602572999E-001 -4.84190440402E-006
1 1 427   2.27844311378E-002  2.98418177647E-017  4.29045904707E-016 -8.97341257037E-006 -1.27593476149E-001 -4.83481709758E-006
1 1 428   2.28143712576E-002  9.33239725461E-018  4.31553122231E-016 -8.67264681925E-006 -1.27584431106E-001 -4.82779878522E-006
1 1 429   2.28443113773E-002 -1.03036264078E-017  4.33911261956E-016 -8.36294339472E-006 -1.27575437868E-001 -4.82084946692E-006
1 1 430   2.28742514971E-002 -2.91845201976E-017  4.36242296627E-016 -8.04430229677E-006 -1.27566496437E-001 -4.81396914269E-006
1 1 431   2.29041916168E-002 -4.70525743409E-017  4.38586883825E-016 -7.71672352542E-006 -1.27557606811E-001 -4.80715781254E-006
1 1 432   2.29341317366E-002 -6.44771008571E-017  4.40972128604E-016 -7.38020708066E-006 -1.27548768992E-001 -4.80041547646E-006
1 1 433   2.29640718564E-002 -8.09567621206E-017  4.43452241074E-016 -7.03475296249E-006 -1.27539982978E-001 -4.79374213445E-006
1 1 434   2.29940119761E-002 -9.66880697752E-017  4.45851038380E-016 -6.68036117091E-006 -1.27531248771E-001 -4.78713778651E-006
1 1 435   2.30239520959E-002 -1.11691299672E-016  4.48222730633E-016 -6.31703170592E-006 -1.27522566370E-001 -4.78060243264E-006
1 1 436   2.30538922156E-002 -1.25800115716E-016  4.50716395629E-016 -5.94476456752E-006 -1.27513935774E-001 -4.77413607284E-006
1 1 437   2.30838323354E-002 -1.39204888563E-016  4.53155850517E-016 -5.56355975571E-006 -1.27505356985E-001 -4.76773870711E-006
1 1 438   2.31137724551E-002 -1.51800268488E-016  4.55486885188E-016 -5.17341727049E-006 -1.27496830002E-001 -4.76141033545E-006
1 1 439   2.31437125749E-002 -1.63636706893E-016  4.58014431503E-016 -4.77433711186E-006 -1.27488354825E-001 -4.75515095787E-006
1 1 440   2.31736526947E-002 -1.74701392404E-016  4.60433557600E-016 -4.36631927982E-006 -1.27479931454E-001 -4.74896057435E-006
1 1 441   2.32035928144E-002 -1.84865099557E-016  4.62886565016E-016 -3.94936377437E-006 -1.27471559889E-001 -4.74283918491E-006
1 1 442   2.32335329342E-002 -1.94463332808E-016  4.65427663857E-016 -3.52347059552E-006 -1.27463240130E-001 -4.73678678954E-006
1 1 443   2.32634730539E-002 -2.03201483511E-016  4.67826461164E-016 -3.08863974325E-006 -1.27454972177E-001 -4.73080338824E-006
1 1 444   2.32934131737E-002 -2.11106444961E-016  4.70333678688E-016 -2.64487121757E-006 -1.27446756031E-001 -4.72488898101E-006
1 1 445   2.33233532935E-002 -2.18261358736E-016  4.72840896212E-016 -2.19216501849E-006 -1.27438591690E-001 -4.71904356785E-006
1 1 446   2.33532934132E-002 -2.24566142600E-016  4.75273574836E-016 -1.73052114600E-006 -1.27430479155E-001 -4.71326714876E-006
1 1 447   2.33832335330E-002 -2.30223740352E-016  4.77921399829E-016 -1.25993960009E-006 -1.27422418427E-001 -4.70755972374E-006
1 1 448   2.34131736527E-002 -2.34919466019E-016  4.80366783948E-016 -7.80420380777E-007 -1.27414409504E-001 -4.70192129280E-006
1 1 463   2.38622754491E-002 -1.38972960354E-016  1.97254491658E-016 -5.91050751356E-006 -1.27348045563E-001 -4.82140248185E-006
1 1 464   2.38922155689E-002 -1.44285498059E-016  1.29589264666E-016 -5.58747597920E-006 -1.27344951557E-001 -4.74901971162E-006
1 1 465   2.39221556886E-002 -1.50647350768E-016  6.71527720583E-017 -5.29240802729E-006 -1.27341880427E-001 -4.67356259958E-006
1 1 466   2.39520958084E-002 -1.58015266860E-016  1.07064964533E-017 -5.02530365783E-006 -1.27338832173E-001 -4.59503114572E-006
1 1 467   2.39820359281E-002 -1.66604604461E-016 -4.00477177462E-017 -4.78616287082E-006 -1.27335806795E-001 -4.51342535005E-006
1 1 468   2.40119760479E-002 -1.76469150165E-016 -8.47710573612E-017 -4.57498566626E-006 -1.27332804293E-001 -4.42874521256E-006
1 1 469   2.40419161677E-002 -1.87184116948E-016 -1.24263121494E-016 -4.39177204415E-006 -1.27329824666E-001 -4.34099073326E-006
1 1 470   2.40718562874E-002 -1.99165397987E-016 -1.57480365554E-016 -4.23652200448E-006 -1.27326867915E-001 -4.25016191214E-006
1 1 471   2.41017964072E-002 -2.12311349328E-016 -1.85052982053E-016 -4.10923554727E-006 -1.27323934040E-001 -4.15625874921E-006
1 1 472   2.41317365269E-002 -2.26637641082E-016 -2.07048733627E-016 -4.00991267250E-006 -1.27321023040E-001 -4.05928124447E-006
1 1 473   2.41616766467E-002 -2.42010018525E-016 -2.23135583361E-016 -3.93855338018E-006 -1.27318134917E-001 -3.95922939791E-006
1 1 474   2.41916167665E-002 -2.58594076599E-016 -2.33618463116E-016 -3.89515767032E-006 -1.27315269669E-001 -3.85610320953E-006
1 1 475   2.42215568862E-002 -2.76199021133E-016 -2.38266979931E-016 -3.87972554290E-006 -1.27312427297E-001 -3.74990267934E-006
1 1 476   2.42514970060E-002 -2.94998917397E-016 -2.37203106549E-016 -3.89225699792E-006 -1.27309607800E-001 -3.64062780734E-006
1 1 477   2.42814371257E-002 -3.01828332293E-016 -2.34702665289E-016 -3.78474679406E-006 -1.27306771647E-001 -3.54965424136E-006
1 1 478   2.43113772455E-002 -2.48214534863E-016 -2.49583340106E-016 -3.05739886314E-006 -1.27303770678E-001 -3.55182249296E-006
1 1 479   2.43413173653E-002 -1.89139068990E-016 -2.64003229000E-016 -2.36572885350E-006 -1.27300769894E-001 -3.55428778903E-006
1 1 480   2.43712574850E-002 -1.25062720596E-016 -2.78206277460E-016 -1.70973676515E-006 -1.27297769296E-001 -3.55705012958E-006
1 1 481   2.44011976048E-002 -5.51452329980E-017 -2.92029855159E-016 -1.08942259810E-006 -1.27294768884E-001 -3.56010951460E-006
1 1 482   2.44311377246E-002  2.00848452453E-017 -3.05663697478E-016 -5.04786352328E-007 -1.27291768658E-001 -3.56346594409E-006
1 1 483   2.44610778443E-002  1.00397121172E-016 -3.18836753874E-016  4.41719721508E-008 -1.27288768618E-001 -3.56711941805E-006
1 1 484   2.44910179641E-002  1.86184618070E-016 -3.31738759726E-016  5.57452375340E-007 -1.27285768763E-001 -3.57106993649E-006
1 1 485   2.45209580838E-002  2.77745491536E-016 -3.44261294818E-016  1.03505485724E-006 -1.27282769094E-001 -3.57531749940E-006
1 1 486   2.45508982036E-002  3.74334352578E-016 -3.56485674313E-016  1.47697941785E-006 -1.27279769611E-001 -3.57986210679E-006
1 1 487   2.45808383234E-002  4.76276461846E-016 -3.68628738645E-016  1.88322605717E-006 -1.27276770314E-001 -3.58470375864E-006
1 1 488   2.46107784431E-002  5.83775107248E-016 -3.80094176619E-016  2.25379477520E-006 -1.27273771202E-001 -3.58984245497E-006
1 1 489   2.46407185629E-002  6.96437265496E-016 -3.91532509539E-016  2.58868557195E-006 -1.27270772277E-001 -3.59527819577E-006
1 1 490   2.46706586826E-002  8.14452671971E-016 -4.02428741372E-016  2.88789844740E-006 -1.27267773537E-001 -3.60101098105E-006
1 1 491   2.47005988024E-002  9.38187244906E-016 -4.13162342880E-016  3.15143340156E-006 -1.27264774983E-001 -3.60704081080E-006
1 1 492   2.47305389222E-002  1.06661099224E-015 -4.23543578681E-016  3.37929043444E-006 -1.27261776614E-001 -3.61336768502E-006
1 1 493   2.47604790419E-002  1.20116048184E-015 -4.33572448777E-016  3.57146954602E-006 -1.27258778432E-001 -3.61999160371E-006
1 1 494   2.47904191617E-002  1.34056177617E-015 -4.43330268329E-016  3.72797073632E-006 -1.27255780435E-001 -3.62691256688E-006
1 1 495   2.48203592814E-002  1.48587197234E-015 -4.52627301958E-016  3.84879400533E-006 -1.27252782624E-001 -3.63413057452E-006
1 1 496   2.48502994012E-002  1.63611528839E-015 -4.61870125479E-016  3.93393935304E-006 -1.27249784999E-001 -3.64164562663E-006
1 1 497   2.48802395210E-002  1.79167119509E-015 -4.70652163076E-016  3.98340677947E-006 -1.27246787560E-001 -3.64945772322E-006
1 1 498   2.49101796407E-002  1.95270232276E-015 -4.79217360239E-016  3.99719628461E-006 -1.27243790306E-001 -3.65756686428E-006
1 1 499   2.49401197605E-002  2.11939840677E-015 -4.87511506858E-016  3.97530786846E-006 -1.27240793238E-001 -3.66597304981E-006
1 1 500   2.49700598802E-002  2.29137997639E-015 -4.94992501848E-016  3.91774153102E-006 -1.27237796356E-001 -3.67467627981E-006
1 1 501   2.50000000000E-002 -1.45144855336E-015  2.18954628733E-016 -2.45802519835E-009 -1.27174313349E-005 -2.36229135854E-009
