1 1 3   1.00898203593E-002  9.61145225908E-017  3.86584143061E-016 -1.25706613182E-005 -1.33662118120E-001 -3.07672035126E-006
1 1 4   1.01197604790E-002  1.09965205344E-016  4.22130727725E-016 -1.26136424491E-005 -1.33663843017E-001 -3.06743065994E-006
1 1 5   1.01497005988E-002  1.24297002812E-016  4.59118962466E-016 -1.26566235800E-005 -1.33665567914E-001 -3.05814096863E-006
1 1 6   1.01796407186E-002  1.39116691257E-016  4.97326924651E-016 -1.26996047109E-005 -1.33667292811E-001 -3.04885127731E-006
1 1 7   1.02095808383E-002  1.54525914633E-016  5.36717344830E-016 -1.27425858418E-005 -1.33669017708E-001 -3.03956158600E-006
1 1 8   1.02395209581E-002  1.70558554259E-016  5.77391866957E-016 -1.27855669727E-005 -1.33670742605E-001 -3.03027189469E-006
1 1 9   1.02694610778E-002  1.87011322227E-016  6.19445358722E-016 -1.28285481036E-005 -1.33672467502E-001 -3.02098220337E-006
1 1 10   1.02994011976E-002  2.04087506443E-016  6.62576276397E-016 -1.28715292345E-005 -1.33674192399E-001 -3.01169251206E-006
1 1 11   1.03293413174E-002  2.21665134165E-016  7.07126821290E-016 -1.29145103653E-005 -1.33675917295E-001 -3.00240282075E-006
1 1 12   1.03592814371E-002  2.39710324073E-016  7.52809002202E-016 -1.29574914962E-005 -1.33677642192E-001 -2.99311312944E-006
1 1 13   1.03892215569E-002  2.58446692866E-016  7.99843047697E-016 -1.30004726271E-005 -1.33679367089E-001 -2.98382343812E-006
1 1 14   1.04191616766E-002  2.77576084947E-016  8.48110373163E-016 -1.30434537580E-005 -1.33681091986E-001 -2.97453374681E-006
1 1 15   1.04491017964E-002  2.97301788223E-016  8.97749892004E-016 -1.30864348889E-005 -1.33682816883E-001 -2.96524405550E-006
1 1 16   1.04790419162E-002  3.17542487530E-016  9.48487165545E-016 -1.31294160198E-005 -1.33684541780E-001 -2.95595436419E-006
1 1 17   1.05089820359E-002  3.38406603087E-016  1.00057969180E-015 -1.31723971507E-005 -1.33686266677E-001 -2.94666467288E-006
1 1 18   1.05389221557E-002  3.59792490939E-016  1.05391566242E-015 -1.32153782816E-005 -1.33687991574E-001 -2.93737498157E-006
1 1 19   1.05688622754E-002  3.81557849552E-016  1.10850524181E-015 -1.32583594125E-005 -1.33689716470E-001 -2.92808529027E-006
1 1 20   1.05988023952E-002  4.04014387050E-016  1.16438231127E-015 -1.33013405434E-005 -1.33691441367E-001 -2.91879559896E-006
1 1 21   1.06287425150E-002  4.27013025633E-016  1.22142489807E-015 -1.33443216743E-005 -1.33693166264E-001 -2.90950590765E-006
1 1 22   1.06586826347E-002  4.50431792559E-016  1.27986000704E-015 -1.33873028052E-005 -1.33694891161E-001 -2.90021621634E-006
1 1 23   1.06886227545E-002  4.74487528261E-016  1.33945724521E-015 -1.34302839361E-005 -1.33696616058E-001 -2.89092652504E-006
1 1 24   1.07185628742E-002  4.99017602414E-016  1.40048427499E-015 -1.34732650670E-005 -1.33698340955E-001 -2.88163683373E-006
1 1 25   1.07485029940E-002  5.24211750397E-016  1.46257517816E-015 -1.35162461979E-005 -1.33700065852E-001 -2.87234714242E-006
1 1 26   1.07784431138E-002  5.49758264086E-016  1.52602811030E-015 -1.35592273288E-005 -1.33701790749E-001 -2.86305745112E-006
1 1 27   1.08083832335E-002  5.76023061714E-016  1.59070754615E-015 -1.36022084597E-005 -1.33703515645E-001 -2.85376775981E-006
1 1 28   1.08383233533E-002  6.02653777576E-016  1.65668802461E-015 -1.36451895906E-005 -1.33705240542E-001 -2.84447806851E-006
1 1 29   1.08682634731E-002  6.29948567268E-016  1.72388145425E-015 -1.36881707215E-005 -1.33706965439E-001 -2.83518837721E-006
1 1 30   1.08982035928E-002  6.57799010574E-016  1.79245046540E-015 -1.37311518524E-005 -1.33708690336E-001 -2.82589868590E-006
1 1 31   1.09281437126E-002  6.86123792330E-016  1.86221887520E-015 -1.37741329833E-005 -1.33710415233E-001 -2.81660899460E-006
1 1 32   1.09580838323E-002  7.14895807483E-016  1.93317990739E-015 -1.38171141142E-005 -1.33712140130E-001 -2.80731930330E-006
1 1 33   1.09880239521E-002  7.44291238884E-016  2.00551652108E-015 -1.38600952451E-005 -1.33713865027E-001 -2.79802961199E-006
1 1 34   1.10179640719E-002  7.74282981481E-016  2.07906608596E-015 -1.39030763760E-005 -1.33715589924E-001 -2.78873992069E-006
1 1 35   1.10479041916E-002  8.04762615055E-016  2.15390314091E-015 -1.39460575070E-005 -1.33717314820E-001 -2.77945022939E-006
1 1 36   1.10778443112E-002  7.00442714897E-015  6.12777515362E-017 -1.62434021950E-005 -1.33688248743E-001 -3.30210178256E-006
1 1 37   1.11077844310E-002  6.86599824847E-015 -7.52978408791E-017 -1.48753523902E-005 -1.33687552166E-001 -3.29260097625E-006
1 1 38   1.11377245507E-002  6.72854512992E-015 -2.01485421229E-016 -1.35073025855E-005 -1.33686855589E-001 -3.28310016995E-006
1 1 39   1.11676646705E-002  6.59174592080E-015 -3.17603473902E-016 -1.21392527808E-005 -1.33686159012E-001 -3.27359936364E-006
1 1 40   1.11976047903E-002  6.45575986332E-015 -4.23516473627E-016 -1.07712029761E-005 -1.33685462435E-001 -3.26409855733E-006
1 1 41   1.12275449100E-002  6.32072248274E-015 -5.19183762822E-016 -9.40315317138E-006 -1.33684765857E-001 -3.25459775102E-006
1 1 42   1.12574850298E-002  6.18609167797E-015 -6.04876392030E-016 -8.03510336666E-006 -1.33684069280E-001 -3.24509694471E-006
1 1 43   1.12874251495E-002  6.05251119406E-015 -6.80296205653E-016 -6.66705356195E-006 -1.33683372703E-001 -3.23559613840E-006
1 1 44   1.13173652693E-002  5.91963544155E-015 -7.45348336002E-016 -5.29900375723E-006 -1.33682676126E-001 -3.22609533209E-006
1 1 45   1.13473053891E-002  5.78703751586E-015 -8.00547779109E-016 -3.93095395252E-006 -1.33681979549E-001 -3.21659452578E-006
1 1 46   1.13772455088E-002  5.65583550046E-015 -8.45271118724E-016 -2.56290414781E-006 -1.33681282971E-001 -3.20709371946E-006
1 1 47   1.14071856286E-002  5.52537887406E-015 -8.79843615499E-016 -1.19485434309E-006 -1.33680586394E-001 -3.19759291315E-006
1 1 48   1.14371257483E-002  5.39561342654E-015 -9.04319479543E-016  1.73195461622E-007 -1.33679889817E-001 -3.18809210684E-006
1 1 49   1.14670658681E-002  5.26670856449E-015 -9.18698710856E-016  1.54124526633E-006 -1.33679193240E-001 -3.17859130052E-006
1 1 50   1.14970059879E-002  5.13844067122E-015 -9.22832231638E-016  2.90929507105E-006 -1.33678496663E-001 -3.16909049421E-006
1 1 51   1.15269461076E-002  5.01091816695E-015 -9.16543859038E-016  4.27734487576E-006 -1.33677800085E-001 -3.15958968789E-006
1 1 52   1.15568862274E-002  4.88432739892E-015 -9.00226616342E-016  5.64539468047E-006 -1.33677103508E-001 -3.15008888157E-006
1 1 53   1.15868263472E-002  4.75855994691E-015 -8.74060074535E-016  7.01344448519E-006 -1.33676406931E-001 -3.14058807526E-006
1 1 54   1.16167664672E-002 -3.12330185586E-015 -8.43251792178E-016  5.98665214657E-006 -1.33662005454E-001 -3.43986592367E-006
1 1 55   1.16467065869E-002 -3.00595052322E-015 -8.42736796146E-016  7.42141861755E-006 -1.33653773314E-001 -3.42932033334E-006
1 1 56   1.16766467067E-002 -2.88881603101E-015 -8.42221800114E-016  8.85618508860E-006 -1.33645541174E-001 -3.41877474301E-006
1 1 57   1.17065868264E-002 -2.77147147463E-015 -8.41639041446E-016  1.02909515597E-005 -1.33637309033E-001 -3.40822915268E-006
1 1 58   1.17365269462E-002 -2.65443862637E-015 -8.41140986073E-016  1.17257180309E-005 -1.33629076893E-001 -3.39768356235E-006
1 1 59   1.17664670660E-002 -2.53712456317E-015 -8.40524346088E-016  1.31604845021E-005 -1.33620844753E-001 -3.38713797202E-006
1 1 60   1.17964071857E-002 -2.41996296591E-015 -8.40080500823E-016  1.45952509734E-005 -1.33612612612E-001 -3.37659238169E-006
1 1 61   1.18263473055E-002 -2.30330535325E-015 -8.39508541826E-016  1.60300174447E-005 -1.33604380472E-001 -3.36604679136E-006
1 1 62   1.18562874252E-002 -1.79354144383E-016  6.42308472035E-016  1.76665087247E-006 -1.33609302248E-001 -2.44198077407E-006
1 1 63   1.18862275449E-002 -1.92811803849E-016  5.93424506583E-016  2.09996706377E-006 -1.33601230867E-001 -2.46571693716E-006
1 1 64   1.19161676647E-002 -2.06228805734E-016  5.45963556482E-016  2.43328325507E-006 -1.33593159487E-001 -2.48945310026E-006
1 1 65   1.19461077845E-002 -2.19686465200E-016  4.98868524615E-016  2.76659944636E-006 -1.33585088106E-001 -2.51318926335E-006
1 1 66   1.19760479042E-002 -2.32859521596E-016  4.53020325246E-016  3.09991563766E-006 -1.33577016725E-001 -2.53692542644E-006
1 1 67   1.20059880240E-002 -2.46330733589E-016  4.08093697724E-016  3.43323182895E-006 -1.33568945345E-001 -2.56066158954E-006
1 1 68   1.20359281437E-002 -2.59829050636E-016  3.63505883380E-016  3.76654802024E-006 -1.33560873964E-001 -2.58439775263E-006
1 1 69   1.20658682635E-002 -2.72920791869E-016  3.20476609660E-016  4.09986421153E-006 -1.33552802583E-001 -2.60813391573E-006
1 1 70   1.20958083833E-002 -2.86283583645E-016  2.78043647134E-016  4.43318040282E-006 -1.33544731203E-001 -2.63187007882E-006
1 1 71   1.21257485030E-002 -2.99754795638E-016  2.36545808982E-016  4.76649659411E-006 -1.33536659822E-001 -2.65560624192E-006
1 1 72   1.21556886228E-002 -3.12805879289E-016  1.96064410367E-016  5.09981278540E-006 -1.33528588441E-001 -2.67934240502E-006
1 1 73   1.21856287425E-002 -3.25965383158E-016  1.56531688653E-016  5.43312897668E-006 -1.33520517061E-001 -2.70307856812E-006
1 1 74   1.22155688623E-002 -3.39246859771E-016  1.17568173079E-016  5.76644516797E-006 -1.33512445680E-001 -2.72681473122E-006
1 1 75   1.22455089821E-002 -3.52528336384E-016  7.94991242975E-017  6.09976135925E-006 -1.33504374300E-001 -2.75055089431E-006
1 1 76   1.22754491018E-002 -3.65552314981E-016  4.27175655959E-017  6.43307755053E-006 -1.33496302919E-001 -2.77428705741E-006
1 1 77   1.23053892216E-002 -3.78738923903E-016  6.84402621381E-018  6.76639374181E-006 -1.33488231538E-001 -2.79802322052E-006
1 1 78   1.23353293413E-002 -3.91803560082E-016 -2.84806358185E-017  7.09970993309E-006 -1.33480160158E-001 -2.82175938362E-006
1 1 79   1.23652694611E-002 -4.04949511423E-016 -6.28295158955E-017  7.43302612437E-006 -1.33472088777E-001 -2.84549554672E-006
1 1 80   1.23952095809E-002 -4.17973490020E-016 -9.61348513816E-017  7.76634231565E-006 -1.33464017396E-001 -2.86923170982E-006
1 1 81   1.24251497006E-002 -4.31085560044E-016 -1.28450852385E-016  8.09965850693E-006 -1.33455946016E-001 -2.89296787292E-006
1 1 82   1.24550898204E-002 -4.44156972486E-016 -1.60217976039E-016  8.43297469820E-006 -1.33447874635E-001 -2.91670403603E-006
1 1 83   1.24850299401E-002 -4.57042037679E-016 -1.90457052256E-016  8.76629088948E-006 -1.33439803254E-001 -2.94044019913E-006
1 1 84   1.25149700599E-002 -4.70035523090E-016 -2.20316657713E-016  9.09960708075E-006 -1.33431731874E-001 -2.96417636224E-006
1 1 85   1.25449101797E-002 -4.78693046844E-016 -2.39504495067E-016  5.67818589523E-006 -1.33427933443E-001 -3.01637195110E-006
1 1 86   1.25748502994E-002 -4.78356774764E-016 -2.39673054623E-016  5.58815686578E-006 -1.33419130596E-001 -2.99378423468E-006
1 1 87   1.26047904192E-002 -4.77164152374E-016 -2.39896671321E-016  5.49812783636E-006 -1.33410327749E-001 -2.97119651826E-006
1 1 88   1.26347305390E-002 -4.74863610890E-016 -2.40482818121E-016  5.40809880696E-006 -1.33401524902E-001 -2.94860880184E-006
1 1 89   1.26646706587E-002 -4.71461926574E-016 -2.40489594384E-016  5.31806977759E-006 -1.33392722055E-001 -2.92602108542E-006
1 1 90   1.26946107785E-002 -4.67186104256E-016 -2.40801302509E-016  5.22804074824E-006 -1.33383919208E-001 -2.90343336900E-006
1 1 91   1.27245508982E-002 -4.61870125479E-016 -2.40882617672E-016  5.13801171892E-006 -1.33375116361E-001 -2.88084565258E-006
1 1 92   1.27544910180E-002 -4.55351359917E-016 -2.41424718758E-016  5.04798268962E-006 -1.33366313515E-001 -2.85825793616E-006
1 1 93   1.27844311378E-002 -4.48087205361E-016 -2.41587349084E-016  4.95795366035E-006 -1.33357510668E-001 -2.83567021974E-006
1 1 94   1.28143712575E-002 -4.39786282478E-016 -2.41912609736E-016  4.86792463111E-006 -1.33348707821E-001 -2.81308250332E-006
1 1 95   1.28443113773E-002 -4.30401157422E-016 -2.42414053241E-016  4.77789560188E-006 -1.33339904974E-001 -2.79049478690E-006
1 1 96   1.28742514971E-002 -4.20080907993E-016 -2.42576683566E-016  4.68786657269E-006 -1.33331102127E-001 -2.76790707049E-006
1 1 97   1.29041916168E-002 -4.08595141228E-016 -2.42779971474E-016  4.59783754351E-006 -1.33322299280E-001 -2.74531935407E-006
1 1 98   1.29341317366E-002 -3.96357209206E-016 -2.43132337180E-016  4.50780851437E-006 -1.33313496434E-001 -2.72273163765E-006
1 1 99   1.29640718564E-002 -3.82872444686E-016 -2.43430492777E-016  4.41777948524E-006 -1.33304693587E-001 -2.70014392123E-006
1 1 100   1.29940119761E-002 -3.68371240629E-016 -2.43864173646E-016  4.32775045615E-006 -1.33295890740E-001 -2.67755620481E-006
1 1 101   1.30239520959E-002 -3.53097542524E-016 -2.43945488809E-016  4.23772142707E-006 -1.33287087893E-001 -2.65496848839E-006
1 1 102   1.30538922156E-002 -3.36712537193E-016 -2.44243644407E-016  4.14769239803E-006 -1.33278285046E-001 -2.63238077198E-006
1 1 103   1.30838323354E-002 -3.19270434743E-016 -2.44568905058E-016  4.05766336900E-006 -1.33269482199E-001 -2.60979305556E-006
1 1 104   1.31137724552E-002 -3.01001628136E-016 -2.44758640439E-016  3.96763434001E-006 -1.33260679353E-001 -2.58720533914E-006
1 1 105   1.31437125749E-002 -2.81445331450E-016 -2.45138111199E-016  3.87760531103E-006 -1.33251876506E-001 -2.56461762272E-006
1 1 106   1.31736526947E-002 -2.79669950393E-016  1.98033592563E-015  3.47622720378E-006 -1.33240031315E-001 -2.74136659470E-006
1 1 107   1.32035928145E-002 -2.88343567773E-016  1.89570716980E-015  2.97047053840E-006 -1.33225128830E-001 -2.74104840885E-006
1 1 108   1.32335329342E-002 -2.96908764935E-016  1.81282668998E-015  2.46471387299E-006 -1.33210226345E-001 -2.74073022300E-006
1 1 109   1.32634730540E-002 -3.05230016609E-016  1.73169448616E-015  1.95895720756E-006 -1.33195323860E-001 -2.74041203716E-006
1 1 110   1.32934131737E-002 -3.13253112685E-016  1.65215470428E-015  1.45320054211E-006 -1.33180421375E-001 -2.74009385131E-006
1 1 111   1.33233532935E-002 -3.21221998653E-016  1.57408537160E-015  9.47443876636E-007 -1.33165518890E-001 -2.73977566547E-006
1 1 112   1.33532934133E-002 -3.28730098698E-016  1.49763895404E-015  4.41687211135E-007 -1.33150616405E-001 -2.73945747962E-006
1 1 113   1.33832335330E-002 -3.35940043145E-016  1.42336771709E-015 -6.40694543904E-008 -1.33135713920E-001 -2.73913929378E-006
1 1 114   1.34131736528E-002 -3.43041567374E-016  1.35032976012E-015 -5.69826119940E-007 -1.33120811436E-001 -2.73882110793E-006
1 1 115   1.34431137725E-002 -3.49804278425E-016  1.27898586904E-015 -1.07558278551E-006 -1.33105908951E-001 -2.73850292209E-006
1 1 116   1.34730538923E-002 -3.56092651026E-016  1.20955627242E-015 -1.58133945111E-006 -1.33091006466E-001 -2.73818473625E-006
1 1 117   1.35029940120E-002 -3.62597864061E-016  1.14150564543E-015 -2.08709611674E-006 -1.33076103981E-001 -2.73786655040E-006
1 1 118   1.35329341318E-002 -3.68452555792E-016  1.07519651819E-015 -2.59285278238E-006 -1.33061201496E-001 -2.73754836456E-006
1 1 119   1.35628742516E-002 -3.74253037415E-016  1.01062719662E-015 -3.09860944805E-006 -1.33046299011E-001 -2.73723017872E-006
1 1 120   1.35928143713E-002 -3.79728258386E-016  9.47570675896E-016 -3.60436611375E-006 -1.33031396526E-001 -2.73691199287E-006
1 1 121   1.36227544911E-002 -3.84918876287E-016  8.86199750735E-016 -4.11012277947E-006 -1.33016494041E-001 -2.73659380703E-006
1 1 122   1.36526946108E-002 -3.89879101226E-016  8.26680439598E-016 -4.61587944521E-006 -1.33001591556E-001 -2.73627562119E-006
1 1 123   1.36826347306E-002 -3.94385316505E-016  7.68563815021E-016 -5.12163611098E-006 -1.32986689071E-001 -2.73595743535E-006
1 1 124   1.37125748504E-002 -3.98993175738E-016  7.12263229083E-016 -5.62739277678E-006 -1.32971786586E-001 -2.73563924950E-006
1 1 125   1.37425149701E-002 -4.03065710149E-016  6.57564382448E-016 -6.13314944259E-006 -1.32956884101E-001 -2.73532106366E-006
1 1 126   1.37724550899E-002 -4.07012883683E-016  6.04602800388E-016 -6.63890610844E-006 -1.32941981616E-001 -2.73500287782E-006
1 1 127   1.38023952096E-002 -4.10665289751E-016  5.53325966860E-016 -7.14466277430E-006 -1.32927079131E-001 -2.73468469198E-006
1 1 128   1.38323353294E-002 -4.14043257145E-016  5.03603862307E-016 -7.65041944019E-006 -1.32912176646E-001 -2.73436650614E-006
1 1 129   1.38622754491E-002 -4.17292475531E-016  4.55448345189E-016 -8.15617610611E-006 -1.32897274161E-001 -2.73404832030E-006
1 1 130   1.38922155689E-002 -4.20069049532E-016  4.09166253193E-016 -8.66193277205E-006 -1.32882371676E-001 -2.73373013446E-006
1 1 131   1.39221556887E-002 -4.22794801556E-016  3.64447148743E-016 -9.16768943801E-006 -1.32867469191E-001 -2.73341194862E-006
1 1 132   1.39520958084E-002 -4.25225786115E-016  3.21408345902E-016 -9.67344610400E-006 -1.32852566706E-001 -2.73309376278E-006
1 1 133   1.39820359282E-002  1.15177507289E-015  2.40174498128E-016 -1.00545391742E-005 -1.32838385231E-001 -2.50830198319E-006
1 1 134   1.40119760480E-002  1.20186521325E-015  1.53211319499E-016 -1.01873787783E-005 -1.32823228316E-001 -2.52536697970E-006
1 1 135   1.40419161677E-002  1.25209087889E-015  6.10033128613E-017 -1.03202183824E-005 -1.32808071401E-001 -2.54243197621E-006
1 1 136   1.40718562875E-002  1.30269601530E-015 -3.67747824380E-017 -1.04530579865E-005 -1.32792914486E-001 -2.55949697273E-006
1 1 137   1.41017964073E-002  1.35319273148E-015 -1.39943395414E-016 -1.05858975906E-005 -1.32777757571E-001 -2.57656196925E-006
1 1 138   1.41317365270E-002  1.40404181337E-015 -2.48621110678E-016 -1.07187371947E-005 -1.32762600656E-001 -2.59362696578E-006
1 1 139   1.41616766467E-002 -3.69831525430E-016  8.05939143818E-017 -9.36507380060E-006 -1.32747740262E-001 -2.72243620946E-006
1 1 140   1.41916167665E-002 -3.84559734317E-016  7.29740059883E-017 -8.77433979133E-006 -1.32732019628E-001 -2.70806986898E-006
1 1 141   1.42215568862E-002 -3.88449309611E-016  6.50453540856E-017 -8.18360578209E-006 -1.32716298993E-001 -2.69370352849E-006
1 1 142   1.42514970060E-002 -3.81720479878E-016  5.67554426308E-017 -7.59287177288E-006 -1.32700578359E-001 -2.67933718801E-006
1 1 143   1.42814371258E-002 -3.64088642048E-016  4.81504349196E-017 -7.00213776370E-006 -1.32684857724E-001 -2.66497084753E-006
1 1 144   1.43113772455E-002 -3.35885833036E-016  3.91701916128E-017 -6.41140375454E-006 -1.32669137090E-001 -2.65060450704E-006
1 1 145   1.43413173653E-002 -2.96868107354E-016  2.99205918288E-017 -5.82066974542E-006 -1.32653416455E-001 -2.63623816656E-006
1 1 146   1.43712574850E-002 -2.47143885218E-016  2.03067678775E-017 -5.22993573632E-006 -1.32637695821E-001 -2.62187182608E-006
1 1 147   1.44011976048E-002 -1.86672509048E-016  1.03676832744E-017 -4.63920172725E-006 -1.32621975186E-001 -2.60750548560E-006
1 1 148   1.44311377246E-002 -1.15453978843E-016  1.81265050712E-019 -4.04846771821E-006 -1.32606254552E-001 -2.59313914512E-006
1 1 149   1.44610778443E-002 -3.34476370212E-017 -1.04964322824E-017 -3.45773370920E-006 -1.32590533917E-001 -2.57877280463E-006
1 1 150   1.44910179641E-002  5.91838860906E-017 -2.14739792788E-017 -2.86699970021E-006 -1.32574813283E-001 -2.56440646415E-006
1 1 151   1.45209580838E-002  1.62698088509E-016 -3.26903895663E-017 -2.27626569126E-006 -1.32559092648E-001 -2.55004012367E-006
1 1 152   1.45508982036E-002  2.76796814636E-016 -4.42202020444E-017 -1.68553168233E-006 -1.32543372014E-001 -2.53567378320E-006
1 1 153   1.45808383234E-002  4.01805325123E-016 -5.62362114341E-017 -1.09479767343E-006 -1.32527651379E-001 -2.52130744272E-006
1 1 154   1.46107784431E-002  5.37384806792E-016 -6.83809698318E-017 -5.04063664556E-007 -1.32511930745E-001 -2.50694110224E-006
1 1 155   1.46407185629E-002  6.84029926885E-016 -8.10182778884E-017  8.66703442873E-008 -1.32496210110E-001 -2.49257476176E-006
1 1 156   1.46706586826E-002  8.41174867391E-016 -9.39556473665E-017  6.77404353103E-007 -1.32480489475E-001 -2.47820842128E-006
1 1 157   1.47005988024E-002  3.49613939534E-015 -1.04952040846E-016 -4.65671499184E-007 -1.32472266434E-001 -2.74687844216E-006
1 1 158   1.47305389222E-002  3.59734352715E-015 -9.93908460308E-017 -1.39016183126E-007 -1.32452999453E-001 -2.73806902660E-006
1 1 159   1.47604790419E-002  3.70022266662E-015 -9.12796585279E-017  1.87639132964E-007 -1.32433732471E-001 -2.72925961104E-006
1 1 160   1.47904191617E-002  3.80441544831E-015 -8.06578653693E-017  5.14294449087E-007 -1.32414465489E-001 -2.72045019548E-006
1 1 161   1.48203592814E-002  3.91099283950E-015 -6.75525716094E-017  8.40949765242E-007 -1.32395198508E-001 -2.71164077992E-006
1 1 162   1.48502994012E-002  4.01890923096E-015 -5.17909825269E-017  1.16760508143E-006 -1.32375931526E-001 -2.70283136436E-006
1 1 163   1.48802395210E-002  4.12915919820E-015 -3.37932264637E-017  1.49426039765E-006 -1.32356664544E-001 -2.69402194880E-006
1 1 164   1.49101796407E-002  4.24108994350E-015 -1.30646361785E-017  1.82091571390E-006 -1.32337397562E-001 -2.68521253325E-006
1 1 165   1.49401197605E-002  4.35434084258E-015  1.03066969022E-017  2.14757103018E-006 -1.32318130581E-001 -2.67640311769E-006
1 1 166   1.49700598802E-002  4.46936595806E-015  3.60971560802E-017  2.47422634650E-006 -1.32298863599E-001 -2.66759370213E-006
1 1 167   1.50000000000E-002  4.58680262927E-015  6.43067413555E-017  2.80088166285E-006 -1.32279596617E-001 -2.65878428658E-006
1 1 168   1.50299401198E-002  4.70501113279E-015  9.52200557985E-017  3.12753697923E-006 -1.32260329636E-001 -2.64997487103E-006
1 1 169   1.50598802396E-002  8.42333158477E-016  1.11747690891E-015  2.18741527033E-006 -1.32245863656E-001 -2.47230347969E-006
1 1 170   1.50898203594E-002  8.13073278817E-016  1.06063771589E-015  2.36254950615E-006 -1.32226316402E-001 -2.47358306851E-006
1 1 171   1.51197604791E-002  7.84346579927E-016  1.00644454793E-015  2.53768374192E-006 -1.32206769149E-001 -2.47486265733E-006
1 1 172   1.51497005989E-002  7.56690954199E-016  9.55033036161E-016  2.71281797766E-006 -1.32187221895E-001 -2.47614224616E-006
1 1 173   1.51796407187E-002  7.29403787803E-016  9.05932230275E-016  2.88795221336E-006 -1.32167674642E-001 -2.47742183499E-006
1 1 174   1.52095808384E-002  7.02971277651E-016  8.59653738168E-016  3.06308644902E-006 -1.32148127389E-001 -2.47870142381E-006
1 1 175   1.52395209582E-002  6.77375636051E-016  8.16116244680E-016  3.23822068464E-006 -1.32128580135E-001 -2.47998101264E-006
1 1 176   1.52694610779E-002  6.52150994882E-016  7.74872516412E-016  3.41335492021E-006 -1.32109032882E-001 -2.48126060147E-006
1 1 177   1.52994011977E-002  6.27944487315E-016  7.36735704995E-016  3.58848915575E-006 -1.32089485628E-001 -2.48254019030E-006
1 1 178   1.53293413174E-002  6.04510473796E-016  7.01072229783E-016  3.76362339125E-006 -1.32069938375E-001 -2.48381977913E-006
1 1 179   1.53592814372E-002  5.81601620705E-016  6.67997287259E-016  3.93875762671E-006 -1.32050391122E-001 -2.48509936796E-006
1 1 180   1.53892215569E-002  5.59553353088E-016  6.37585416321E-016  4.11389186213E-006 -1.32030843868E-001 -2.48637895679E-006
1 1 181   1.54191616767E-002  5.38099702600E-016  6.09728196752E-016  4.28902609751E-006 -1.32011296615E-001 -2.48765854562E-006
1 1 182   1.54491017965E-002  5.17320290338E-016  5.84554377559E-016  4.46416033285E-006 -1.31991749362E-001 -2.48893813445E-006
1 1 183   1.54790419162E-002  4.97452285527E-016  5.62321456760E-016  4.63929456815E-006 -1.31972202108E-001 -2.49021772329E-006
1 1 184   1.55089820360E-002  4.78187368175E-016  5.42385689313E-016  4.81442880341E-006 -1.31952654855E-001 -2.49149731212E-006
1 1 185   1.55389221557E-002  4.59728826188E-016  5.25417925314E-016  4.98956303863E-006 -1.31933107601E-001 -2.49277690096E-006
1 1 186   1.55688622755E-002  4.41829325947E-016  5.10760867194E-016  5.16469727381E-006 -1.31913560348E-001 -2.49405648979E-006
1 1 187   1.55988023952E-002  4.24732812939E-016  4.98936287251E-016  5.33983150896E-006 -1.31894013095E-001 -2.49533607863E-006
1 1 188   1.56287425150E-002  4.08434204968E-016  4.89747673839E-016  5.51496574406E-006 -1.31874465841E-001 -2.49661566747E-006
1 1 189   1.56586826348E-002  3.92730214126E-016  4.83154369377E-016  5.69009997912E-006 -1.31854918588E-001 -2.49789525631E-006
1 1 190   1.56886227545E-002  3.77764836014E-016  4.79163150130E-016  5.86523421414E-006 -1.31835371334E-001 -2.49917484514E-006
1 1 191   1.57185628743E-002  3.63495718985E-016  4.78048454771E-016  6.04036844912E-006 -1.31815824081E-001 -2.50045443398E-006
1 1 192   1.57485029940E-002  3.50048223914E-016  4.79420648146E-016  6.21550268407E-006 -1.31796276828E-001 -2.50173402282E-006
1 1 193   1.57784431138E-002  3.37222451027E-016  4.83316999703E-016  6.39063691897E-006 -1.31776729574E-001 -2.50301361167E-006
1 1 194   1.58083832335E-002  3.25212370868E-016  4.90086487018E-016  6.56577115383E-006 -1.31757182321E-001 -2.50429320051E-006
1 1 195   1.58383233533E-002  3.13807072233E-016  4.99242913178E-016  6.74090538866E-006 -1.31737635068E-001 -2.50557278935E-006
1 1 196   1.58682634731E-002  3.03203066766E-016  5.11383436411E-016  6.91603962344E-006 -1.31718087814E-001 -2.50685237819E-006
1 1 197   1.58982035928E-002  2.93199607659E-016  5.25848959205E-016  7.09117385819E-006 -1.31698540561E-001 -2.50813196704E-006
1 1 198   1.59281437126E-002 -1.37017065987E-015  1.78844569362E-015  2.76499610155E-006 -1.31680407535E-001 -2.32287909400E-006
1 1 199   1.59580838323E-002 -1.35908977486E-015  1.85588306875E-015  2.45751966808E-006 -1.31661059299E-001 -2.31570818031E-006
1 1 200   1.59880239521E-002 -1.34775139183E-015  1.92454017132E-015  2.15004323463E-006 -1.31641711064E-001 -2.30853726662E-006
1 1 201   1.60179640719E-002 -1.33650957055E-015  1.99490489232E-015  1.84256680119E-006 -1.31622362828E-001 -2.30136635293E-006
1 1 202   1.60479041916E-002 -1.32434448336E-015  2.06676039130E-015  1.53509036776E-006 -1.31603014593E-001 -2.29419543924E-006
1 1 203   1.60778443114E-002 -1.31263848803E-015  2.13991693289E-015  1.22761393435E-006 -1.31583666357E-001 -2.28702452555E-006
1 1 204   1.61077844311E-002 -1.30039547381E-015  2.21440162214E-015  9.20137500945E-007 -1.31564318122E-001 -2.27985361185E-006
1 1 205   1.61377245509E-002 -1.28712585566E-015  2.29029577421E-015  6.12661067556E-007 -1.31544969886E-001 -2.27268269816E-006
1 1 206   1.61676646707E-002 -1.27369445421E-015  2.36713860319E-015  3.05184634180E-007 -1.31525621651E-001 -2.26551178446E-006
1 1 207   1.61976047904E-002 -1.26104062902E-015  2.44609562640E-015 -2.29179918295E-009 -1.31506273415E-001 -2.25834087076E-006
1 1 208   1.62275449102E-002 -1.24703663330E-015  2.52589290629E-015 -3.09768232533E-007 -1.31486925180E-001 -2.25116995706E-006
1 1 209   1.62574850299E-002 -1.26095084352E-015  2.49557929118E-015 -6.26488868257E-007 -1.31465000622E-001 -2.33138106619E-006
1 1 210   1.62874251497E-002 -1.29278403575E-015  2.38680670822E-015 -6.75195662180E-007 -1.31444070949E-001 -2.32716910478E-006
1 1 211   1.63173652695E-002 -1.32467482621E-015  2.27891165140E-015 -7.23902456131E-007 -1.31423141276E-001 -2.32295714337E-006
1 1 212   1.63473053892E-002 -1.35660796832E-015  2.17173149039E-015 -7.72609250109E-007 -1.31402211603E-001 -2.31874518197E-006
1 1 213   1.63772455090E-002 -1.38705710871E-015  2.06471395970E-015 -8.21316044115E-007 -1.31381281930E-001 -2.31453322056E-006
1 1 214   1.64071856287E-002 -1.41762144558E-015  1.95852990943E-015 -8.70022838148E-007 -1.31360352257E-001 -2.31032125915E-006
1 1 215   1.64371257485E-002 -1.44696944314E-015  1.85258980465E-015 -9.18729632208E-007 -1.31339422584E-001 -2.30610929775E-006
1 1 216   1.64670658683E-002 -1.47669691145E-015  1.74750350908E-015 -9.67436426297E-007 -1.31318492911E-001 -2.30189733635E-006
1 1 217   1.64970059880E-002 -1.50584839737E-015  1.64308128735E-015 -1.01614322041E-006 -1.31297563238E-001 -2.29768537495E-006
1 1 218   1.65269461078E-002 -1.53406475890E-015  1.53902498384E-015 -1.06485001456E-006 -1.31276633565E-001 -2.29347341355E-006
1 1 219   1.65568862275E-002 -1.56182033452E-015  1.43556499153E-015 -1.11355680873E-006 -1.31255703892E-001 -2.28926145215E-006
1 1 220   1.65868263473E-002 -1.58911512421E-015  1.33278262558E-015 -1.16226360293E-006 -1.31234774219E-001 -2.28504949075E-006
1 1 221   1.66167664671E-002 -1.61631504621E-015  1.23016288996E-015 -1.21097039715E-006 -1.31213844546E-001 -2.28083752936E-006
1 1 222   1.66467065868E-002 -1.64244431857E-015  1.12835630596E-015 -1.25967719140E-006 -1.31192914873E-001 -2.27662556797E-006
1 1 223   1.66766467066E-002 -1.66805859490E-015  1.02687498262E-015 -1.30838398569E-006 -1.31171985200E-001 -2.27241360658E-006
1 1 224   1.67065868263E-002 -1.69356445100E-015  9.26233915954E-016 -1.35709077999E-006 -1.31151055527E-001 -2.26820164519E-006
1 1 225   1.67365269461E-002 -1.71873149393E-015  8.26162055434E-016 -1.40579757433E-006 -1.31130125854E-001 -2.26398968380E-006
1 1 226   1.67664670658E-002 -1.74309893776E-015  7.26794926326E-016 -1.45450436869E-006 -1.31109196181E-001 -2.25977772241E-006
1 1 227   1.67964071856E-002 -1.76678875523E-015  6.27698847760E-016 -1.50321116309E-006 -1.31088266508E-001 -2.25556576102E-006
1 1 228   1.68263473054E-002 -1.79032949490E-015  5.29144870282E-016 -1.55191795750E-006 -1.31067336835E-001 -2.25135379964E-006
1 1 229   1.68562874251E-002 -1.81294866272E-015  4.31187203997E-016 -1.60062475195E-006 -1.31046407162E-001 -2.24714183826E-006
1 1 230   1.68862275449E-002 -1.83552717296E-015  3.33880059017E-016 -1.64933154642E-006 -1.31025477489E-001 -2.24292987687E-006
1 1 231   1.69161676646E-002 -1.85703503356E-015  2.36871069634E-016 -1.69803834093E-006 -1.31004547816E-001 -2.23871791550E-006
1 1 232   1.69461077844E-002 -1.87839381636E-015  1.40837862206E-016 -1.74674513545E-006 -1.30983618143E-001 -2.23450595412E-006
1 1 233   1.69760479041E-002 -1.89915628796E-015  4.50486002668E-017 -1.79545193001E-006 -1.30962688470E-001 -2.23029399274E-006
1 1 234   1.70059880239E-002 -7.33738055394E-017  1.18615529318E-016 -1.69253295314E-006 -1.30941845864E-001 -2.35527750062E-006
1 1 235   1.70359281436E-002 -7.24831503954E-017  1.10596244890E-016 -1.58579286644E-006 -1.30920956654E-001 -2.35500725275E-006
1 1 236   1.70658682634E-002 -7.07238629639E-017  1.03456604178E-016 -1.47905277964E-006 -1.30900067444E-001 -2.35473700489E-006
1 1 237   1.70958083832E-002 -6.83860520295E-017  9.68632997162E-017 -1.37231269277E-006 -1.30879178234E-001 -2.35446675702E-006
1 1 238   1.71257485029E-002 -6.52012081478E-017  9.12847407256E-017 -1.26557260581E-006 -1.30858289024E-001 -2.35419650916E-006
1 1 239   1.71556886227E-002 -6.14539343892E-017  8.61195338132E-017 -1.15883251876E-006 -1.30837399814E-001 -2.35392626130E-006
1 1 240   1.71856287424E-002 -5.74085050331E-017  8.08713176721E-017 -1.05209243163E-006 -1.30816510604E-001 -2.35365601344E-006
1 1 241   1.72155688622E-002 -5.21975583416E-017  7.72426285260E-017 -9.45352344414E-007 -1.30795621394E-001 -2.35338576559E-006
1 1 242   1.72455089819E-002 -4.64919444089E-017  7.38240035509E-017 -8.38612257113E-007 -1.30774732184E-001 -2.35311551774E-006
1 1 243   1.72754491017E-002 -4.03187682893E-017  7.06933697778E-017 -7.31872169726E-007 -1.30753842974E-001 -2.35284526989E-006
1 1 244   1.73053892214E-002 -3.35018471298E-017  6.81692115950E-017 -6.25132082254E-007 -1.30732953764E-001 -2.35257502204E-006
1 1 245   1.73353293412E-002 -2.57904591780E-017  6.66919861350E-017 -5.18391994697E-007 -1.30712064554E-001 -2.35230477419E-006
1 1 246   1.73652694610E-002 -1.75369701400E-017  6.55942314354E-017 -4.11651907054E-007 -1.30691175344E-001 -2.35203452635E-006
1 1 247   1.73952095807E-002 -8.72782748851E-018  6.50656828763E-017 -3.04911819327E-007 -1.30670286134E-001 -2.35176427851E-006
1 1 316   1.94610778443E-002 -8.99602988334E-017  1.10270719541E-016  9.92411724867E-006 -1.29247984365E-001 -2.62498966962E-006
1 1 317   1.94910179641E-002 -9.13141751205E-017  1.10781321589E-016  9.47248141499E-006 -1.29231206365E-001 -2.60716632488E-006
1 1 318   1.95209580838E-002 -9.22363822418E-017  1.11347139598E-016  9.02084558131E-006 -1.29214428365E-001 -2.58934298013E-006
1 1 319   1.95508982036E-002 -9.23968949853E-017  1.11752444863E-016  8.56920974766E-006 -1.29197650365E-001 -2.57151963538E-006
1 1 320   1.95808383234E-002 -9.20750224654E-017  1.12283534521E-016  8.11757391402E-006 -1.29180872365E-001 -2.55369629064E-006
1 1 321   1.96107784431E-002 -9.12720352314E-017  1.12826482640E-016  7.66593808040E-006 -1.29164094365E-001 -2.53587294589E-006
1 1 322   1.96407185629E-002 -8.97278941685E-017  1.13416017571E-016  7.21430224680E-006 -1.29147316365E-001 -2.51804960114E-006
1 1 323   1.96706586826E-002 -8.76475812501E-017  1.13814123057E-016  6.76266641321E-006 -1.29130538365E-001 -2.50022625640E-006
1 1 324   1.97005988024E-002 -8.49235232917E-017  1.14491749414E-016  6.31103057965E-006 -1.29113760365E-001 -2.48240291165E-006
1 1 325   1.97305389222E-002 -8.16573642471E-017  1.14925430283E-016  5.85939474609E-006 -1.29096982365E-001 -2.46457956690E-006
1 1 326   1.97604790419E-002 -7.78253871937E-017  1.15535294005E-016  5.40775891256E-006 -1.29080204365E-001 -2.44675622216E-006
1 1 327   1.97904191617E-002 -7.34445327905E-017  1.16067230696E-016  4.95612307904E-006 -1.29063426365E-001 -2.42893287741E-006
1 1 328   1.98203592815E-002 -6.82844080759E-017  1.16585614860E-016  4.50448724554E-006 -1.29046648365E-001 -2.41110953267E-006
1 1 329   1.98502994012E-002 -6.27854701823E-017  1.17063341442E-016  4.05285141206E-006 -1.29029870365E-001 -2.39328618792E-006
1 1 330   1.98802395210E-002 -5.66089059309E-017  1.17656264505E-016  3.60121557860E-006 -1.29013092365E-001 -2.37546284317E-006
1 1 331   1.99101796407E-002 -4.98360304847E-017  1.18293233282E-016  3.14957974515E-006 -1.28996314365E-001 -2.35763949843E-006
1 1 332   1.99401197605E-002 -4.23821405488E-017  1.18665927779E-016  2.69794391172E-006 -1.28979536365E-001 -2.33981615368E-006
1 1 333   1.99700598803E-002 -3.45013460076E-017  1.19289344028E-016  2.24630807831E-006 -1.28962758365E-001 -2.32199280893E-006
1 1 334   2.00000000000E-002 -2.59056556588E-017  1.19770458742E-016  1.79467224491E-006 -1.28945980365E-001 -2.30416946419E-006
1 1 335   2.00299401198E-002 -1.67373710377E-017  1.20299007301E-016  1.34303641153E-006 -1.28929202365E-001 -2.28634611944E-006
1 1 336   2.00598802395E-002 -7.08797170262E-018  1.20942752341E-016  8.91400578168E-007 -1.28912424365E-001 -2.26852277469E-006
1 1 337   2.00898203593E-002  3.27293530819E-018  1.21471300900E-016  4.39764744824E-007 -1.28895646364E-001 -2.25069942995E-006
1 1 338   2.01197604791E-002  1.41962721960E-017  1.21979520668E-016 -1.18710885038E-008 -1.28878868364E-001 -2.23287608520E-006
1 1 339   2.01497005988E-002  2.56617101700E-017  1.22467411646E-016 -4.63506921814E-007 -1.28862090364E-001 -2.21505274046E-006
1 1 340   2.01796407186E-002  3.77505643932E-017  1.23124709213E-016 -9.15142755107E-007 -1.28845312364E-001 -2.19722939571E-006
1 1 341   2.02095808383E-002  5.04628348656E-017  1.23504179973E-016 -1.36677858838E-006 -1.28828534364E-001 -2.17940605096E-006
1 1 342   2.02395209581E-002  6.35681286255E-017  1.24236016440E-016 -1.81841442164E-006 -1.28811756364E-001 -2.16158270622E-006
1 1 343   2.02694610779E-002  7.75136790691E-017  1.24710354890E-016 -2.27005025488E-006 -1.28794978364E-001 -2.14375936147E-006
1 1 344   2.02994011976E-002  9.19132391725E-017  1.25211798395E-016 -2.72168608811E-006 -1.28778200364E-001 -2.12593601673E-006
1 1 345   2.03293413174E-002  1.06936215525E-016  1.25781004535E-016 -3.17332192131E-006 -1.28761422364E-001 -2.10811267198E-006
1 1 346   2.03592814371E-002  1.22480964173E-016  1.26472183420E-016 -3.62495775450E-006 -1.28744644364E-001 -2.09028932723E-006
1 1 347   2.03892215569E-002  1.38723667970E-016  1.26878759235E-016 -4.07659358768E-006 -1.28727866364E-001 -2.07246598249E-006
1 1 348   2.04191616767E-002  1.55447486480E-016  1.27529280539E-016 -4.52822942083E-006 -1.28711088364E-001 -2.05464263774E-006
1 1 349   2.04491017964E-002  1.72889588930E-016  1.28084934152E-016 -4.97986525397E-006 -1.28694310364E-001 -2.03681929300E-006
1 1 350   2.04790419162E-002  1.90738267195E-016  1.28681245347E-016 -5.43150108709E-006 -1.28677532364E-001 -2.01899594825E-006
1 1 351   2.05089820359E-002  2.09413649616E-016  1.29114926216E-016 -5.88313692019E-006 -1.28660754364E-001 -2.00117260351E-006
1 1 352   2.05389221557E-002  2.28427845216E-016  1.29860315209E-016 -6.33477275328E-006 -1.28643976364E-001 -1.98334925876E-006
1 1 353   2.05688622755E-002  2.48187429809E-016  1.30293996078E-016 -6.78640858635E-006 -1.28627198364E-001 -1.96552591401E-006
1 1 354   2.05988023952E-002  2.68462010435E-016  1.30917412328E-016 -7.23804441940E-006 -1.28610420364E-001 -1.94770256927E-006
1 1 355   2.06287425150E-002  2.89305797201E-016  1.31418855832E-016 -7.68968025244E-006 -1.28593642364E-001 -1.92987922452E-006
1 1 356   2.06586826347E-002  3.10976288123E-016  1.31866089229E-016 -8.14131608545E-006 -1.28576864364E-001 -1.91205587978E-006
1 1 357   2.06886227545E-002  3.32822961899E-016  1.32570820641E-016 -8.59295191845E-006 -1.28560086364E-001 -1.89423253503E-006
1 1 358   2.07185628743E-002  3.55536997412E-016  1.33140026781E-016 -9.04458775144E-006 -1.28543308364E-001 -1.87640919029E-006
1 1 359   2.07485029940E-002  3.78860896648E-016  1.33682127867E-016 -9.49622358440E-006 -1.28526530364E-001 -1.85858584554E-006
1 1 360   2.07784431138E-002  4.02632029280E-016  1.34197123899E-016 -9.94785941735E-006 -1.28509752364E-001 -1.84076250079E-006
1 1 361   2.08083832336E-002  4.26972368052E-016  1.34793435094E-016 -1.03994952503E-005 -1.28492974364E-001 -1.82293915605E-006
1 1 362   2.08383233533E-002  4.51963228128E-016  1.35416851343E-016 -1.08511310832E-005 -1.28476196364E-001 -1.80511581130E-006
1 1 363   2.08682634731E-002  4.77591056980E-016  1.36040267593E-016 -1.13027669161E-005 -1.28459418364E-001 -1.78729246656E-006
1 1 364   2.08982035928E-002  5.03666119228E-016  1.36582368679E-016 -1.17544027490E-005 -1.28442640364E-001 -1.76946912181E-006
1 1 365   2.09281437126E-002  5.30500122997E-016  1.37070259656E-016 -1.22060385818E-005 -1.28425862364E-001 -1.75164577707E-006
1 1 366   2.09580838324E-002  5.57849122798E-016  1.37639465797E-016 -1.26576744147E-005 -1.28409084364E-001 -1.73382243232E-006
1 1 367   2.09880239521E-002  5.85686013577E-016  1.38452617426E-016 -1.31093102475E-005 -1.28392306364E-001 -1.71599908758E-006
1 1 368   2.10179640719E-002  6.14227635767E-016  1.38967613458E-016 -1.35609460803E-005 -1.28375528364E-001 -1.69817574283E-006
1 1 369   2.10479041916E-002  6.43419779262E-016  1.39455504436E-016 -1.40125819131E-005 -1.28358750364E-001 -1.68035239809E-006
1 1 405   2.21257485032E-002  6.75882740482E-016  3.79091289610E-016  1.17700031028E-005 -1.27890341195E-001 -2.04418412985E-006
1 1 406   2.21556886229E-002  6.38349228281E-016  3.81259693955E-016  1.12019599736E-005 -1.27881361332E-001 -2.04180388211E-006
1 1 407   2.21856287427E-002  6.01462002219E-016  3.83482308408E-016  1.06339168443E-005 -1.27872381469E-001 -2.03942363437E-006
1 1 408   2.22155688625E-002  5.65438538006E-016  3.85677817807E-016  1.00658737149E-005 -1.27863401607E-001 -2.03704338663E-006
1 1 409   2.22455089822E-002  5.30197732235E-016  3.87927537315E-016  9.49783058552E-006 -1.27854421744E-001 -2.03466313889E-006
1 1 410   2.22754491020E-002  4.96064210285E-016  3.90014626497E-016  8.92978745610E-006 -1.27845441882E-001 -2.03228289115E-006
1 1 411   2.23053892217E-002  4.62279242392E-016  3.92318556114E-016  8.36174432663E-006 -1.27836462019E-001 -2.02990264341E-006
1 1 412   2.23353293415E-002  4.29222299318E-016  3.94649590785E-016  7.79370119712E-006 -1.27827482156E-001 -2.02752239567E-006
1 1 413   2.23652694612E-002  3.97408377094E-016  3.96655364804E-016  7.22565806757E-006 -1.27818502294E-001 -2.02514214793E-006
1 1 414   2.23952095810E-002  3.65932421016E-016  3.99094819692E-016  6.65761493798E-006 -1.27809522431E-001 -2.02276190019E-006
1 1 415   2.24251497007E-002  3.35331026456E-016  4.01425854363E-016  6.08957180835E-006 -1.27800542568E-001 -2.02038165245E-006
1 1 416   2.24550898205E-002  3.05688049675E-016  4.03702678925E-016  5.52152867867E-006 -1.27791562706E-001 -2.01800140471E-006
1 1 417   2.24850299403E-002  2.76694641286E-016  4.05843978216E-016  4.95348554896E-006 -1.27782582843E-001 -2.01562115697E-006
1 1 418   2.25149700600E-002  2.48575476778E-016  4.08093697724E-016  4.38544241920E-006 -1.27773602981E-001 -2.01324090922E-006
1 1 419   2.25449101798E-002  2.21103339562E-016  4.10451837449E-016  3.81739928940E-006 -1.27764623118E-001 -2.01086066148E-006
1 1 420   2.25748502995E-002  1.94480988151E-016  4.12809977174E-016  3.24935615957E-006 -1.27755643255E-001 -2.00848041374E-006
1 1 421   2.26047904193E-002  1.68559556504E-016  4.15086801736E-016  2.68131302969E-006 -1.27746663393E-001 -2.00610016600E-006
1 1 422   2.26347305390E-002  1.43488228298E-016  4.17363626298E-016  2.11326989976E-006 -1.27737683530E-001 -2.00371991826E-006
1 1 423   2.26646706588E-002  1.19293790951E-016  4.19613345806E-016  1.54522676980E-006 -1.27728703668E-001 -2.00133967052E-006
1 1 424   2.26946107786E-002  9.57195934792E-017  4.22134115857E-016  9.77183639795E-007 -1.27719723805E-001 -1.99895942278E-006
1 1 425   2.27245508983E-002  7.29710413730E-017  4.24383835365E-016  4.09140509750E-007 -1.27710743942E-001 -1.99657917504E-006
1 1 426   2.27544910181E-002  5.10019713365E-017  4.26796185199E-016 -1.58902620338E-007 -1.27701764080E-001 -1.99419892730E-006
1 1 427   2.27844311378E-002  2.98418177647E-017  4.29045904707E-016 -7.26945750466E-007 -1.27692784217E-001 -1.99181867956E-006
1 1 428   2.28143712576E-002  9.33239725461E-018  4.31553122231E-016 -1.29498888064E-006 -1.27683804354E-001 -1.98943843182E-006
1 1 429   2.28443113773E-002 -1.03036264078E-017  4.33911261956E-016 -1.86303201085E-006 -1.27674824492E-001 -1.98705818408E-006
1 1 430   2.28742514971E-002 -2.91845201976E-017  4.36242296627E-016 -2.43107514110E-006 -1.27665844629E-001 -1.98467793634E-006
1 1 431   2.29041916168E-002 -4.70525743409E-017  4.38586883825E-016 -2.99911827139E-006 -1.27656864767E-001 -1.98229768860E-006
1 1 432   2.29341317366E-002 -6.44771008571E-017  4.40972128604E-016 -3.56716140173E-006 -1.27647884904E-001 -1.97991744086E-006
1 1 433   2.29640718564E-002 -8.09567621206E-017  4.43452241074E-016 -4.13520453211E-006 -1.27638905041E-001 -1.97753719312E-006
1 1 434   2.29940119761E-002 -9.66880697752E-017  4.45851038380E-016 -4.70324766252E-006 -1.27629925179E-001 -1.97515694538E-006
1 1 435   2.30239520959E-002 -1.11691299672E-016  4.48222730633E-016 -5.27129079298E-006 -1.27620945316E-001 -1.97277669764E-006
1 1 436   2.30538922156E-002 -1.25800115716E-016  4.50716395629E-016 -5.83933392348E-006 -1.27611965453E-001 -1.97039644990E-006
1 1 437   2.30838323354E-002 -1.39204888563E-016  4.53155850517E-016 -6.40737705402E-006 -1.27602985591E-001 -1.96801620216E-006
1 1 438   2.31137724551E-002 -1.51800268488E-016  4.55486885188E-016 -6.97542018461E-006 -1.27594005728E-001 -1.96563595442E-006
1 1 439   2.31437125749E-002 -1.63636706893E-016  4.58014431503E-016 -7.54346331523E-006 -1.27585025866E-001 -1.96325570668E-006
1 1 440   2.31736526947E-002 -1.74701392404E-016  4.60433557600E-016 -8.11150644590E-006 -1.27576046003E-001 -1.96087545894E-006
1 1 441   2.32035928144E-002 -1.84865099557E-016  4.62886565016E-016 -8.67954957660E-006 -1.27567066140E-001 -1.95849521120E-006
1 1 442   2.32335329342E-002 -1.94463332808E-016  4.65427663857E-016 -9.24759270735E-006 -1.27558086278E-001 -1.95611496346E-006
1 1 443   2.32634730539E-002 -2.03201483511E-016  4.67826461164E-016 -9.81563583814E-006 -1.27549106415E-001 -1.95373471572E-006
1 1 444   2.32934131737E-002 -2.11106444961E-016  4.70333678688E-016 -1.03836789690E-005 -1.27540126553E-001 -1.95135446798E-006
1 1 445   2.33233532935E-002 -2.18261358736E-016  4.72840896212E-016 -1.09517220998E-005 -1.27531146690E-001 -1.94897422024E-006
1 1 446   2.33532934132E-002 -2.24566142600E-016  4.75273574836E-016 -1.15197652308E-005 -1.27522166827E-001 -1.94659397250E-006
1 1 447   2.33832335330E-002 -2.30223740352E-016  4.77921399829E-016 -1.20878083617E-005 -1.27513186965E-001 -1.94421372476E-006
1 1 448   2.34131736527E-002 -2.34919466019E-016  4.80366783948E-016 -1.26558514927E-005 -1.27504207102E-001 -1.94183347702E-006
1 1 463   2.38622754491E-002 -1.38972960354E-016  1.97254491658E-016 -3.71281082618E-006 -1.27451983169E-001 -2.22199869912E-006
1 1 464   2.38922155689E-002 -1.44285498059E-016  1.29589264666E-016 -3.87910888363E-006 -1.27448495211E-001 -2.18788914912E-006
1 1 465   2.39221556886E-002 -1.50647350768E-016  6.71527720583E-017 -4.04540694109E-006 -1.27445007253E-001 -2.15377959912E-006
1 1 466   2.39520958084E-002 -1.58015266860E-016  1.07064964533E-017 -4.21170499856E-006 -1.27441519295E-001 -2.11967004912E-006
1 1 467   2.39820359281E-002 -1.66604604461E-016 -4.00477177462E-017 -4.37800305606E-006 -1.27438031338E-001 -2.08556049912E-006
1 1 468   2.40119760479E-002 -1.76469150165E-016 -8.47710573612E-017 -4.54430111357E-006 -1.27434543380E-001 -2.05145094913E-006
1 1 469   2.40419161677E-002 -1.87184116948E-016 -1.24263121494E-016 -4.71059917109E-006 -1.27431055422E-001 -2.01734139914E-006
1 1 470   2.40718562874E-002 -1.99165397987E-016 -1.57480365554E-016 -4.87689722863E-006 -1.27427567464E-001 -1.98323184914E-006
1 1 471   2.41017964072E-002 -2.12311349328E-016 -1.85052982053E-016 -5.04319528619E-006 -1.27424079506E-001 -1.94912229916E-006
1 1 472   2.41317365269E-002 -2.26637641082E-016 -2.07048733627E-016 -5.20949334376E-006 -1.27420591548E-001 -1.91501274917E-006
1 1 473   2.41616766467E-002 -2.42010018525E-016 -2.23135583361E-016 -5.37579140135E-006 -1.27417103591E-001 -1.88090319918E-006
1 1 474   2.41916167665E-002 -2.58594076599E-016 -2.33618463116E-016 -5.54208945895E-006 -1.27413615633E-001 -1.84679364920E-006
1 1 475   2.42215568862E-002 -2.76199021133E-016 -2.38266979931E-016 -5.70838751658E-006 -1.27410127675E-001 -1.81268409922E-006
1 1 476   2.42514970060E-002 -2.94998917397E-016 -2.37203106549E-016 -5.87468557421E-006 -1.27406639717E-001 -1.77857454924E-006
1 1 477   2.42814371257E-002 -3.01828332293E-016 -2.34702665289E-016 -1.73939963031E-005 -1.27416776106E-001 -1.86673208631E-006
1 1 478   2.43113772455E-002 -2.48214534863E-016 -2.49583340106E-016 -1.66693554874E-005 -1.27413314266E-001 -1.86828197459E-006
1 1 479   2.43413173653E-002 -1.89139068990E-016 -2.64003229000E-016 -1.59447146718E-005 -1.27409852426E-001 -1.86983186288E-006
1 1 480   2.43712574850E-002 -1.25062720596E-016 -2.78206277460E-016 -1.52200738561E-005 -1.27406390587E-001 -1.87138175116E-006
1 1 481   2.44011976048E-002 -5.51452329980E-017 -2.92029855159E-016 -1.44954330405E-005 -1.27402928747E-001 -1.87293163945E-006
1 1 482   2.44311377246E-002  2.00848452453E-017 -3.05663697478E-016 -1.37707922248E-005 -1.27399466907E-001 -1.87448152773E-006
1 1 483   2.44610778443E-002  1.00397121172E-016 -3.18836753874E-016 -1.30461514092E-005 -1.27396005067E-001 -1.87603141602E-006
1 1 484   2.44910179641E-002  1.86184618070E-016 -3.31738759726E-016 -1.23215105935E-005 -1.27392543228E-001 -1.87758130430E-006
1 1 485   2.45209580838E-002  2.77745491536E-016 -3.44261294818E-016 -1.15968697779E-005 -1.27389081388E-001 -1.87913119259E-006
1 1 486   2.45508982036E-002  3.74334352578E-016 -3.56485674313E-016 -1.08722289622E-005 -1.27385619548E-001 -1.88068108088E-006
1 1 487   2.45808383234E-002  4.76276461846E-016 -3.68628738645E-016 -1.01475881466E-005 -1.27382157708E-001 -1.88223096917E-006
1 1 488   2.46107784431E-002  5.83775107248E-016 -3.80094176619E-016 -9.42294733092E-006 -1.27378695869E-001 -1.88378085745E-006
1 1 489   2.46407185629E-002  6.96437265496E-016 -3.91532509539E-016 -8.69830651526E-006 -1.27375234029E-001 -1.88533074574E-006
1 1 490   2.46706586826E-002  8.14452671971E-016 -4.02428741372E-016 -7.97366569961E-006 -1.27371772189E-001 -1.88688063403E-006
1 1 491   2.47005988024E-002  9.38187244906E-016 -4.13162342880E-016 -7.24902488395E-006 -1.27368310349E-001 -1.88843052232E-006
1 1 492   2.47305389222E-002  1.06661099224E-015 -4.23543578681E-016 -6.52438406830E-006 -1.27364848510E-001 -1.88998041061E-006
1 1 493   2.47604790419E-002  1.20116048184E-015 -4.33572448777E-016 -5.79974325265E-006 -1.27361386670E-001 -1.89153029890E-006
1 1 494   2.47904191617E-002  1.34056177617E-015 -4.43330268329E-016 -5.07510243699E-006 -1.27357924830E-001 -1.89308018719E-006
1 1 495   2.48203592814E-002  1.48587197234E-015 -4.52627301958E-016 -4.35046162134E-006 -1.27354462990E-001 -1.89463007548E-006
1 1 496   2.48502994012E-002  1.63611528839E-015 -4.61870125479E-016 -3.62582080568E-006 -1.27351001151E-001 -1.89617996377E-006
1 1 497   2.48802395210E-002  1.79167119509E-015 -4.70652163076E-016 -2.90117999003E-006 -1.27347539311E-001 -1.89772985206E-006
1 1 498   2.49101796407E-002  1.95270232276E-015 -4.79217360239E-016 -2.17653917437E-006 -1.27344077471E-001 -1.89927974036E-006
1 1 499   2.49401197605E-002  2.11939840677E-015 -4.87511506858E-016 -1.45189835872E-006 -1.27340615631E-001 -1.90082962865E-006
1 1 500   2.49700598802E-002  2.29137997639E-015 -4.94992501848E-016 -7.27257543061E-007 -1.27337153792E-001 -1.90237951694E-006
1 1 501   2.50000000000E-002 -1.45144855336E-015  2.18954628733E-016 -2.61672758413E-009 -1.27277773226E-005 -1.72094583986E-008
