1 1 3   1.00898203593E-002  9.61145225908E-017  3.86584143061E-016 -7.24884449217E-005 -4.21825851720E-001 -6.51197894347E-004
1 1 4   1.01197604790E-002  1.09965205344E-016  4.22130727725E-016 -7.14006496523E-005 -4.21838341845E-001 -6.48046977302E-004
1 1 5   1.01497005988E-002  1.24297002812E-016  4.59118962466E-016 -7.03128543829E-005 -4.21850831971E-001 -6.44896060257E-004
1 1 6   1.01796407186E-002  1.39116691257E-016  4.97326924651E-016 -6.92250591135E-005 -4.21863322097E-001 -6.41745143212E-004
1 1 7   1.02095808383E-002  1.54525914633E-016  5.36717344830E-016 -6.81372638441E-005 -4.21875812222E-001 -6.38594226167E-004
1 1 8   1.02395209581E-002  1.70558554259E-016  5.77391866957E-016 -6.70494685748E-005 -4.21888302348E-001 -6.35443309122E-004
1 1 9   1.02694610778E-002  1.87011322227E-016  6.19445358722E-016 -6.59616733054E-005 -4.21900792474E-001 -6.32292392077E-004
1 1 10   1.02994011976E-002  2.04087506443E-016  6.62576276397E-016 -6.48738780360E-005 -4.21913282599E-001 -6.29141475033E-004
1 1 11   1.03293413174E-002  2.21665134165E-016  7.07126821290E-016 -6.37860827666E-005 -4.21925772725E-001 -6.25990557988E-004
1 1 12   1.03592814371E-002  2.39710324073E-016  7.52809002202E-016 -6.26982874972E-005 -4.21938262851E-001 -6.22839640943E-004
1 1 13   1.03892215569E-002  2.58446692866E-016  7.99843047697E-016 -6.16104922277E-005 -4.21950752977E-001 -6.19688723898E-004
1 1 14   1.04191616766E-002  2.77576084947E-016  8.48110373163E-016 -6.05226969583E-005 -4.21963243102E-001 -6.16537806853E-004
1 1 15   1.04491017964E-002  2.97301788223E-016  8.97749892004E-016 -5.94349016889E-005 -4.21975733228E-001 -6.13386889808E-004
1 1 16   1.04790419162E-002  3.17542487530E-016  9.48487165545E-016 -5.83471064195E-005 -4.21988223354E-001 -6.10235972763E-004
1 1 17   1.05089820359E-002  3.38406603087E-016  1.00057969180E-015 -5.72593111501E-005 -4.22000713479E-001 -6.07085055718E-004
1 1 18   1.05389221557E-002  3.59792490939E-016  1.05391566242E-015 -5.61715158806E-005 -4.22013203605E-001 -6.03934138673E-004
1 1 19   1.05688622754E-002  3.81557849552E-016  1.10850524181E-015 -5.50837206112E-005 -4.22025693731E-001 -6.00783221628E-004
1 1 20   1.05988023952E-002  4.04014387050E-016  1.16438231127E-015 -5.39959253417E-005 -4.22038183856E-001 -5.97632304583E-004
1 1 21   1.06287425150E-002  4.27013025633E-016  1.22142489807E-015 -5.29081300723E-005 -4.22050673982E-001 -5.94481387538E-004
1 1 22   1.06586826347E-002  4.50431792559E-016  1.27986000704E-015 -5.18203348028E-005 -4.22063164108E-001 -5.91330470493E-004
1 1 23   1.06886227545E-002  4.74487528261E-016  1.33945724521E-015 -5.07325395334E-005 -4.22075654234E-001 -5.88179553449E-004
1 1 24   1.07185628742E-002  4.99017602414E-016  1.40048427499E-015 -4.96447442639E-005 -4.22088144359E-001 -5.85028636404E-004
1 1 25   1.07485029940E-002  5.24211750397E-016  1.46257517816E-015 -4.85569489945E-005 -4.22100634485E-001 -5.81877719359E-004
1 1 26   1.07784431138E-002  5.49758264086E-016  1.52602811030E-015 -4.74691537250E-005 -4.22113124611E-001 -5.78726802314E-004
1 1 27   1.08083832335E-002  5.76023061714E-016  1.59070754615E-015 -4.63813584555E-005 -4.22125614736E-001 -5.75575885269E-004
1 1 28   1.08383233533E-002  6.02653777576E-016  1.65668802461E-015 -4.52935631860E-005 -4.22138104862E-001 -5.72424968224E-004
1 1 29   1.08682634731E-002  6.29948567268E-016  1.72388145425E-015 -4.42057679166E-005 -4.22150594988E-001 -5.69274051179E-004
1 1 30   1.08982035928E-002  6.57799010574E-016  1.79245046540E-015 -4.31179726471E-005 -4.22163085113E-001 -5.66123134134E-004
1 1 31   1.09281437126E-002  6.86123792330E-016  1.86221887520E-015 -4.20301773776E-005 -4.22175575239E-001 -5.62972217089E-004
1 1 32   1.09580838323E-002  7.14895807483E-016  1.93317990739E-015 -4.09423821081E-005 -4.22188065365E-001 -5.59821300044E-004
1 1 33   1.09880239521E-002  7.44291238884E-016  2.00551652108E-015 -3.98545868386E-005 -4.22200555490E-001 -5.56670382999E-004
1 1 34   1.10179640719E-002  7.74282981481E-016  2.07906608596E-015 -3.87667915691E-005 -4.22213045616E-001 -5.53519465955E-004
1 1 35   1.10479041916E-002  8.04762615055E-016  2.15390314091E-015 -3.76789962996E-005 -4.22225535742E-001 -5.50368548910E-004
1 1 36   1.10778443112E-002  7.00442714897E-015  6.12777515362E-017 -1.00320962048E-004 -4.22073032930E-001 -6.03012241939E-004
1 1 37   1.11077844310E-002  6.86599824847E-015 -7.52978408791E-017 -9.28231047469E-005 -4.22074622926E-001 -5.99008405503E-004
1 1 38   1.11377245507E-002  6.72854512992E-015 -2.01485421229E-016 -8.53252474455E-005 -4.22076212921E-001 -5.95004569067E-004
1 1 39   1.11676646705E-002  6.59174592080E-015 -3.17603473902E-016 -7.78273901441E-005 -4.22077802917E-001 -5.91000732631E-004
1 1 40   1.11976047903E-002  6.45575986332E-015 -4.23516473627E-016 -7.03295328427E-005 -4.22079392913E-001 -5.86996896195E-004
1 1 41   1.12275449100E-002  6.32072248274E-015 -5.19183762822E-016 -6.28316755413E-005 -4.22080982908E-001 -5.82993059759E-004
1 1 42   1.12574850298E-002  6.18609167797E-015 -6.04876392030E-016 -5.53338182399E-005 -4.22082572904E-001 -5.78989223323E-004
1 1 43   1.12874251495E-002  6.05251119406E-015 -6.80296205653E-016 -4.78359609386E-005 -4.22084162900E-001 -5.74985386887E-004
1 1 44   1.13173652693E-002  5.91963544155E-015 -7.45348336002E-016 -4.03381036373E-005 -4.22085752895E-001 -5.70981550451E-004
1 1 45   1.13473053891E-002  5.78703751586E-015 -8.00547779109E-016 -3.28402463360E-005 -4.22087342891E-001 -5.66977714015E-004
1 1 46   1.13772455088E-002  5.65583550046E-015 -8.45271118724E-016 -2.53423890347E-005 -4.22088932887E-001 -5.62973877579E-004
1 1 47   1.14071856286E-002  5.52537887406E-015 -8.79843615499E-016 -1.78445317335E-005 -4.22090522883E-001 -5.58970041143E-004
1 1 48   1.14371257483E-002  5.39561342654E-015 -9.04319479543E-016 -1.03466744322E-005 -4.22092112878E-001 -5.54966204707E-004
1 1 49   1.14670658681E-002  5.26670856449E-015 -9.18698710856E-016 -2.84881713103E-006 -4.22093702874E-001 -5.50962368271E-004
1 1 50   1.14970059879E-002  5.13844067122E-015 -9.22832231638E-016  4.64904017016E-006 -4.22095292870E-001 -5.46958531835E-004
1 1 51   1.15269461076E-002  5.01091816695E-015 -9.16543859038E-016  1.21468974713E-005 -4.22096882865E-001 -5.42954695399E-004
1 1 52   1.15568862274E-002  4.88432739892E-015 -9.00226616342E-016  1.96447547725E-005 -4.22098472861E-001 -5.38950858964E-004
1 1 53   1.15868263472E-002  4.75855994691E-015 -8.74060074535E-016  2.71426120736E-005 -4.22100062857E-001 -5.34947022528E-004
1 1 54   1.16167664672E-002 -3.12330185586E-015 -8.43251792178E-016  1.65404237252E-005 -4.22018375103E-001 -5.19177116876E-004
1 1 55   1.16467065869E-002 -3.00595052322E-015 -8.42736796146E-016  2.40662101136E-005 -4.21986408203E-001 -5.16175866846E-004
1 1 56   1.16766467067E-002 -2.88881603101E-015 -8.42221800114E-016  3.15919965022E-005 -4.21954441303E-001 -5.13174616816E-004
1 1 57   1.17065868264E-002 -2.77147147463E-015 -8.41639041446E-016  3.91177828910E-005 -4.21922474403E-001 -5.10173366785E-004
1 1 58   1.17365269462E-002 -2.65443862637E-015 -8.41140986073E-016  4.66435692801E-005 -4.21890507503E-001 -5.07172116755E-004
1 1 59   1.17664670660E-002 -2.53712456317E-015 -8.40524346088E-016  5.41693556694E-005 -4.21858540603E-001 -5.04170866725E-004
1 1 60   1.17964071857E-002 -2.41996296591E-015 -8.40080500823E-016  6.16951420590E-005 -4.21826573703E-001 -5.01169616694E-004
1 1 61   1.18263473055E-002 -2.30330535325E-015 -8.39508541826E-016  6.92209284487E-005 -4.21794606803E-001 -4.98168366664E-004
1 1 62   1.18562874252E-002 -1.79354144383E-016  6.42308472035E-016  9.66761962918E-006 -4.21870350736E-001 -4.12522428632E-004
1 1 63   1.18862275449E-002 -1.92811803849E-016  5.93424506583E-016  1.18866242551E-005 -4.21836113540E-001 -4.13931976737E-004
1 1 64   1.19161676647E-002 -2.06228805734E-016  5.45963556482E-016  1.41056288810E-005 -4.21801876345E-001 -4.15341524843E-004
1 1 65   1.19461077845E-002 -2.19686465200E-016  4.98868524615E-016  1.63246335070E-005 -4.21767639150E-001 -4.16751072949E-004
1 1 66   1.19760479042E-002 -2.32859521596E-016  4.53020325246E-016  1.85436381329E-005 -4.21733401954E-001 -4.18160621055E-004
1 1 67   1.20059880240E-002 -2.46330733589E-016  4.08093697724E-016  2.07626427588E-005 -4.21699164759E-001 -4.19570169161E-004
1 1 68   1.20359281437E-002 -2.59829050636E-016  3.63505883380E-016  2.29816473847E-005 -4.21664927563E-001 -4.20979717266E-004
1 1 69   1.20658682635E-002 -2.72920791869E-016  3.20476609660E-016  2.52006520106E-005 -4.21630690368E-001 -4.22389265372E-004
1 1 70   1.20958083833E-002 -2.86283583645E-016  2.78043647134E-016  2.74196566365E-005 -4.21596453172E-001 -4.23798813478E-004
1 1 71   1.21257485030E-002 -2.99754795638E-016  2.36545808982E-016  2.96386612624E-005 -4.21562215977E-001 -4.25208361584E-004
1 1 72   1.21556886228E-002 -3.12805879289E-016  1.96064410367E-016  3.18576658883E-005 -4.21527978781E-001 -4.26617909690E-004
1 1 73   1.21856287425E-002 -3.25965383158E-016  1.56531688653E-016  3.40766705141E-005 -4.21493741586E-001 -4.28027457795E-004
1 1 74   1.22155688623E-002 -3.39246859771E-016  1.17568173079E-016  3.62956751400E-005 -4.21459504390E-001 -4.29437005901E-004
1 1 75   1.22455089821E-002 -3.52528336384E-016  7.94991242975E-017  3.85146797659E-005 -4.21425267195E-001 -4.30846554007E-004
1 1 76   1.22754491018E-002 -3.65552314981E-016  4.27175655959E-017  4.07336843917E-005 -4.21391030000E-001 -4.32256102113E-004
1 1 77   1.23053892216E-002 -3.78738923903E-016  6.84402621381E-018  4.29526890176E-005 -4.21356792804E-001 -4.33665650219E-004
1 1 78   1.23353293413E-002 -3.91803560082E-016 -2.84806358185E-017  4.51716936435E-005 -4.21322555609E-001 -4.35075198325E-004
1 1 79   1.23652694611E-002 -4.04949511423E-016 -6.28295158955E-017  4.73906982693E-005 -4.21288318413E-001 -4.36484746430E-004
1 1 80   1.23952095809E-002 -4.17973490020E-016 -9.61348513816E-017  4.96097028951E-005 -4.21254081218E-001 -4.37894294536E-004
1 1 81   1.24251497006E-002 -4.31085560044E-016 -1.28450852385E-016  5.18287075210E-005 -4.21219844022E-001 -4.39303842642E-004
1 1 82   1.24550898204E-002 -4.44156972486E-016 -1.60217976039E-016  5.40477121468E-005 -4.21185606827E-001 -4.40713390748E-004
1 1 83   1.24850299401E-002 -4.57042037679E-016 -1.90457052256E-016  5.62667167726E-005 -4.21151369631E-001 -4.42122938854E-004
1 1 84   1.25149700599E-002 -4.70035523090E-016 -2.20316657713E-016  5.84857213984E-005 -4.21117132436E-001 -4.43532486960E-004
1 1 85   1.25449101797E-002 -4.78693046844E-016 -2.39504495067E-016  4.22244057524E-005 -4.21084631673E-001 -4.28421703601E-004
1 1 86   1.25748502994E-002 -4.78356774764E-016 -2.39673054623E-016  4.06451803912E-005 -4.21045936451E-001 -4.25739118718E-004
1 1 87   1.26047904192E-002 -4.77164152374E-016 -2.39896671321E-016  3.90659550301E-005 -4.21007241230E-001 -4.23056533836E-004
1 1 88   1.26347305390E-002 -4.74863610890E-016 -2.40482818121E-016  3.74867296691E-005 -4.20968546009E-001 -4.20373948954E-004
1 1 89   1.26646706587E-002 -4.71461926574E-016 -2.40489594384E-016  3.59075043083E-005 -4.20929850788E-001 -4.17691364072E-004
1 1 90   1.26946107785E-002 -4.67186104256E-016 -2.40801302509E-016  3.43282789475E-005 -4.20891155566E-001 -4.15008779190E-004
1 1 91   1.27245508982E-002 -4.61870125479E-016 -2.40882617672E-016  3.27490535869E-005 -4.20852460345E-001 -4.12326194308E-004
1 1 92   1.27544910180E-002 -4.55351359917E-016 -2.41424718758E-016  3.11698282265E-005 -4.20813765124E-001 -4.09643609426E-004
1 1 93   1.27844311378E-002 -4.48087205361E-016 -2.41587349084E-016  2.95906028661E-005 -4.20775069902E-001 -4.06961024544E-004
1 1 94   1.28143712575E-002 -4.39786282478E-016 -2.41912609736E-016  2.80113775059E-005 -4.20736374681E-001 -4.04278439662E-004
1 1 95   1.28443113773E-002 -4.30401157422E-016 -2.42414053241E-016  2.64321521458E-005 -4.20697679460E-001 -4.01595854780E-004
1 1 96   1.28742514971E-002 -4.20080907993E-016 -2.42576683566E-016  2.48529267858E-005 -4.20658984239E-001 -3.98913269898E-004
1 1 97   1.29041916168E-002 -4.08595141228E-016 -2.42779971474E-016  2.32737014259E-005 -4.20620289017E-001 -3.96230685016E-004
1 1 98   1.29341317366E-002 -3.96357209206E-016 -2.43132337180E-016  2.16944760662E-005 -4.20581593796E-001 -3.93548100134E-004
1 1 99   1.29640718564E-002 -3.82872444686E-016 -2.43430492777E-016  2.01152507066E-005 -4.20542898575E-001 -3.90865515252E-004
1 1 100   1.29940119761E-002 -3.68371240629E-016 -2.43864173646E-016  1.85360253471E-005 -4.20504203353E-001 -3.88182930370E-004
1 1 101   1.30239520959E-002 -3.53097542524E-016 -2.43945488809E-016  1.69567999877E-005 -4.20465508132E-001 -3.85500345488E-004
1 1 102   1.30538922156E-002 -3.36712537193E-016 -2.44243644407E-016  1.53775746285E-005 -4.20426812911E-001 -3.82817760607E-004
1 1 103   1.30838323354E-002 -3.19270434743E-016 -2.44568905058E-016  1.37983492694E-005 -4.20388117690E-001 -3.80135175725E-004
1 1 104   1.31137724552E-002 -3.01001628136E-016 -2.44758640439E-016  1.22191239104E-005 -4.20349422468E-001 -3.77452590843E-004
1 1 105   1.31437125749E-002 -2.81445331450E-016 -2.45138111199E-016  1.06398985515E-005 -4.20310727247E-001 -3.74770005961E-004
1 1 106   1.31736526947E-002 -2.79669950393E-016  1.98033592563E-015  8.66839995102E-006 -4.20238252788E-001 -3.75003549421E-004
1 1 107   1.32035928145E-002 -2.88343567773E-016  1.89570716980E-015  6.22406784457E-006 -4.20172183959E-001 -3.72843015853E-004
1 1 108   1.32335329342E-002 -2.96908764935E-016  1.81282668998E-015  3.77973573801E-006 -4.20106115131E-001 -3.70682482285E-004
1 1 109   1.32634730540E-002 -3.05230016609E-016  1.73169448616E-015  1.33540363133E-006 -4.20040046302E-001 -3.68521948717E-004
1 1 110   1.32934131737E-002 -3.13253112685E-016  1.65215470428E-015 -1.10892847547E-006 -4.19973977474E-001 -3.66361415149E-004
1 1 111   1.33233532935E-002 -3.21221998653E-016  1.57408537160E-015 -3.55326058238E-006 -4.19907908645E-001 -3.64200881581E-004
1 1 112   1.33532934133E-002 -3.28730098698E-016  1.49763895404E-015 -5.99759268941E-006 -4.19841839817E-001 -3.62040348013E-004
1 1 113   1.33832335330E-002 -3.35940043145E-016  1.42336771709E-015 -8.44192479655E-006 -4.19775770988E-001 -3.59879814445E-004
1 1 114   1.34131736528E-002 -3.43041567374E-016  1.35032976012E-015 -1.08862569038E-005 -4.19709702160E-001 -3.57719280877E-004
1 1 115   1.34431137725E-002 -3.49804278425E-016  1.27898586904E-015 -1.33305890112E-005 -4.19643633331E-001 -3.55558747309E-004
1 1 116   1.34730538923E-002 -3.56092651026E-016  1.20955627242E-015 -1.57749211187E-005 -4.19577564503E-001 -3.53398213741E-004
1 1 117   1.35029940120E-002 -3.62597864061E-016  1.14150564543E-015 -1.82192532263E-005 -4.19511495674E-001 -3.51237680173E-004
1 1 118   1.35329341318E-002 -3.68452555792E-016  1.07519651819E-015 -2.06635853340E-005 -4.19445426846E-001 -3.49077146605E-004
1 1 119   1.35628742516E-002 -3.74253037415E-016  1.01062719662E-015 -2.31079174419E-005 -4.19379358017E-001 -3.46916613038E-004
1 1 120   1.35928143713E-002 -3.79728258386E-016  9.47570675896E-016 -2.55522495498E-005 -4.19313289189E-001 -3.44756079470E-004
1 1 121   1.36227544911E-002 -3.84918876287E-016  8.86199750735E-016 -2.79965816579E-005 -4.19247220360E-001 -3.42595545902E-004
1 1 122   1.36526946108E-002 -3.89879101226E-016  8.26680439598E-016 -3.04409137661E-005 -4.19181151532E-001 -3.40435012334E-004
1 1 123   1.36826347306E-002 -3.94385316505E-016  7.68563815021E-016 -3.28852458744E-005 -4.19115082703E-001 -3.38274478766E-004
1 1 124   1.37125748504E-002 -3.98993175738E-016  7.12263229083E-016 -3.53295779828E-005 -4.19049013875E-001 -3.36113945198E-004
1 1 125   1.37425149701E-002 -4.03065710149E-016  6.57564382448E-016 -3.77739100913E-005 -4.18982945046E-001 -3.33953411630E-004
1 1 126   1.37724550899E-002 -4.07012883683E-016  6.04602800388E-016 -4.02182422000E-005 -4.18916876218E-001 -3.31792878062E-004
1 1 127   1.38023952096E-002 -4.10665289751E-016  5.53325966860E-016 -4.26625743088E-005 -4.18850807389E-001 -3.29632344494E-004
1 1 128   1.38323353294E-002 -4.14043257145E-016  5.03603862307E-016 -4.51069064177E-005 -4.18784738561E-001 -3.27471810927E-004
1 1 129   1.38622754491E-002 -4.17292475531E-016  4.55448345189E-016 -4.75512385267E-005 -4.18718669732E-001 -3.25311277359E-004
1 1 130   1.38922155689E-002 -4.20069049532E-016  4.09166253193E-016 -4.99955706358E-005 -4.18652600904E-001 -3.23150743791E-004
1 1 131   1.39221556887E-002 -4.22794801556E-016  3.64447148743E-016 -5.24399027450E-005 -4.18586532075E-001 -3.20990210223E-004
1 1 132   1.39520958084E-002 -4.25225786115E-016  3.21408345902E-016 -5.48842348544E-005 -4.18520463247E-001 -3.18829676655E-004
1 1 133   1.39820359282E-002  1.15177507289E-015  2.40174498128E-016 -3.87731356202E-005 -4.18443536646E-001 -3.34575813636E-004
1 1 134   1.40119760480E-002  1.20186521325E-015  1.53211319499E-016 -4.01178944690E-005 -4.18372050243E-001 -3.34250494946E-004
1 1 135   1.40419161677E-002  1.25209087889E-015  6.10033128613E-017 -4.14626533177E-005 -4.18300563839E-001 -3.33925176256E-004
1 1 136   1.40718562875E-002  1.30269601530E-015 -3.67747824380E-017 -4.28074121665E-005 -4.18229077435E-001 -3.33599857567E-004
1 1 137   1.41017964073E-002  1.35319273148E-015 -1.39943395414E-016 -4.41521710152E-005 -4.18157591031E-001 -3.33274538877E-004
1 1 138   1.41317365270E-002  1.40404181337E-015 -2.48621110678E-016 -4.54969298639E-005 -4.18086104628E-001 -3.32949220187E-004
1 1 139   1.41616766467E-002 -3.69831525430E-016  8.05939143818E-017 -4.95181839117E-005 -4.18003311474E-001 -3.09709065215E-004
1 1 140   1.41916167665E-002 -3.84559734317E-016  7.29740059883E-017 -4.63658988004E-005 -4.17929564973E-001 -3.07157430545E-004
1 1 141   1.42215568862E-002 -3.88449309611E-016  6.50453540856E-017 -4.32136136893E-005 -4.17855818472E-001 -3.04605795875E-004
1 1 142   1.42514970060E-002 -3.81720479878E-016  5.67554426308E-017 -4.00613285782E-005 -4.17782071971E-001 -3.02054161205E-004
1 1 143   1.42814371258E-002 -3.64088642048E-016  4.81504349196E-017 -3.69090434673E-005 -4.17708325470E-001 -2.99502526534E-004
1 1 144   1.43113772455E-002 -3.35885833036E-016  3.91701916128E-017 -3.37567583565E-005 -4.17634578969E-001 -2.96950891864E-004
1 1 145   1.43413173653E-002 -2.96868107354E-016  2.99205918288E-017 -3.06044732459E-005 -4.17560832468E-001 -2.94399257194E-004
1 1 146   1.43712574850E-002 -2.47143885218E-016  2.03067678775E-017 -2.74521881354E-005 -4.17487085967E-001 -2.91847622524E-004
1 1 147   1.44011976048E-002 -1.86672509048E-016  1.03676832744E-017 -2.42999030250E-005 -4.17413339466E-001 -2.89295987853E-004
1 1 148   1.44311377246E-002 -1.15453978843E-016  1.81265050712E-019 -2.11476179147E-005 -4.17339592966E-001 -2.86744353183E-004
1 1 149   1.44610778443E-002 -3.34476370212E-017 -1.04964322824E-017 -1.79953328046E-005 -4.17265846465E-001 -2.84192718513E-004
1 1 150   1.44910179641E-002  5.91838860906E-017 -2.14739792788E-017 -1.48430476946E-005 -4.17192099964E-001 -2.81641083843E-004
1 1 151   1.45209580838E-002  1.62698088509E-016 -3.26903895663E-017 -1.16907625848E-005 -4.17118353463E-001 -2.79089449173E-004
1 1 152   1.45508982036E-002  2.76796814636E-016 -4.42202020444E-017 -8.53847747505E-006 -4.17044606962E-001 -2.76537814503E-004
1 1 153   1.45808383234E-002  4.01805325123E-016 -5.62362114341E-017 -5.38619236545E-006 -4.16970860461E-001 -2.73986179833E-004
1 1 154   1.46107784431E-002  5.37384806792E-016 -6.83809698318E-017 -2.23390725599E-006 -4.16897113960E-001 -2.71434545163E-004
1 1 155   1.46407185629E-002  6.84029926885E-016 -8.10182778884E-017  9.18377853339E-007 -4.16823367459E-001 -2.68882910493E-004
1 1 156   1.46706586826E-002  8.41174867391E-016 -9.39556473665E-017  4.07066296254E-006 -4.16749620958E-001 -2.66331275823E-004
1 1 157   1.47005988024E-002  3.49613939534E-015 -1.04952040846E-016 -2.64555837748E-006 -4.16718358539E-001 -2.81367159756E-004
1 1 158   1.47305389222E-002  3.59734352715E-015 -9.93908460308E-017 -1.19513456947E-006 -4.16625538630E-001 -2.79826888934E-004
1 1 159   1.47604790419E-002  3.70022266662E-015 -9.12796585279E-017  2.55289238699E-007 -4.16532718721E-001 -2.78286618112E-004
1 1 160   1.47904191617E-002  3.80441544831E-015 -8.06578653693E-017  1.70571304703E-006 -4.16439898812E-001 -2.76746347290E-004
1 1 161   1.48203592814E-002  3.91099283950E-015 -6.75525716094E-017  3.15613685552E-006 -4.16347078902E-001 -2.75206076468E-004
1 1 162   1.48502994012E-002  4.01890923096E-015 -5.17909825269E-017  4.60656066417E-006 -4.16254258993E-001 -2.73665805646E-004
1 1 163   1.48802395210E-002  4.12915919820E-015 -3.37932264637E-017  6.05698447299E-006 -4.16161439084E-001 -2.72125534824E-004
1 1 164   1.49101796407E-002  4.24108994350E-015 -1.30646361785E-017  7.50740828196E-006 -4.16068619175E-001 -2.70585264002E-004
1 1 165   1.49401197605E-002  4.35434084258E-015  1.03066969022E-017  8.95783209110E-006 -4.15975799265E-001 -2.69044993180E-004
1 1 166   1.49700598802E-002  4.46936595806E-015  3.60971560802E-017  1.04082559004E-005 -4.15882979356E-001 -2.67504722358E-004
1 1 167   1.50000000000E-002  4.58680262927E-015  6.43067413555E-017  1.18586797099E-005 -4.15790159447E-001 -2.65964451537E-004
1 1 168   1.50299401198E-002  4.70501113279E-015  9.52200557985E-017  1.33091035195E-005 -4.15697339538E-001 -2.64424180715E-004
1 1 169   1.50598802396E-002  8.42333158477E-016  1.11747690891E-015  1.01403422959E-005 -4.15659742880E-001 -2.53139280101E-004
1 1 170   1.50898203594E-002  8.13073278817E-016  1.06063771589E-015  1.09992885703E-005 -4.15564120940E-001 -2.52143663723E-004
1 1 171   1.51197604791E-002  7.84346579927E-016  1.00644454793E-015  1.18582348445E-005 -4.15468499000E-001 -2.51148047346E-004
1 1 172   1.51497005989E-002  7.56690954199E-016  9.55033036161E-016  1.27171811185E-005 -4.15372877060E-001 -2.50152430968E-004
1 1 173   1.51796407187E-002  7.29403787803E-016  9.05932230275E-016  1.35761273923E-005 -4.15277255120E-001 -2.49156814591E-004
1 1 174   1.52095808384E-002  7.02971277651E-016  8.59653738168E-016  1.44350736659E-005 -4.15181633180E-001 -2.48161198213E-004
1 1 175   1.52395209582E-002  6.77375636051E-016  8.16116244680E-016  1.52940199393E-005 -4.15086011240E-001 -2.47165581836E-004
1 1 176   1.52694610779E-002  6.52150994882E-016  7.74872516412E-016  1.61529662126E-005 -4.14990389300E-001 -2.46169965458E-004
1 1 177   1.52994011977E-002  6.27944487315E-016  7.36735704995E-016  1.70119124856E-005 -4.14894767360E-001 -2.45174349081E-004
1 1 178   1.53293413174E-002  6.04510473796E-016  7.01072229783E-016  1.78708587584E-005 -4.14799145420E-001 -2.44178732703E-004
1 1 179   1.53592814372E-002  5.81601620705E-016  6.67997287259E-016  1.87298050310E-005 -4.14703523480E-001 -2.43183116326E-004
1 1 180   1.53892215569E-002  5.59553353088E-016  6.37585416321E-016  1.95887513035E-005 -4.14607901540E-001 -2.42187499949E-004
1 1 181   1.54191616767E-002  5.38099702600E-016  6.09728196752E-016  2.04476975757E-005 -4.14512279600E-001 -2.41191883571E-004
1 1 182   1.54491017965E-002  5.17320290338E-016  5.84554377559E-016  2.13066438477E-005 -4.14416657660E-001 -2.40196267194E-004
1 1 183   1.54790419162E-002  4.97452285527E-016  5.62321456760E-016  2.21655901196E-005 -4.14321035720E-001 -2.39200650816E-004
1 1 184   1.55089820360E-002  4.78187368175E-016  5.42385689313E-016  2.30245363912E-005 -4.14225413780E-001 -2.38205034439E-004
1 1 185   1.55389221557E-002  4.59728826188E-016  5.25417925314E-016  2.38834826627E-005 -4.14129791840E-001 -2.37209418062E-004
1 1 186   1.55688622755E-002  4.41829325947E-016  5.10760867194E-016  2.47424289339E-005 -4.14034169900E-001 -2.36213801684E-004
1 1 187   1.55988023952E-002  4.24732812939E-016  4.98936287251E-016  2.56013752050E-005 -4.13938547960E-001 -2.35218185307E-004
1 1 188   1.56287425150E-002  4.08434204968E-016  4.89747673839E-016  2.64603214759E-005 -4.13842926020E-001 -2.34222568930E-004
1 1 189   1.56586826348E-002  3.92730214126E-016  4.83154369377E-016  2.73192677466E-005 -4.13747304080E-001 -2.33226952552E-004
1 1 190   1.56886227545E-002  3.77764836014E-016  4.79163150130E-016  2.81782140170E-005 -4.13651682140E-001 -2.32231336175E-004
1 1 191   1.57185628743E-002  3.63495718985E-016  4.78048454771E-016  2.90371602873E-005 -4.13556060200E-001 -2.31235719798E-004
1 1 192   1.57485029940E-002  3.50048223914E-016  4.79420648146E-016  2.98961065574E-005 -4.13460438260E-001 -2.30240103421E-004
1 1 193   1.57784431138E-002  3.37222451027E-016  4.83316999703E-016  3.07550528273E-005 -4.13364816320E-001 -2.29244487043E-004
1 1 194   1.58083832335E-002  3.25212370868E-016  4.90086487018E-016  3.16139990970E-005 -4.13269194380E-001 -2.28248870666E-004
1 1 195   1.58383233533E-002  3.13807072233E-016  4.99242913178E-016  3.24729453665E-005 -4.13173572440E-001 -2.27253254289E-004
1 1 196   1.58682634731E-002  3.03203066766E-016  5.11383436411E-016  3.33318916358E-005 -4.13077950500E-001 -2.26257637912E-004
1 1 197   1.58982035928E-002  2.93199607659E-016  5.25848959205E-016  3.41908379049E-005 -4.12982328560E-001 -2.25262021535E-004
1 1 198   1.59281437126E-002 -1.37017065987E-015  1.78844569362E-015  1.96044829092E-005 -4.12887021627E-001 -2.11557106432E-004
1 1 199   1.59580838323E-002 -1.35908977486E-015  1.85588306875E-015  1.75551866413E-005 -4.12792271140E-001 -2.09747497824E-004
1 1 200   1.59880239521E-002 -1.34775139183E-015  1.92454017132E-015  1.55058903736E-005 -4.12697520652E-001 -2.07937889216E-004
1 1 201   1.60179640719E-002 -1.33650957055E-015  1.99490489232E-015  1.34565941058E-005 -4.12602770164E-001 -2.06128280607E-004
1 1 202   1.60479041916E-002 -1.32434448336E-015  2.06676039130E-015  1.14072978382E-005 -4.12508019676E-001 -2.04318671999E-004
1 1 203   1.60778443114E-002 -1.31263848803E-015  2.13991693289E-015  9.35800157061E-006 -4.12413269189E-001 -2.02509063391E-004
1 1 204   1.61077844311E-002 -1.30039547381E-015  2.21440162214E-015  7.30870530309E-006 -4.12318518701E-001 -2.00699454783E-004
1 1 205   1.61377245509E-002 -1.28712585566E-015  2.29029577421E-015  5.25940903564E-006 -4.12223768213E-001 -1.98889846175E-004
1 1 206   1.61676646707E-002 -1.27369445421E-015  2.36713860319E-015  3.21011276826E-006 -4.12129017726E-001 -1.97080237567E-004
1 1 207   1.61976047904E-002 -1.26104062902E-015  2.44609562640E-015  1.16081650095E-006 -4.12034267238E-001 -1.95270628958E-004
1 1 208   1.62275449102E-002 -1.24703663330E-015  2.52589290629E-015 -8.88479766297E-007 -4.11939516750E-001 -1.93461020350E-004
1 1 209   1.62574850299E-002 -1.26095084352E-015  2.49557929118E-015 -2.38353904895E-006 -4.11839183792E-001 -2.00494212048E-004
1 1 210   1.62874251497E-002 -1.29278403575E-015  2.38680670822E-015 -3.21156668999E-006 -4.11732746494E-001 -1.99138799591E-004
1 1 211   1.63173652695E-002 -1.32467482621E-015  2.27891165140E-015 -4.03959433116E-006 -4.11626309196E-001 -1.97783387133E-004
1 1 212   1.63473053892E-002 -1.35660796832E-015  2.17173149039E-015 -4.86762197246E-006 -4.11519871898E-001 -1.96427974676E-004
1 1 213   1.63772455090E-002 -1.38705710871E-015  2.06471395970E-015 -5.69564961390E-006 -4.11413434600E-001 -1.95072562218E-004
1 1 214   1.64071856287E-002 -1.41762144558E-015  1.95852990943E-015 -6.52367725546E-006 -4.11306997302E-001 -1.93717149761E-004
1 1 215   1.64371257485E-002 -1.44696944314E-015  1.85258980465E-015 -7.35170489716E-006 -4.11200560004E-001 -1.92361737303E-004
1 1 216   1.64670658683E-002 -1.47669691145E-015  1.74750350908E-015 -8.17973253900E-006 -4.11094122706E-001 -1.91006324846E-004
1 1 217   1.64970059880E-002 -1.50584839737E-015  1.64308128735E-015 -9.00776018097E-006 -4.10987685408E-001 -1.89650912388E-004
1 1 218   1.65269461078E-002 -1.53406475890E-015  1.53902498384E-015 -9.83578782307E-006 -4.10881248109E-001 -1.88295499931E-004
1 1 219   1.65568862275E-002 -1.56182033452E-015  1.43556499153E-015 -1.06638154653E-005 -4.10774810811E-001 -1.86940087473E-004
1 1 220   1.65868263473E-002 -1.58911512421E-015  1.33278262558E-015 -1.14918431077E-005 -4.10668373513E-001 -1.85584675016E-004
1 1 221   1.66167664671E-002 -1.61631504621E-015  1.23016288996E-015 -1.23198707502E-005 -4.10561936215E-001 -1.84229262559E-004
1 1 222   1.66467065868E-002 -1.64244431857E-015  1.12835630596E-015 -1.31478983928E-005 -4.10455498917E-001 -1.82873850101E-004
1 1 223   1.66766467066E-002 -1.66805859490E-015  1.02687498262E-015 -1.39759260356E-005 -4.10349061619E-001 -1.81518437644E-004
1 1 224   1.67065868263E-002 -1.69356445100E-015  9.26233915954E-016 -1.48039536785E-005 -4.10242624321E-001 -1.80163025186E-004
1 1 225   1.67365269461E-002 -1.71873149393E-015  8.26162055434E-016 -1.56319813215E-005 -4.10136187023E-001 -1.78807612728E-004
1 1 226   1.67664670658E-002 -1.74309893776E-015  7.26794926326E-016 -1.64600089646E-005 -4.10029749725E-001 -1.77452200271E-004
1 1 227   1.67964071856E-002 -1.76678875523E-015  6.27698847760E-016 -1.72880366079E-005 -4.09923312427E-001 -1.76096787813E-004
1 1 228   1.68263473054E-002 -1.79032949490E-015  5.29144870282E-016 -1.81160642514E-005 -4.09816875129E-001 -1.74741375356E-004
1 1 229   1.68562874251E-002 -1.81294866272E-015  4.31187203997E-016 -1.89440918949E-005 -4.09710437831E-001 -1.73385962898E-004
1 1 230   1.68862275449E-002 -1.83552717296E-015  3.33880059017E-016 -1.97721195386E-005 -4.09604000532E-001 -1.72030550441E-004
1 1 231   1.69161676646E-002 -1.85703503356E-015  2.36871069634E-016 -2.06001471825E-005 -4.09497563234E-001 -1.70675137983E-004
1 1 232   1.69461077844E-002 -1.87839381636E-015  1.40837862206E-016 -2.14281748264E-005 -4.09391125936E-001 -1.69319725526E-004
1 1 233   1.69760479041E-002 -1.89915628796E-015  4.50486002668E-017 -2.22562024705E-005 -4.09284688638E-001 -1.67964313068E-004
1 1 234   1.70059880239E-002 -7.33738055394E-017  1.18615529318E-016 -2.58047880154E-006 -4.09184007106E-001 -1.73760270082E-004
1 1 235   1.70359281436E-002 -7.24831503954E-017  1.10596244890E-016 -1.74412473199E-006 -4.09077969959E-001 -1.72452924097E-004
1 1 236   1.70658682634E-002 -7.07238629639E-017  1.03456604178E-016 -9.07770662002E-007 -4.08971932812E-001 -1.71145578112E-004
1 1 237   1.70958083832E-002 -6.83860520295E-017  9.68632997162E-017 -7.14165915853E-008 -4.08865895664E-001 -1.69838232128E-004
1 1 238   1.71257485029E-002 -6.52012081478E-017  9.12847407256E-017  7.64937479262E-007 -4.08759858517E-001 -1.68530886143E-004
1 1 239   1.71556886227E-002 -6.14539343892E-017  8.61195338132E-017  1.60129155054E-006 -4.08653821370E-001 -1.67223540158E-004
1 1 240   1.71856287424E-002 -5.74085050331E-017  8.08713176721E-017  2.43764562225E-006 -4.08547784223E-001 -1.65916194173E-004
1 1 241   1.72155688622E-002 -5.21975583416E-017  7.72426285260E-017  3.27399969439E-006 -4.08441747076E-001 -1.64608848188E-004
1 1 242   1.72455089819E-002 -4.64919444089E-017  7.38240035509E-017  4.11035376696E-006 -4.08335709929E-001 -1.63301502203E-004
1 1 243   1.72754491017E-002 -4.03187682893E-017  7.06933697778E-017  4.94670783996E-006 -4.08229672782E-001 -1.61994156219E-004
1 1 244   1.73053892214E-002 -3.35018471298E-017  6.81692115950E-017  5.78306191339E-006 -4.08123635635E-001 -1.60686810234E-004
1 1 245   1.73353293412E-002 -2.57904591780E-017  6.66919861350E-017  6.61941598725E-006 -4.08017598488E-001 -1.59379464249E-004
1 1 246   1.73652694610E-002 -1.75369701400E-017  6.55942314354E-017  7.45577006154E-006 -4.07911561340E-001 -1.58072118264E-004
1 1 247   1.73952095807E-002 -8.72782748851E-018  6.50656828763E-017  8.29212413627E-006 -4.07805524193E-001 -1.56764772279E-004
1 1 316   1.94610778443E-002 -8.99602988334E-017  1.10270719541E-016  4.97743534395E-005 -4.00292509761E-001 -9.46694008010E-005
1 1 317   1.94910179641E-002 -9.13141751205E-017  1.10781321589E-016  4.76018000733E-005 -4.00198874556E-001 -9.37746318941E-005
1 1 318   1.95209580838E-002 -9.22363822418E-017  1.11347139598E-016  4.54292467072E-005 -4.00105239350E-001 -9.28798629872E-005
1 1 319   1.95508982036E-002 -9.23968949853E-017  1.11752444863E-016  4.32566933412E-005 -4.00011604145E-001 -9.19850940802E-005
1 1 320   1.95808383234E-002 -9.20750224654E-017  1.12283534521E-016  4.10841399754E-005 -3.99917968940E-001 -9.10903251733E-005
1 1 321   1.96107784431E-002 -9.12720352314E-017  1.12826482640E-016  3.89115866096E-005 -3.99824333735E-001 -9.01955562664E-005
1 1 322   1.96407185629E-002 -8.97278941685E-017  1.13416017571E-016  3.67390332439E-005 -3.99730698530E-001 -8.93007873595E-005
1 1 323   1.96706586826E-002 -8.76475812501E-017  1.13814123057E-016  3.45664798783E-005 -3.99637063325E-001 -8.84060184526E-005
1 1 324   1.97005988024E-002 -8.49235232917E-017  1.14491749414E-016  3.23939265128E-005 -3.99543428119E-001 -8.75112495457E-005
1 1 325   1.97305389222E-002 -8.16573642471E-017  1.14925430283E-016  3.02213731474E-005 -3.99449792914E-001 -8.66164806388E-005
1 1 326   1.97604790419E-002 -7.78253871937E-017  1.15535294005E-016  2.80488197821E-005 -3.99356157709E-001 -8.57217117319E-005
1 1 327   1.97904191617E-002 -7.34445327905E-017  1.16067230696E-016  2.58762664169E-005 -3.99262522504E-001 -8.48269428250E-005
1 1 328   1.98203592815E-002 -6.82844080759E-017  1.16585614860E-016  2.37037130519E-005 -3.99168887299E-001 -8.39321739181E-005
1 1 329   1.98502994012E-002 -6.27854701823E-017  1.17063341442E-016  2.15311596869E-005 -3.99075252093E-001 -8.30374050112E-005
1 1 330   1.98802395210E-002 -5.66089059309E-017  1.17656264505E-016  1.93586063220E-005 -3.98981616888E-001 -8.21426361043E-005
1 1 331   1.99101796407E-002 -4.98360304847E-017  1.18293233282E-016  1.71860529572E-005 -3.98887981683E-001 -8.12478671974E-005
1 1 332   1.99401197605E-002 -4.23821405488E-017  1.18665927779E-016  1.50134995925E-005 -3.98794346478E-001 -8.03530982905E-005
1 1 333   1.99700598803E-002 -3.45013460076E-017  1.19289344028E-016  1.28409462279E-005 -3.98700711273E-001 -7.94583293835E-005
1 1 334   2.00000000000E-002 -2.59056556588E-017  1.19770458742E-016  1.06683928634E-005 -3.98607076068E-001 -7.85635604766E-005
1 1 335   2.00299401198E-002 -1.67373710377E-017  1.20299007301E-016  8.49583949903E-006 -3.98513440862E-001 -7.76687915697E-005
1 1 336   2.00598802395E-002 -7.08797170262E-018  1.20942752341E-016  6.32328613474E-006 -3.98419805657E-001 -7.67740226628E-005
1 1 337   2.00898203593E-002  3.27293530819E-018  1.21471300900E-016  4.15073277055E-006 -3.98326170452E-001 -7.58792537559E-005
1 1 338   2.01197604791E-002  1.41962721960E-017  1.21979520668E-016  1.97817940646E-006 -3.98232535247E-001 -7.49844848490E-005
1 1 339   2.01497005988E-002  2.56617101700E-017  1.22467411646E-016 -1.94373957535E-007 -3.98138900042E-001 -7.40897159421E-005
1 1 340   2.01796407186E-002  3.77505643932E-017  1.23124709213E-016 -2.36692732143E-006 -3.98045264837E-001 -7.31949470352E-005
1 1 341   2.02095808383E-002  5.04628348656E-017  1.23504179973E-016 -4.53948068522E-006 -3.97951629631E-001 -7.23001781283E-005
1 1 342   2.02395209581E-002  6.35681286255E-017  1.24236016440E-016 -6.71203404891E-006 -3.97857994426E-001 -7.14054092214E-005
1 1 343   2.02694610779E-002  7.75136790691E-017  1.24710354890E-016 -8.88458741250E-006 -3.97764359221E-001 -7.05106403145E-005
1 1 344   2.02994011976E-002  9.19132391725E-017  1.25211798395E-016 -1.10571407760E-005 -3.97670724016E-001 -6.96158714076E-005
1 1 345   2.03293413174E-002  1.06936215525E-016  1.25781004535E-016 -1.32296941394E-005 -3.97577088811E-001 -6.87211025007E-005
1 1 346   2.03592814371E-002  1.22480964173E-016  1.26472183420E-016 -1.54022475027E-005 -3.97483453606E-001 -6.78263335938E-005
1 1 347   2.03892215569E-002  1.38723667970E-016  1.26878759235E-016 -1.75748008659E-005 -3.97389818400E-001 -6.69315646869E-005
1 1 348   2.04191616767E-002  1.55447486480E-016  1.27529280539E-016 -1.97473542290E-005 -3.97296183195E-001 -6.60367957800E-005
1 1 349   2.04491017964E-002  1.72889588930E-016  1.28084934152E-016 -2.19199075920E-005 -3.97202547990E-001 -6.51420268731E-005
1 1 350   2.04790419162E-002  1.90738267195E-016  1.28681245347E-016 -2.40924609548E-005 -3.97108912785E-001 -6.42472579662E-005
1 1 351   2.05089820359E-002  2.09413649616E-016  1.29114926216E-016 -2.62650143176E-005 -3.97015277580E-001 -6.33524890593E-005
1 1 352   2.05389221557E-002  2.28427845216E-016  1.29860315209E-016 -2.84375676803E-005 -3.96921642374E-001 -6.24577201524E-005
1 1 353   2.05688622755E-002  2.48187429809E-016  1.30293996078E-016 -3.06101210429E-005 -3.96828007169E-001 -6.15629512455E-005
1 1 354   2.05988023952E-002  2.68462010435E-016  1.30917412328E-016 -3.27826744054E-005 -3.96734371964E-001 -6.06681823386E-005
1 1 355   2.06287425150E-002  2.89305797201E-016  1.31418855832E-016 -3.49552277678E-005 -3.96640736759E-001 -5.97734134316E-005
1 1 356   2.06586826347E-002  3.10976288123E-016  1.31866089229E-016 -3.71277811301E-005 -3.96547101554E-001 -5.88786445247E-005
1 1 357   2.06886227545E-002  3.32822961899E-016  1.32570820641E-016 -3.93003344923E-005 -3.96453466349E-001 -5.79838756178E-005
1 1 358   2.07185628743E-002  3.55536997412E-016  1.33140026781E-016 -4.14728878544E-005 -3.96359831143E-001 -5.70891067109E-005
1 1 359   2.07485029940E-002  3.78860896648E-016  1.33682127867E-016 -4.36454412164E-005 -3.96266195938E-001 -5.61943378040E-005
1 1 360   2.07784431138E-002  4.02632029280E-016  1.34197123899E-016 -4.58179945783E-005 -3.96172560733E-001 -5.52995688971E-005
1 1 361   2.08083832336E-002  4.26972368052E-016  1.34793435094E-016 -4.79905479401E-005 -3.96078925528E-001 -5.44047999902E-005
1 1 362   2.08383233533E-002  4.51963228128E-016  1.35416851343E-016 -5.01631013018E-005 -3.95985290323E-001 -5.35100310833E-005
1 1 363   2.08682634731E-002  4.77591056980E-016  1.36040267593E-016 -5.23356546634E-005 -3.95891655118E-001 -5.26152621764E-005
1 1 364   2.08982035928E-002  5.03666119228E-016  1.36582368679E-016 -5.45082080249E-005 -3.95798019912E-001 -5.17204932695E-005
1 1 365   2.09281437126E-002  5.30500122997E-016  1.37070259656E-016 -5.66807613863E-005 -3.95704384707E-001 -5.08257243626E-005
1 1 366   2.09580838324E-002  5.57849122798E-016  1.37639465797E-016 -5.88533147476E-005 -3.95610749502E-001 -4.99309554557E-005
1 1 367   2.09880239521E-002  5.85686013577E-016  1.38452617426E-016 -6.10258681088E-005 -3.95517114297E-001 -4.90361865488E-005
1 1 368   2.10179640719E-002  6.14227635767E-016  1.38967613458E-016 -6.31984214698E-005 -3.95423479092E-001 -4.81414176419E-005
1 1 369   2.10479041916E-002  6.43419779262E-016  1.39455504436E-016 -6.53709748308E-005 -3.95329843887E-001 -4.72466487350E-005
1 1 405   2.21257485032E-002  6.75882740482E-016  3.79091289610E-016  5.65693909354E-005 -3.92639424773E-001 -2.57666664802E-005
1 1 406   2.21556886229E-002  6.38349228281E-016  3.81259693955E-016  5.37813906625E-005 -3.92587625690E-001 -2.49337457322E-005
1 1 407   2.21856287427E-002  6.01462002219E-016  3.83482308408E-016  5.09933903893E-005 -3.92535826606E-001 -2.41008249842E-005
1 1 408   2.22155688625E-002  5.65438538006E-016  3.85677817807E-016  4.82053901160E-005 -3.92484027523E-001 -2.32679042362E-005
1 1 409   2.22455089822E-002  5.30197732235E-016  3.87927537315E-016  4.54173898424E-005 -3.92432228439E-001 -2.24349834882E-005
1 1 410   2.22754491020E-002  4.96064210285E-016  3.90014626497E-016  4.26293895685E-005 -3.92380429356E-001 -2.16020627402E-005
1 1 411   2.23053892217E-002  4.62279242392E-016  3.92318556114E-016  3.98413892944E-005 -3.92328630272E-001 -2.07691419921E-005
1 1 412   2.23353293415E-002  4.29222299318E-016  3.94649590785E-016  3.70533890201E-005 -3.92276831188E-001 -1.99362212441E-005
1 1 413   2.23652694612E-002  3.97408377094E-016  3.96655364804E-016  3.42653887455E-005 -3.92225032105E-001 -1.91033004961E-005
1 1 414   2.23952095810E-002  3.65932421016E-016  3.99094819692E-016  3.14773884707E-005 -3.92173233021E-001 -1.82703797482E-005
1 1 415   2.24251497007E-002  3.35331026456E-016  4.01425854363E-016  2.86893881957E-005 -3.92121433938E-001 -1.74374590002E-005
1 1 416   2.24550898205E-002  3.05688049675E-016  4.03702678925E-016  2.59013879204E-005 -3.92069634854E-001 -1.66045382522E-005
1 1 417   2.24850299403E-002  2.76694641286E-016  4.05843978216E-016  2.31133876449E-005 -3.92017835771E-001 -1.57716175042E-005
1 1 418   2.25149700600E-002  2.48575476778E-016  4.08093697724E-016  2.03253873691E-005 -3.91966036687E-001 -1.49386967562E-005
1 1 419   2.25449101798E-002  2.21103339562E-016  4.10451837449E-016  1.75373870931E-005 -3.91914237604E-001 -1.41057760082E-005
1 1 420   2.25748502995E-002  1.94480988151E-016  4.12809977174E-016  1.47493868168E-005 -3.91862438520E-001 -1.32728552603E-005
1 1 421   2.26047904193E-002  1.68559556504E-016  4.15086801736E-016  1.19613865403E-005 -3.91810639437E-001 -1.24399345123E-005
1 1 422   2.26347305390E-002  1.43488228298E-016  4.17363626298E-016  9.17338626362E-006 -3.91758840353E-001 -1.16070137643E-005
1 1 423   2.26646706588E-002  1.19293790951E-016  4.19613345806E-016  6.38538598665E-006 -3.91707041270E-001 -1.07740930164E-005
1 1 424   2.26946107786E-002  9.57195934792E-017  4.22134115857E-016  3.59738570945E-006 -3.91655242186E-001 -9.94117226843E-006
1 1 425   2.27245508983E-002  7.29710413730E-017  4.24383835365E-016  8.09385432000E-007 -3.91603443103E-001 -9.10825152048E-006
1 1 426   2.27544910181E-002  5.10019713365E-017  4.26796185199E-016 -1.97861484569E-006 -3.91551644019E-001 -8.27533077253E-006
1 1 427   2.27844311378E-002  2.98418177647E-017  4.29045904707E-016 -4.76661512361E-006 -3.91499844936E-001 -7.44241002458E-006
1 1 428   2.28143712576E-002  9.33239725461E-018  4.31553122231E-016 -7.55461540178E-006 -3.91448045852E-001 -6.60948927665E-006
1 1 429   2.28443113773E-002 -1.03036264078E-017  4.33911261956E-016 -1.03426156802E-005 -3.91396246768E-001 -5.77656852871E-006
1 1 430   2.28742514971E-002 -2.91845201976E-017  4.36242296627E-016 -1.31306159588E-005 -3.91344447685E-001 -4.94364778078E-006
1 1 431   2.29041916168E-002 -4.70525743409E-017  4.38586883825E-016 -1.59186162377E-005 -3.91292648601E-001 -4.11072703285E-006
1 1 432   2.29341317366E-002 -6.44771008571E-017  4.40972128604E-016 -1.87066165168E-005 -3.91240849518E-001 -3.27780628493E-006
1 1 433   2.29640718564E-002 -8.09567621206E-017  4.43452241074E-016 -2.14946167962E-005 -3.91189050434E-001 -2.44488553701E-006
1 1 434   2.29940119761E-002 -9.66880697752E-017  4.45851038380E-016 -2.42826170758E-005 -3.91137251351E-001 -1.61196478909E-006
1 1 435   2.30239520959E-002 -1.11691299672E-016  4.48222730633E-016 -2.70706173557E-005 -3.91085452267E-001 -7.79044041178E-007
1 1 436   2.30538922156E-002 -1.25800115716E-016  4.50716395629E-016 -2.98586176357E-005 -3.91033653184E-001  5.38767067301E-008
1 1 437   2.30838323354E-002 -1.39204888563E-016  4.53155850517E-016 -3.26466179161E-005 -3.90981854100E-001  8.86797454634E-007
1 1 438   2.31137724551E-002 -1.51800268488E-016  4.55486885188E-016 -3.54346181966E-005 -3.90930055017E-001  1.71971820253E-006
1 1 439   2.31437125749E-002 -1.63636706893E-016  4.58014431503E-016 -3.82226184774E-005 -3.90878255933E-001  2.55263895043E-006
1 1 440   2.31736526947E-002 -1.74701392404E-016  4.60433557600E-016 -4.10106187585E-005 -3.90826456850E-001  3.38555969832E-006
1 1 441   2.32035928144E-002 -1.84865099557E-016  4.62886565016E-016 -4.37986190398E-005 -3.90774657766E-001  4.21848044621E-006
1 1 442   2.32335329342E-002 -1.94463332808E-016  4.65427663857E-016 -4.65866193213E-005 -3.90722858683E-001  5.05140119410E-006
1 1 443   2.32634730539E-002 -2.03201483511E-016  4.67826461164E-016 -4.93746196030E-005 -3.90671059599E-001  5.88432194198E-006
1 1 444   2.32934131737E-002 -2.11106444961E-016  4.70333678688E-016 -5.21626198850E-005 -3.90619260516E-001  6.71724268986E-006
1 1 445   2.33233532935E-002 -2.18261358736E-016  4.72840896212E-016 -5.49506201673E-005 -3.90567461432E-001  7.55016343773E-006
1 1 446   2.33532934132E-002 -2.24566142600E-016  4.75273574836E-016 -5.77386204498E-005 -3.90515662349E-001  8.38308418560E-006
1 1 447   2.33832335330E-002 -2.30223740352E-016  4.77921399829E-016 -6.05266207325E-005 -3.90463863265E-001  9.21600493346E-006
1 1 448   2.34131736527E-002 -2.34919466019E-016  4.80366783948E-016 -6.33146210155E-005 -3.90412064181E-001  1.00489256813E-005
1 1 463   2.38622754491E-002 -1.38972960354E-016  1.97254491658E-016 -3.44700754780E-006 -3.90050204566E-001 -1.81652581479E-005
1 1 464   2.38922155689E-002 -1.44285498059E-016  1.29589264666E-016 -5.51213092302E-006 -3.90031176265E-001 -1.26412862193E-005
1 1 465   2.39221556886E-002 -1.50647350768E-016  6.71527720583E-017 -7.57725429831E-006 -3.90012147964E-001 -7.11731429081E-006
1 1 466   2.39520958084E-002 -1.58015266860E-016  1.07064964533E-017 -9.64237767368E-006 -3.89993119663E-001 -1.59334236232E-006
1 1 467   2.39820359281E-002 -1.66604604461E-016 -4.00477177462E-017 -1.17075010491E-005 -3.89974091362E-001  3.93062956614E-006
1 1 468   2.40119760479E-002 -1.76469150165E-016 -8.47710573612E-017 -1.37726244246E-005 -3.89955063061E-001  9.45460149456E-006
1 1 469   2.40419161677E-002 -1.87184116948E-016 -1.24263121494E-016 -1.58377478002E-005 -3.89936034759E-001  1.49785734230E-005
1 1 470   2.40718562874E-002 -1.99165397987E-016 -1.57480365554E-016 -1.79028711759E-005 -3.89917006458E-001  2.05025453513E-005
1 1 471   2.41017964072E-002 -2.12311349328E-016 -1.85052982053E-016 -1.99679945516E-005 -3.89897978157E-001  2.60265172796E-005
1 1 472   2.41317365269E-002 -2.26637641082E-016 -2.07048733627E-016 -2.20331179274E-005 -3.89878949856E-001  3.15504892079E-005
1 1 473   2.41616766467E-002 -2.42010018525E-016 -2.23135583361E-016 -2.40982413032E-005 -3.89859921555E-001  3.70744611361E-005
1 1 474   2.41916167665E-002 -2.58594076599E-016 -2.33618463116E-016 -2.61633646792E-005 -3.89840893254E-001  4.25984330644E-005
1 1 475   2.42215568862E-002 -2.76199021133E-016 -2.38266979931E-016 -2.82284880552E-005 -3.89821864953E-001  4.81224049925E-005
1 1 476   2.42514970060E-002 -2.94998917397E-016 -2.37203106549E-016 -3.02936114313E-005 -3.89802836652E-001  5.36463769207E-005
1 1 477   2.42814371257E-002 -3.01828332293E-016 -2.34702665289E-016 -1.01134841818E-004 -3.89879560638E-001  3.26276960606E-005
1 1 478   2.43113772455E-002 -2.48214534863E-016 -2.49583340106E-016 -9.69209485795E-005 -3.89861214278E-001  3.34633672255E-005
1 1 479   2.43413173653E-002 -1.89139068990E-016 -2.64003229000E-016 -9.27070553406E-005 -3.89842867918E-001  3.42990383905E-005
1 1 480   2.43712574850E-002 -1.25062720596E-016 -2.78206277460E-016 -8.84931621017E-005 -3.89824521558E-001  3.51347095554E-005
1 1 481   2.44011976048E-002 -5.51452329980E-017 -2.92029855159E-016 -8.42792688628E-005 -3.89806175198E-001  3.59703807203E-005
1 1 482   2.44311377246E-002  2.00848452453E-017 -3.05663697478E-016 -8.00653756239E-005 -3.89787828838E-001  3.68060518853E-005
1 1 483   2.44610778443E-002  1.00397121172E-016 -3.18836753874E-016 -7.58514823850E-005 -3.89769482478E-001  3.76417230502E-005
1 1 484   2.44910179641E-002  1.86184618070E-016 -3.31738759726E-016 -7.16375891461E-005 -3.89751136118E-001  3.84773942151E-005
1 1 485   2.45209580838E-002  2.77745491536E-016 -3.44261294818E-016 -6.74236959071E-005 -3.89732789758E-001  3.93130653801E-005
1 1 486   2.45508982036E-002  3.74334352578E-016 -3.56485674313E-016 -6.32098026682E-005 -3.89714443398E-001  4.01487365450E-005
1 1 487   2.45808383234E-002  4.76276461846E-016 -3.68628738645E-016 -5.89959094293E-005 -3.89696097038E-001  4.09844077099E-005
1 1 488   2.46107784431E-002  5.83775107248E-016 -3.80094176619E-016 -5.47820161904E-005 -3.89677750678E-001  4.18200788749E-005
1 1 489   2.46407185629E-002  6.96437265496E-016 -3.91532509539E-016 -5.05681229515E-005 -3.89659404319E-001  4.26557500398E-005
1 1 490   2.46706586826E-002  8.14452671971E-016 -4.02428741372E-016 -4.63542297126E-005 -3.89641057959E-001  4.34914212047E-005
1 1 491   2.47005988024E-002  9.38187244906E-016 -4.13162342880E-016 -4.21403364737E-005 -3.89622711599E-001  4.43270923696E-005
1 1 492   2.47305389222E-002  1.06661099224E-015 -4.23543578681E-016 -3.79264432348E-005 -3.89604365239E-001  4.51627635345E-005
1 1 493   2.47604790419E-002  1.20116048184E-015 -4.33572448777E-016 -3.37125499959E-005 -3.89586018879E-001  4.59984346995E-005
1 1 494   2.47904191617E-002  1.34056177617E-015 -4.43330268329E-016 -2.94986567570E-005 -3.89567672519E-001  4.68341058644E-005
1 1 495   2.48203592814E-002  1.48587197234E-015 -4.52627301958E-016 -2.52847635181E-005 -3.89549326159E-001  4.76697770293E-005
1 1 496   2.48502994012E-002  1.63611528839E-015 -4.61870125479E-016 -2.10708702792E-005 -3.89530979799E-001  4.85054481942E-005
1 1 497   2.48802395210E-002  1.79167119509E-015 -4.70652163076E-016 -1.68569770403E-005 -3.89512633439E-001  4.93411193591E-005
1 1 498   2.49101796407E-002  1.95270232276E-015 -4.79217360239E-016 -1.26430838014E-005 -3.89494287079E-001  5.01767905240E-005
1 1 499   2.49401197605E-002  2.11939840677E-015 -4.87511506858E-016 -8.42919056246E-006 -3.89475940719E-001  5.10124616889E-005
1 1 500   2.49700598802E-002  2.29137997639E-015 -4.94992501848E-016 -4.21529732356E-006 -3.89457594359E-001  5.18481328538E-005
1 1 501   2.50000000000E-002 -1.45144855336E-015  2.18954628733E-016 -1.40408541494E-009 -1.30217552406E-005  3.20626280604E-009
