0.00000000e+000	1.14360319e+000	
5.02983767e-002	1.14448315e+000	
1.00596753e-001	1.14546138e+000	
1.50895130e-001	1.14653761e+000	
2.01193507e-001	1.14771157e+000	
2.51491884e-001	1.14882500e+000	
3.01790260e-001	1.14996816e+000	
3.52088637e-001	1.15080149e+000	
4.02387014e-001	1.15176739e+000	
4.52685390e-001	1.15328354e+000	
5.02983767e-001	1.15481996e+000	
5.53282144e-001	1.15644122e+000	
6.03580521e-001	1.15814698e+000	
6.53878897e-001	1.15983654e+000	
7.04177274e-001	1.16151322e+000	
7.54475651e-001	1.16327381e+000	
8.04774028e-001	1.16511792e+000	
8.55072404e-001	1.16759940e+000	
9.05370781e-001	1.16904604e+000	
9.55669158e-001	1.17084205e+000	
1.00596753e+000	1.17279615e+000	
1.05626591e+000	1.17484805e+000	
1.10656429e+000	1.17644227e+000	
1.15686266e+000	1.17766254e+000	
1.20716104e+000	1.17935443e+000	
1.25745942e+000	1.18192686e+000	
1.30775779e+000	1.18442543e+000	
1.35805617e+000	1.18677203e+000	
1.40835455e+000	1.18814488e+000	
1.45865292e+000	1.18970936e+000	
1.50895130e+000	1.19263075e+000	
1.55924968e+000	1.19560531e+000	
1.60954806e+000	1.19865812e+000	
1.65984643e+000	1.20185569e+000	
1.71014481e+000	1.20504844e+000	
1.76044319e+000	1.20725055e+000	
1.81074156e+000	1.20805085e+000	
1.86103994e+000	1.20892533e+000	
1.91133832e+000	1.20979571e+000	
1.96163669e+000	1.21030380e+000	
2.01193507e+000	1.21085894e+000	
2.06223345e+000	1.21154053e+000	
2.11253182e+000	1.21221692e+000	
2.16283020e+000	1.21330991e+000	
2.21312858e+000	1.21447252e+000	
2.26342695e+000	1.21570038e+000	
2.31372533e+000	1.21487282e+000	
2.36402371e+000	1.21342673e+000	
2.41432208e+000	1.21204102e+000	
2.46462046e+000	1.21071589e+000	
2.51491884e+000	1.20944636e+000	
2.56521721e+000	1.20808723e+000	
2.61551559e+000	1.20824536e+000	
2.66581397e+000	1.20618041e+000	
2.71611234e+000	1.20099338e+000	
2.76641072e+000	1.19576092e+000	
2.81670910e+000	1.19052308e+000	
2.86700747e+000	1.18532599e+000	
2.91730585e+000	1.17890850e+000	
2.96760423e+000	1.17214256e+000	
3.01790260e+000	1.16655080e+000	
3.06820098e+000	1.16096437e+000	
3.11849936e+000	1.15538336e+000	
3.16879773e+000	1.14951053e+000	
3.21909611e+000	1.14195621e+000	
3.26939449e+000	1.13412437e+000	
3.31969286e+000	1.12631924e+000	
3.36999124e+000	1.11853795e+000	
3.42028962e+000	1.10848892e+000	
3.47058799e+000	1.09786629e+000	
3.52088637e+000	1.08724577e+000	
3.57118475e+000	1.07662508e+000	
3.62148312e+000	1.06599830e+000	
3.67178150e+000	1.05392727e+000	
3.72207988e+000	1.03943947e+000	
3.77237825e+000	1.02331527e+000	
3.82267663e+000	1.01099739e+000	
3.87297501e+000	9.98757492e-001	
3.92327338e+000	9.86562255e-001	
3.97357176e+000	9.74413359e-001	
4.02387014e+000	9.61657619e-001	
4.07416851e+000	9.47119116e-001	
4.12446689e+000	9.32743638e-001	
4.17476527e+000	9.17924819e-001	
4.22506364e+000	9.02789425e-001	
4.27536202e+000	8.87874467e-001	
4.32566040e+000	8.73754116e-001	
4.37595877e+000	8.60900796e-001	
4.42625715e+000	8.48515644e-001	
4.47655553e+000	8.36591507e-001	
4.52685390e+000	8.20530133e-001	
4.57715228e+000	8.04205847e-001	
4.62745066e+000	7.91175514e-001	
4.67774904e+000	7.84275592e-001	
4.72804741e+000	7.78472318e-001	
4.77834579e+000	7.73067254e-001	
4.82864417e+000	7.62816419e-001	
4.87894254e+000	7.56114021e-001	
4.92924092e+000	7.51967057e-001	
4.97953930e+000	7.48908436e-001	
5.02983767e+000	7.38625659e-001	
5.08013605e+000	7.23745045e-001	
5.13043443e+000	7.08327451e-001	
5.18073280e+000	6.94456069e-001	
5.23103118e+000	6.82225222e-001	
5.28132956e+000	6.72556870e-001	
5.33162793e+000	1.36714746e-001	
5.38192631e+000	1.34100477e-001	
5.43222469e+000	1.31612580e-001	
5.48252306e+000	1.29416126e-001	
5.53282144e+000	1.27418809e-001	
5.58311982e+000	1.24161905e-001	
5.63341819e+000	1.18432055e-001	
5.68371657e+000	1.14447475e-001	
5.73401495e+000	1.14765430e-001	
5.78431332e+000	1.15522977e-001	
5.83461170e+000	1.16711556e-001	
5.88491008e+000	1.16326567e-001	
5.93520845e+000	1.15706619e-001	
5.98550683e+000	1.15466736e-001	
6.03580521e+000	1.15186298e-001	
6.08610358e+000	1.15004187e-001	
6.13640196e+000	1.15381535e-001	
6.18670034e+000	1.15197710e-001	
6.23699871e+000	1.13845499e-001	
6.28729709e+000	1.13064101e-001	
6.33759547e+000	1.12986418e-001	
6.38789384e+000	1.13476768e-001	
6.43819222e+000	1.12991979e-001	
6.48849060e+000	1.12038484e-001	
6.53878897e+000	1.12318065e-001	
6.58908735e+000	1.13471418e-001	
6.63938573e+000	1.15463428e-001	
6.68968410e+000	1.18251718e-001	
6.73998248e+000	1.18881620e-001	
6.79028086e+000	1.17778525e-001	
6.84057923e+000	1.17241520e-001	
6.89087761e+000	1.17842726e-001	
6.94117599e+000	1.19633850e-001	
6.99147436e+000	1.22544051e-001	
7.04177274e+000	1.24309604e-001	
7.09207112e+000	1.22894603e-001	
7.14236949e+000	1.24263271e-001	
7.19266787e+000	1.26504224e-001	
7.24296625e+000	1.28784065e-001	
7.29326462e+000	5.94255915e-001	
7.34356300e+000	6.00174044e-001	
7.39386138e+000	6.08117507e-001	
7.44415975e+000	6.17600097e-001	
7.49445813e+000	6.28024391e-001	
7.54475651e+000	6.35296579e-001	
7.59505488e+000	6.44330991e-001	
7.64535326e+000	6.52111713e-001	
7.69565164e+000	6.59754780e-001	
7.74595002e+000	6.62444079e-001	
7.79624839e+000	6.66549883e-001	
7.84654677e+000	6.71600208e-001	
7.89684515e+000	6.80094351e-001	
7.94714352e+000	6.90050353e-001	
7.99744190e+000	7.03943288e-001	
8.04774028e+000	7.14278811e-001	
8.09803865e+000	7.24149525e-001	
8.14833703e+000	7.34396748e-001	
8.19863541e+000	7.45170718e-001	
8.24893378e+000	7.55650329e-001	
8.29923216e+000	7.65021577e-001	
8.34953054e+000	7.74684690e-001	
8.39982891e+000	7.84724910e-001	
8.45012729e+000	7.95149978e-001	
8.50042567e+000	8.05593108e-001	
8.55072404e+000	8.15925498e-001	
8.60102242e+000	8.26418410e-001	
8.65132080e+000	8.37134475e-001	
8.70161917e+000	8.47954463e-001	
8.75191755e+000	8.58681084e-001	
8.80221593e+000	8.65116445e-001	
8.85251430e+000	8.71165155e-001	
8.90281268e+000	8.77233515e-001	
8.95311106e+000	8.83321119e-001	
9.00340943e+000	8.89427573e-001	
9.05370781e+000	8.95582074e-001	
9.10400619e+000	9.01755389e-001	
9.15430456e+000	9.07945680e-001	
9.20460294e+000	9.14152600e-001	
9.25490132e+000	9.17690567e-001	
9.30519969e+000	9.20077264e-001	
9.35549807e+000	9.22464655e-001	
9.40579645e+000	9.24852735e-001	
9.45609482e+000	9.27362055e-001	
9.50639320e+000	9.30017842e-001	
9.55669158e+000	9.32276533e-001	
9.60698995e+000	9.34536746e-001	
9.65728833e+000	9.36795452e-001	
9.70758671e+000	9.39052102e-001	
9.75788508e+000	9.39937822e-001	
9.80818346e+000	9.40219489e-001	
9.85848184e+000	9.40099105e-001	
9.90878021e+000	9.39172075e-001	
9.95907859e+000	9.38245688e-001	
1.00093770e+001	9.37319946e-001	
1.00596753e+001	9.35786299e-001	
1.01099737e+001	9.33289305e-001	
1.01602721e+001	9.30793880e-001	
1.02105705e+001	9.28300037e-001	
1.02608689e+001	9.25621145e-001	
1.03111672e+001	9.22293627e-001	
1.03614656e+001	9.18966996e-001	
1.04117640e+001	9.15641758e-001	
1.04620624e+001	9.11798917e-001	
1.05123607e+001	9.07459212e-001	
1.05626591e+001	9.03148741e-001	
1.06129575e+001	8.98937670e-001	
1.06632559e+001	8.94291508e-001	
1.07135542e+001	8.89246488e-001	
1.07638526e+001	8.84194014e-001	
1.08141510e+001	8.79143192e-001	
1.08644494e+001	8.74094051e-001	
1.09147477e+001	8.68423830e-001	
1.09650461e+001	8.62440938e-001	
1.10153445e+001	8.56458131e-001	
1.10656429e+001	8.50557403e-001	
1.11159413e+001	8.44692087e-001	
1.11662396e+001	8.38669267e-001	
1.12165380e+001	8.32821079e-001	
1.12668364e+001	8.27168785e-001	
1.13171348e+001	8.21514886e-001	
1.13674331e+001	8.15840257e-001	
1.14177315e+001	8.10167869e-001	
1.14680299e+001	8.04497769e-001	
1.15183283e+001	7.98830008e-001	
1.15686266e+001	7.93138811e-001	
1.16189250e+001	7.87320062e-001	
1.16692234e+001	7.81498338e-001	
1.17195218e+001	7.75596375e-001	
1.17698202e+001	7.69229194e-001	
1.18201185e+001	7.62860741e-001	
1.18704169e+001	7.56496736e-001	
1.19207153e+001	7.50137293e-001	
1.19710137e+001	7.43696973e-001	
1.20213120e+001	7.37119973e-001	
1.20716104e+001	7.30409068e-001	
1.21219088e+001	7.23705178e-001	
1.21722072e+001	7.16990339e-001	
1.22225055e+001	7.09801947e-001	
1.22728039e+001	7.02326285e-001	
1.23231023e+001	6.94853018e-001	
1.23734007e+001	6.88068589e-001	
1.24236991e+001	6.81517870e-001	
1.24739974e+001	6.74976697e-001	
1.25242958e+001	6.68643031e-001	
1.25745942e+001	6.62352074e-001	
1.26248926e+001	6.56034646e-001	
1.26751909e+001	6.48960125e-001	
1.27254893e+001	6.41420748e-001	
1.27757877e+001	6.33890349e-001	
1.28260861e+001	6.26390209e-001	
1.28763844e+001	6.19852565e-001	
1.29266828e+001	6.13327120e-001	
1.29769812e+001	6.06814268e-001	
1.30272796e+001	6.00832838e-001	
1.30775779e+001	5.95793727e-001	
1.31278763e+001	5.90774210e-001	
1.31781747e+001	5.85774792e-001	
1.32284731e+001	5.80763118e-001	
1.32787715e+001	5.75755554e-001	
1.33290698e+001	5.70768216e-001	
1.33793682e+001	5.65801639e-001	
1.34296666e+001	5.58890402e-001	
1.34799650e+001	5.50621386e-001	
1.35302633e+001	5.42048995e-001	
1.35805617e+001	5.33500317e-001	
1.36308601e+001	5.24948320e-001	
1.36811585e+001	5.17869264e-001	
1.37314568e+001	5.11648481e-001	
1.37817552e+001	5.05888321e-001	
1.38320536e+001	5.00597098e-001	
1.38823520e+001	4.95286078e-001	
1.39326504e+001	4.89357012e-001	
1.39829487e+001	4.82237783e-001	
1.40332471e+001	4.75323127e-001	
1.40835455e+001	4.68958674e-001	
1.41338439e+001	4.62649129e-001	
1.41841422e+001	4.56396770e-001	
1.42344406e+001	4.50693706e-001	
1.42847390e+001	4.45121990e-001	
1.43350374e+001	4.39381865e-001	
1.43853357e+001	4.33512162e-001	
1.44356341e+001	4.27668942e-001	
1.44859325e+001	4.21712166e-001	
1.45362309e+001	4.15229368e-001	
1.45865292e+001	4.08700066e-001	
1.46368276e+001	4.01954211e-001	
1.46871260e+001	3.95166427e-001	
1.47374244e+001	3.88191022e-001	
1.47877228e+001	3.81254473e-001	
1.48380211e+001	3.74358941e-001	
1.48883195e+001	3.68016986e-001	
1.49386179e+001	3.61702990e-001	
1.49889163e+001	3.55441725e-001	
1.50392146e+001	3.49236027e-001	
1.50895130e+001	3.43073504e-001	
1.51398114e+001	3.36909408e-001	
1.51901098e+001	3.31930289e-001	
1.52404081e+001	3.25078953e-001	
1.52907065e+001	3.17978362e-001	
1.53410049e+001	3.10798230e-001	
1.53913033e+001	3.03504670e-001	
1.54416017e+001	2.96251044e-001	
1.54919000e+001	2.89637665e-001	
1.55421984e+001	2.84173772e-001	
1.55924968e+001	2.78714378e-001	
1.56427952e+001	2.73262491e-001	
1.56930935e+001	2.67818569e-001	
1.57433919e+001	2.62367586e-001	
1.57936903e+001	2.56917955e-001	
1.58439887e+001	2.51414189e-001	
1.58942870e+001	2.45860565e-001	
1.59445854e+001	2.39448254e-001	
1.59948838e+001	2.32472823e-001	
1.60451822e+001	2.25516361e-001	
1.60954806e+001	2.18580678e-001	
1.61457789e+001	2.11664688e-001	
1.61960773e+001	2.04818287e-001	
1.62463757e+001	1.98083627e-001	
1.62966741e+001	1.91916675e-001	
1.63469724e+001	1.86743172e-001	
1.63972708e+001	1.81577595e-001	
1.64475692e+001	1.76412554e-001	
1.64978676e+001	1.71248096e-001	
1.65481659e+001	1.66074411e-001	
1.65984643e+001	1.61100230e-001	
1.66487627e+001	1.56270928e-001	
1.66990611e+001	1.51446623e-001	
1.67493594e+001	1.46627808e-001	
1.67996578e+001	1.41828266e-001	
1.68499562e+001	1.37038025e-001	
1.69002546e+001	1.32661494e-001	
1.69505530e+001	1.29023946e-001	
1.70008513e+001	1.24974221e-001	
1.70511497e+001	1.20967030e-001	
1.71014481e+001	1.16997115e-001	
1.71517465e+001	1.13068402e-001	
1.72020448e+001	1.09206323e-001	
1.72523432e+001	1.05412978e-001	
1.73026416e+001	1.02627963e-001	
1.73529400e+001	1.00996906e-001	
1.74032383e+001	9.94665144e-002	
1.74535367e+001	9.79870889e-002	
1.75038351e+001	9.65048651e-002	
1.75541335e+001	9.51587408e-002	
1.76044319e+001	9.39848938e-002	
1.76547302e+001	9.29685339e-002	
1.77050286e+001	9.20642620e-002	
1.77553270e+001	9.12754094e-002	
1.78056254e+001	9.06093834e-002	
1.78559237e+001	1.33714407e-003	
1.79062221e+001	1.28047502e-003	
1.79565205e+001	1.23316573e-003	
1.80068189e+001	1.19879391e-003	
1.80571172e+001	1.17889120e-003	
1.81074156e+001	1.17017491e-003	
1.81577140e+001	1.15334657e-003	
1.82080124e+001	1.13866613e-003	
1.82583108e+001	1.16412415e-003	
1.83086091e+001	1.22506707e-003	
1.83589075e+001	1.25563038e-003	
1.84092059e+001	1.28378780e-003	
1.84595043e+001	1.33867290e-003	
1.85098026e+001	1.28281773e-003	
1.85601010e+001	1.24019546e-003	
1.86103994e+001	1.22016409e-003	
1.86606978e+001	1.22521505e-003	
1.87109961e+001	1.25523943e-003	
1.87612945e+001	1.31362536e-003	
1.88115929e+001	1.28086323e-003	
1.88618913e+001	1.27106341e-003	
1.89121896e+001	1.29209113e-003	
1.89624880e+001	1.34079973e-003	
1.90127864e+001	1.41433219e-003	
1.90630848e+001	1.35666287e-003	
1.91133832e+001	1.28253465e-003	
1.91636815e+001	1.22900999e-003	
1.92139799e+001	1.19885170e-003	
1.92642783e+001	1.19383193e-003	
1.93145767e+001	1.13374560e-003	
1.93648750e+001	1.07351392e-003	
1.94151734e+001	1.05537395e-003	
1.94654718e+001	1.08144589e-003	
1.95157702e+001	1.15042676e-003	
1.95660685e+001	1.25455759e-003	
1.96163669e+001	1.26372996e-003	
1.96666653e+001	1.17984717e-003	
1.97169637e+001	1.22584369e-003	
1.97672621e+001	1.29138055e-003	
1.98175604e+001	1.36453419e-003	
1.98678588e+001	8.95461133e-002	
1.99181572e+001	8.98748048e-002	
1.99684556e+001	9.03947042e-002	
2.00187539e+001	9.10622420e-002	
2.00690523e+001	9.21421245e-002	
2.01193507e+001	9.40996122e-002	
2.01696491e+001	9.62313611e-002	
2.02199474e+001	9.80157323e-002	
2.02702458e+001	9.99147215e-002	
2.03205442e+001	1.02457437e-001	
2.03708426e+001	1.05103262e-001	
2.04211409e+001	1.07798124e-001	
2.04714393e+001	1.09793093e-001	
2.05217377e+001	1.11860865e-001	
2.05720361e+001	1.16229327e-001	
2.06223345e+001	1.19343564e-001	
2.06726328e+001	1.22475406e-001	
2.07229312e+001	1.25623536e-001	
2.07732296e+001	1.28816043e-001	
2.08235280e+001	1.32029851e-001	
2.08738263e+001	1.37926195e-001	
2.09241247e+001	1.44123193e-001	
2.09744231e+001	1.49291350e-001	
2.10247215e+001	1.54155096e-001	
2.10750198e+001	1.59018844e-001	
2.11253182e+001	1.63882596e-001	
2.11756166e+001	1.68748091e-001	
2.12259150e+001	1.74248363e-001	
2.12762134e+001	1.79882687e-001	
2.13265117e+001	1.85517770e-001	
2.13768101e+001	1.91152525e-001	
2.14271085e+001	1.96694545e-001	
2.14774069e+001	2.02069674e-001	
2.15277052e+001	2.07435527e-001	
2.15780036e+001	2.12797648e-001	
2.16283020e+001	2.18839435e-001	
2.16786004e+001	2.25193234e-001	
2.17288987e+001	2.31547730e-001	
2.17791971e+001	2.37902868e-001	
2.18294955e+001	2.44214963e-001	
2.18797939e+001	2.50170658e-001	
2.19300923e+001	2.56120018e-001	
2.19803906e+001	2.62116060e-001	
2.20306890e+001	2.68124529e-001	
2.20809874e+001	2.74359742e-001	
2.21312858e+001	2.80687672e-001	
2.21815841e+001	2.87503880e-001	
2.22318825e+001	2.94499970e-001	
2.22821809e+001	3.01523365e-001	
2.23324793e+001	3.08979123e-001	
2.23827776e+001	3.16519436e-001	
2.24330760e+001	3.24059615e-001	
2.24833744e+001	3.30295915e-001	
2.25336728e+001	3.35764725e-001	
2.25839711e+001	3.41265412e-001	
2.26342695e+001	3.46783877e-001	
2.26845679e+001	3.52303352e-001	
2.27348663e+001	3.57852540e-001	
2.27851647e+001	3.63430077e-001	
2.28354630e+001	3.69029325e-001	
2.28857614e+001	3.74621597e-001	
2.29360598e+001	3.80240540e-001	
2.29863582e+001	3.85823440e-001	
2.30366565e+001	3.91251382e-001	
2.30869549e+001	3.96766453e-001	
2.31372533e+001	4.02754740e-001	
2.31875517e+001	4.09049447e-001	
2.32378500e+001	4.15410455e-001	
2.32881484e+001	4.21787193e-001	
2.33384468e+001	4.28215720e-001	
2.33887452e+001	4.34704785e-001	
2.34390436e+001	4.41251718e-001	
2.34893419e+001	4.47818401e-001	
2.35396403e+001	4.54420554e-001	
2.35899387e+001	4.61075900e-001	
2.36402371e+001	4.67782167e-001	
2.36905354e+001	4.73628727e-001	
2.37408338e+001	4.79023158e-001	
2.37911322e+001	4.84442930e-001	
2.38414306e+001	4.89887201e-001	
2.38917289e+001	4.95335232e-001	
2.39420273e+001	5.00905796e-001	
2.39923257e+001	5.08744089e-001	
2.40426241e+001	5.16599443e-001	
2.40929224e+001	5.24460610e-001	
2.41432208e+001	5.32279972e-001	
2.41935192e+001	5.40414134e-001	
2.42438176e+001	5.48267546e-001	
2.42941160e+001	5.54766750e-001	
2.43444143e+001	5.60885454e-001	
2.43947127e+001	5.67031732e-001	
2.44450111e+001	5.73205274e-001	
2.44953095e+001	5.79405207e-001	
2.45456078e+001	5.85588148e-001	
2.45959062e+001	5.91788263e-001	
2.46462046e+001	5.98013897e-001	
2.46965030e+001	6.04270652e-001	
2.47468013e+001	6.10874874e-001	
2.47970997e+001	6.17885811e-001	
2.48473981e+001	6.24439870e-001	
2.48976965e+001	6.31354000e-001	
2.49479949e+001	6.38288376e-001	
2.49982932e+001	6.45208457e-001	
2.50485916e+001	6.52138468e-001	
2.50988900e+001	6.59078098e-001	
2.51491884e+001	6.66010848e-001	
2.51994867e+001	6.72920852e-001	
2.52497851e+001	6.79840501e-001	
2.53000835e+001	6.87004548e-001	
2.53503819e+001	6.94217073e-001	
2.54006802e+001	7.01398216e-001	
2.54509786e+001	7.08588091e-001	
2.55012770e+001	7.15102219e-001	
2.55515754e+001	7.20538923e-001	
2.56018738e+001	7.25956233e-001	
2.56521721e+001	7.31386669e-001	
2.57024705e+001	7.36832081e-001	
2.57527689e+001	7.42656363e-001	
2.58030673e+001	7.48468843e-001	
2.58533656e+001	7.54286242e-001	
2.59036640e+001	7.60293182e-001	
2.59539624e+001	7.67910524e-001	
2.60042608e+001	7.75514000e-001	
2.60545591e+001	7.82438161e-001	
2.61048575e+001	7.89226999e-001	
2.61551559e+001	7.96015989e-001	
2.62054543e+001	8.02796963e-001	
2.62557526e+001	8.09399207e-001	
2.63060510e+001	8.15280219e-001	
2.63563494e+001	8.21163488e-001	
2.64066478e+001	8.27039394e-001	
2.64569462e+001	8.32899984e-001	
2.65072445e+001	8.38763118e-001	
2.65575429e+001	8.44107538e-001	
2.66078413e+001	8.48988896e-001	
2.66581397e+001	8.53862111e-001	
2.67084380e+001	8.58738525e-001	
2.67587364e+001	8.63618084e-001	
2.68090348e+001	8.68500416e-001	
2.68593332e+001	8.73372078e-001	
2.69096315e+001	8.78247213e-001	
2.69599299e+001	8.83156384e-001	
2.70102283e+001	8.88082102e-001	
2.70605267e+001	8.92995940e-001	
2.71108251e+001	8.97907837e-001	
2.71611234e+001	9.02624616e-001	
2.72114218e+001	9.07022834e-001	
2.72617202e+001	9.11659164e-001	
2.73120186e+001	9.16808937e-001	
2.73623169e+001	9.21961602e-001	
2.74126153e+001	9.27117111e-001	
2.74629137e+001	9.29164452e-001	
2.75132121e+001	9.30423668e-001	
2.75635104e+001	9.31683144e-001	
2.76138088e+001	9.32942879e-001	
2.76641072e+001	9.34192622e-001	
2.77144056e+001	9.35522550e-001	
2.77647040e+001	9.38032863e-001	
2.78150023e+001	9.38504101e-001	
2.78653007e+001	9.38194013e-001	
2.79155991e+001	9.38258394e-001	
2.79658975e+001	9.38717125e-001	
2.80161958e+001	9.39026676e-001	
2.80664942e+001	9.36773125e-001	
2.81167926e+001	9.34518579e-001	
2.81670910e+001	9.32973251e-001	
2.82173893e+001	9.31427960e-001	
2.82676877e+001	9.28391388e-001	
2.83179861e+001	9.24500500e-001	
2.83682845e+001	9.20613371e-001	
2.84185828e+001	9.16728534e-001	
2.84688812e+001	9.13959681e-001	
2.85191796e+001	9.08671946e-001	
2.85694780e+001	9.02759886e-001	
2.86197764e+001	8.96753911e-001	
2.86700747e+001	8.90764672e-001	
2.87203731e+001	8.84838065e-001	
2.87706715e+001	8.78967556e-001	
2.88209699e+001	8.71248596e-001	
2.88712682e+001	8.63004387e-001	
2.89215666e+001	8.54840318e-001	
2.89718650e+001	8.46779874e-001	
2.90221634e+001	8.38770353e-001	
2.90724617e+001	8.30813228e-001	
2.91227601e+001	8.23911234e-001	
2.91730585e+001	8.12584179e-001	
2.92233569e+001	8.01405885e-001	
2.92736553e+001	7.90382663e-001	
2.93239536e+001	7.79537890e-001	
2.93742520e+001	7.69149602e-001	
2.94245504e+001	7.61179484e-001	
2.94748488e+001	7.53867597e-001	
2.95251471e+001	7.41840180e-001	
2.95754455e+001	7.30580551e-001	
2.96257439e+001	7.19794261e-001	
2.96760423e+001	7.09457086e-001	
2.97263406e+001	6.99588934e-001	
2.97766390e+001	6.90515135e-001	
2.98269374e+001	6.82067590e-001	
2.98772358e+001	6.75021959e-001	
2.99275341e+001	6.65990302e-001	
2.99778325e+001	6.58418280e-001	
3.00281309e+001	6.52331678e-001	
3.00784293e+001	6.47553792e-001	
3.01287277e+001	6.45253410e-001	
3.01790260e+001	6.47110913e-001	
3.02293244e+001	6.50882814e-001	
3.02796228e+001	6.32290894e-001	
3.03299212e+001	6.15018666e-001	
3.03802195e+001	5.99588142e-001	
3.04305179e+001	1.29514271e-001	
3.04808163e+001	1.28382934e-001	
3.05311147e+001	1.27307839e-001	
3.05814130e+001	1.26303940e-001	
3.06317114e+001	1.24627158e-001	
3.06820098e+001	1.23432281e-001	
3.07323082e+001	1.23434004e-001	
3.07826066e+001	1.24117299e-001	
3.08329049e+001	1.21742881e-001	
3.08832033e+001	1.19423288e-001	
3.09335017e+001	1.18284816e-001	
3.09838001e+001	1.18147126e-001	
3.10340984e+001	1.17806933e-001	
3.10843968e+001	1.15862065e-001	
3.11346952e+001	1.14586549e-001	
3.11849936e+001	1.14002852e-001	
3.12352919e+001	1.13724154e-001	
3.12855903e+001	1.11553541e-001	
3.13358887e+001	1.09853096e-001	
3.13861871e+001	1.08644899e-001	
3.14364855e+001	1.08275188e-001	
3.14867838e+001	1.09539769e-001	
3.15370822e+001	1.11565444e-001	
3.15873806e+001	1.12991898e-001	
3.16376790e+001	1.11131063e-001	
3.16879773e+001	1.10492895e-001	
3.17382757e+001	1.12226248e-001	
3.17885741e+001	1.14468297e-001	
3.18388725e+001	1.17203262e-001	
3.18891708e+001	1.18037794e-001	
3.19394692e+001	1.17723208e-001	
3.19897676e+001	1.18167023e-001	
3.20400660e+001	1.19360782e-001	
3.20903643e+001	1.19924288e-001	
3.21406627e+001	1.21576339e-001	
3.21909611e+001	1.23950826e-001	
3.22412595e+001	1.27007234e-001	
3.22915579e+001	1.28740702e-001	
3.23418562e+001	1.30475330e-001	
3.23921546e+001	1.32327644e-001	
3.24424530e+001	6.81316225e-001	
3.24927514e+001	6.87536407e-001	
3.25430497e+001	6.95606088e-001	
3.25933481e+001	7.05231143e-001	
3.26436465e+001	7.14441588e-001	
3.26939449e+001	7.22982098e-001	
3.27442432e+001	7.33228027e-001	
3.27945416e+001	7.43381707e-001	
3.28448400e+001	7.53906228e-001	
3.28951384e+001	7.63453889e-001	
3.29454368e+001	7.74211691e-001	
3.29957351e+001	7.85900228e-001	
3.30460335e+001	7.98478628e-001	
3.30963319e+001	8.10287214e-001	
3.31466303e+001	8.21814547e-001	
3.31969286e+001	8.33959402e-001	
3.32472270e+001	8.46647517e-001	
3.32975254e+001	8.59854845e-001	
3.33478238e+001	8.73372699e-001	
3.33981221e+001	8.86916521e-001	
3.34484205e+001	9.00610635e-001	
3.34987189e+001	9.14448289e-001	
3.35490173e+001	9.28673718e-001	
3.35993157e+001	9.41606536e-001	
3.36496140e+001	9.52649263e-001	
3.36999124e+001	9.63875951e-001	
3.37502108e+001	9.73934626e-001	
3.38005092e+001	9.88505033e-001	
3.38508075e+001	1.00311866e+000	
3.39011059e+001	1.01777365e+000	
3.39514043e+001	1.03252659e+000	
3.40017027e+001	1.04738735e+000	
3.40520010e+001	1.05787128e+000	
3.41022994e+001	1.06609458e+000	
3.41525978e+001	1.07704586e+000	
3.42028962e+001	1.08990010e+000	
3.42531945e+001	1.10275435e+000	
3.43034929e+001	1.11471058e+000	
3.43537913e+001	1.12298213e+000	
3.44040897e+001	1.13123083e+000	
3.44543881e+001	1.13956028e+000	
3.45046864e+001	1.14793137e+000	
3.45549848e+001	1.15633922e+000	
3.46052832e+001	1.16475481e+000	
3.46555816e+001	1.17320571e+000	
3.47058799e+001	1.17817549e+000	
3.47561783e+001	1.18153898e+000	
3.48064767e+001	1.18484854e+000	
3.48567751e+001	1.18815030e+000	
3.49070734e+001	1.19241657e+000	
3.49573718e+001	1.19678946e+000	
3.50076702e+001	1.20115873e+000	
3.50579686e+001	1.20427522e+000	
3.51082670e+001	1.20680396e+000	
3.51585653e+001	1.20810990e+000	
3.52088637e+001	1.20721899e+000	
3.52591621e+001	1.20695370e+000	
3.53094605e+001	1.20818203e+000	
3.53597588e+001	1.20947326e+000	
3.54100572e+001	1.21078583e+000	
3.54603556e+001	1.21206578e+000	
3.55106540e+001	1.21340816e+000	
3.55609523e+001	1.21428126e+000	
3.56112507e+001	1.21362075e+000	
3.56615491e+001	1.21285636e+000	
3.57118475e+001	1.21212920e+000	
3.57621458e+001	1.21014603e+000	
3.58124442e+001	1.20765241e+000	
3.58627426e+001	1.20507497e+000	
3.59130410e+001	1.20256363e+000	
3.59633394e+001	1.20012277e+000	
3.60136377e+001	1.19775281e+000	
3.60639361e+001	1.19535535e+000	
3.61142345e+001	1.19313670e+000	
3.61645329e+001	1.19197329e+000	
3.62148312e+001	1.19176771e+000	
3.62651296e+001	1.19154812e+000	
3.63154280e+001	1.19136467e+000	
3.63657264e+001	1.19127789e+000	
3.64160247e+001	1.18897530e+000	
3.64663231e+001	1.18503062e+000	
3.65166215e+001	1.18106112e+000	
3.65669199e+001	1.17716125e+000	
3.66172183e+001	1.17333168e+000	
3.66675166e+001	1.16951513e+000	
3.67178150e+001	1.16511948e+000	
3.67681134e+001	1.16054013e+000	
3.68184118e+001	1.15812602e+000	
3.68687101e+001	1.15759741e+000	
3.69190085e+001	1.15716935e+000	
3.69693069e+001	1.15687410e+000	
3.70196053e+001	1.15669255e+000	
3.70699036e+001	1.15662476e+000	
3.71202020e+001	1.15589616e+000	
3.71705004e+001	1.15418284e+000	
3.72207988e+001	1.15258218e+000	
3.72710972e+001	1.15109465e+000	
3.73213955e+001	1.14956794e+000	
3.73716939e+001	1.14815764e+000	
3.74219923e+001	1.14686121e+000	
3.74722907e+001	1.14567904e+000	
3.75225890e+001	1.14447860e+000	
3.75728874e+001	1.14402477e+000	
3.76231858e+001	1.14385034e+000	
3.76734842e+001	1.14411476e+000	
3.77237825e+001	1.14464966e+000	
3.77740809e+001	1.14543432e+000	
3.78243793e+001	1.14631767e+000	
3.78746777e+001	1.14729949e+000	
3.79249760e+001	1.14831597e+000	
3.79752744e+001	1.14930489e+000	
3.80255728e+001	1.15019417e+000	
3.80758712e+001	1.15104957e+000	
3.81261696e+001	1.15230754e+000	
3.81764679e+001	1.15377538e+000	
3.82267663e+001	1.15532711e+000	
3.82770647e+001	1.15696239e+000	
3.83273631e+001	1.15867923e+000	
3.83776614e+001	1.16028375e+000	
3.84279598e+001	1.16197126e+000	
3.84782582e+001	1.16374139e+000	
3.85285566e+001	1.16576014e+000	
3.85788549e+001	1.16781847e+000	
3.86291533e+001	1.16941785e+000	
3.86794517e+001	1.17129426e+000	
3.87297501e+001	1.17330106e+000	
3.87800485e+001	1.17531289e+000	
3.88303468e+001	1.17651341e+000	
3.88806452e+001	1.17778873e+000	
3.89309436e+001	1.18011005e+000	
3.89812420e+001	1.18263974e+000	
3.90315403e+001	1.18517246e+000	
3.90818387e+001	1.18691940e+000	
3.91321371e+001	1.18834816e+000	
3.91824355e+001	1.19066985e+000	
3.92327338e+001	1.19362627e+000	
3.92830322e+001	1.19666057e+000	
3.93333306e+001	1.19978409e+000	
3.93836290e+001	1.20303470e+000	
3.94339273e+001	1.20621794e+000	
3.94842257e+001	1.20724065e+000	
3.95345241e+001	1.20810640e+000	
3.95848225e+001	1.20904242e+000	
3.96351209e+001	1.20972593e+000	
3.96854192e+001	1.21027183e+000	
3.97357176e+001	1.21091107e+000	
3.97860160e+001	1.21163720e+000	
3.98363144e+001	1.21251868e+000	
3.98866127e+001	1.21368586e+000	
3.99369111e+001	1.21491817e+000	
3.99872095e+001	1.21544182e+000	
4.00375079e+001	1.21402899e+000	
4.00878062e+001	1.21262933e+000	
4.01381046e+001	1.21129038e+000	
4.01884030e+001	1.21001234e+000	
4.02387014e+001	1.20871227e+000	
4.02889998e+001	1.20787811e+000	
4.03392981e+001	1.20808818e+000	
4.03895965e+001	1.20357599e+000	
4.04398949e+001	1.19838380e+000	
4.04901933e+001	1.19314946e+000	
4.05404916e+001	1.18794222e+000	
4.05907900e+001	1.18238986e+000	
4.06410884e+001	1.17548440e+000	
4.06913868e+001	1.16939315e+000	
4.07416851e+001	1.16381152e+000	
4.07919835e+001	1.15823532e+000	
4.08422819e+001	1.15253028e+000	
4.08925803e+001	1.14595979e+000	
4.09428787e+001	1.13811794e+000	
4.09931770e+001	1.13030266e+000	
4.10434754e+001	1.12251451e+000	
4.10937738e+001	1.11389188e+000	
4.11440722e+001	1.10327107e+000	
4.11943705e+001	1.09265232e+000	
4.12446689e+001	1.08203569e+000	
4.12949673e+001	1.07141339e+000	
4.13452657e+001	1.06021893e+000	
4.13955640e+001	1.04762169e+000	
4.14458624e+001	1.03147635e+000	
4.14961608e+001	1.01724374e+000	
4.15464592e+001	1.00498671e+000	
4.15967575e+001	9.92773470e-001	
4.16470559e+001	9.80605649e-001	
4.16973543e+001	9.68553790e-001	
4.17476527e+001	9.54509587e-001	
4.17979511e+001	9.40066861e-001	
4.18482494e+001	9.25790865e-001	
4.18985478e+001	9.10487164e-001	
4.19488462e+001	8.95499914e-001	
4.19991446e+001	8.80676510e-001	
4.20494429e+001	8.67509483e-001	
4.20997413e+001	8.54857464e-001	
4.21500397e+001	8.42783228e-001	
4.22003381e+001	8.29155315e-001	
4.22506364e+001	8.12629518e-001	
4.23009348e+001	7.96555102e-001	
4.23512332e+001	7.87996928e-001	
4.24015316e+001	7.81717366e-001	
4.24518300e+001	7.76546802e-001	
4.25021283e+001	7.68410065e-001	
4.25524267e+001	7.59403553e-001	
4.26027251e+001	7.54845808e-001	
4.26530235e+001	7.51364912e-001	
4.27033218e+001	7.45992253e-001	
4.27536202e+001	7.33752475e-001	
4.28039186e+001	7.17633517e-001	
4.28542170e+001	7.03024856e-001	
4.29045153e+001	6.90022425e-001	
4.29548137e+001	6.79003426e-001	
4.30051121e+001	1.33602013e-001	
4.30554105e+001	1.30374450e-001	
4.31057089e+001	1.27343103e-001	
4.31560072e+001	1.24572129e-001	
4.32063056e+001	1.22185132e-001	
4.32566040e+001	1.18680004e-001	
4.33069024e+001	1.17298098e-001	
4.33572007e+001	1.17742760e-001	
4.34074991e+001	1.18935696e-001	
4.34577975e+001	1.20077866e-001	
4.35080959e+001	1.19343127e-001	
4.35583942e+001	1.17779331e-001	
4.36086926e+001	1.15260511e-001	
4.36589910e+001	1.13467567e-001	
4.37092894e+001	1.12424239e-001	
4.37595877e+001	1.12151447e-001	
4.38098861e+001	1.14137116e-001	
4.38601845e+001	1.14827537e-001	
4.39104829e+001	1.13356656e-001	
4.39607813e+001	1.12535266e-001	
4.40110796e+001	1.13073546e-001	
4.40613780e+001	1.13756555e-001	
4.41116764e+001	1.14179110e-001	
4.41619748e+001	1.15842997e-001	
4.42122731e+001	1.18212350e-001	
4.42625715e+001	1.17012061e-001	
4.43128699e+001	1.14528521e-001	
4.43631683e+001	1.12896969e-001	
4.44134666e+001	1.12607572e-001	
4.44637650e+001	1.14233320e-001	
4.45140634e+001	1.17171900e-001	
4.45643618e+001	1.20971891e-001	
4.46146602e+001	1.22822874e-001	
4.46649585e+001	1.24330845e-001	
4.47152569e+001	1.25520303e-001	
4.47655553e+001	1.27263910e-001	
4.48158537e+001	1.28150571e-001	
4.48661520e+001	1.29092849e-001	
4.49164504e+001	1.30111510e-001	
4.49667488e+001	1.31192222e-001	
4.50170472e+001	5.82577712e-001	
4.50673455e+001	5.94926343e-001	
4.51176439e+001	6.08783018e-001	
4.51679423e+001	6.23923578e-001	
4.52182407e+001	6.40256945e-001	
4.52685390e+001	6.43640674e-001	
4.53188374e+001	6.45052966e-001	
4.53691358e+001	6.47676643e-001	
4.54194342e+001	6.51497071e-001	
4.54697326e+001	6.56723312e-001	
4.55200309e+001	6.63383154e-001	
4.55703293e+001	6.71174245e-001	
4.56206277e+001	6.79758242e-001	
4.56709261e+001	6.90779837e-001	
4.57212244e+001	7.03518313e-001	
4.57715228e+001	7.16867837e-001	
4.58218212e+001	7.30794924e-001	
4.58721196e+001	7.44571913e-001	
4.59224179e+001	7.53625502e-001	
4.59727163e+001	7.62644373e-001	
4.60230147e+001	7.71476166e-001	
4.60733131e+001	7.80646382e-001	
4.61236115e+001	7.89732305e-001	
4.61739098e+001	7.98690742e-001	
4.62242082e+001	8.08225997e-001	
4.62745066e+001	8.19486264e-001	
4.63248050e+001	8.30965434e-001	
4.63751033e+001	8.40448821e-001	
4.64254017e+001	8.47252798e-001	
4.64757001e+001	8.54141029e-001	
4.65259985e+001	8.61181592e-001	
4.65762968e+001	8.69842429e-001	
4.66265952e+001	8.78513034e-001	
4.66768936e+001	8.86654263e-001	
4.67271920e+001	8.93317861e-001	
4.67774904e+001	9.00034385e-001	
4.68277887e+001	9.06770077e-001	
4.68780871e+001	9.13505063e-001	
4.69283855e+001	9.16186505e-001	
4.69786839e+001	9.18907835e-001	
4.70289822e+001	9.21632473e-001	
4.70792806e+001	9.24360390e-001	
4.71295790e+001	9.27097760e-001	
4.71798774e+001	9.29875270e-001	
4.72301757e+001	9.31746229e-001	
4.72804741e+001	9.33614473e-001	
4.73307725e+001	9.35482739e-001	
4.73810709e+001	9.37358191e-001	
4.74313692e+001	9.39233953e-001	
4.74816676e+001	9.41109736e-001	
4.75319660e+001	9.41180332e-001	
4.75822644e+001	9.40321085e-001	
4.76325628e+001	9.39461577e-001	
4.76828611e+001	9.37527034e-001	
4.77331595e+001	9.34494164e-001	
4.77834579e+001	9.31465191e-001	
4.78337563e+001	9.28438788e-001	
4.78840546e+001	9.25413170e-001	
4.79343530e+001	9.22388347e-001	
4.79846514e+001	9.19487393e-001	
4.80349498e+001	9.16900028e-001	
4.80852481e+001	9.14090727e-001	
4.81355465e+001	9.10379565e-001	
4.81858449e+001	9.06663068e-001	
4.82361433e+001	9.02934390e-001	
4.82864417e+001	8.99205722e-001	
4.83367400e+001	8.95477062e-001	
4.83870384e+001	8.91515623e-001	
4.84373368e+001	8.86404754e-001	
4.84876352e+001	8.81294857e-001	
4.85379335e+001	8.76185951e-001	
4.85882319e+001	8.71078052e-001	
4.86385303e+001	8.65958430e-001	
4.86888287e+001	8.60839396e-001	
4.87391270e+001	8.55795189e-001	
4.87894254e+001	8.49827077e-001	
4.88397238e+001	8.43769172e-001	
4.88900222e+001	8.37707042e-001	
4.89403206e+001	8.31647035e-001	
4.89906189e+001	8.25589198e-001	
4.90409173e+001	8.19512176e-001	
4.90912157e+001	8.12839994e-001	
4.91415141e+001	8.05944812e-001	
4.91918124e+001	7.99050487e-001	
4.92421108e+001	7.92142830e-001	
4.92924092e+001	7.85769822e-001	
4.93427076e+001	7.79474252e-001	
4.93930059e+001	7.73383524e-001	
4.94433043e+001	7.67496675e-001	
4.94936027e+001	7.61769536e-001	
4.95439011e+001	7.56044655e-001	
4.95941994e+001	7.50322085e-001	
4.96444978e+001	7.44599605e-001	
4.96947962e+001	7.38867208e-001	
4.97450946e+001	7.33136873e-001	
4.97953930e+001	7.27408649e-001	
4.98456913e+001	7.21275926e-001	
4.98959897e+001	7.14456252e-001	
4.99462881e+001	7.07806416e-001	
4.99965865e+001	7.01188842e-001	
5.00468848e+001	6.94599013e-001	
5.00971832e+001	6.87996141e-001	
5.01474816e+001	6.81405010e-001	
5.01977800e+001	6.74832539e-001	
5.02480783e+001	6.68279279e-001	
5.02983767e+001	6.61720112e-001	
5.03486751e+001	6.55167478e-001	
5.03989735e+001	6.48465577e-001	
5.04492719e+001	6.40911763e-001	
5.04995702e+001	6.33348287e-001	
5.05498686e+001	6.25775071e-001	
5.06001670e+001	6.18212752e-001	
5.06504654e+001	6.11416055e-001	
5.07007637e+001	6.04912827e-001	
5.07510621e+001	5.98392852e-001	
5.08013605e+001	5.91889640e-001	
5.08516589e+001	5.85400451e-001	
5.09019572e+001	5.78916977e-001	
5.09522556e+001	5.72413837e-001	
5.10025540e+001	5.65933541e-001	
5.10528524e+001	5.58719419e-001	
5.11031507e+001	5.50540464e-001	
5.11534491e+001	5.42563844e-001	
5.12037475e+001	5.35810346e-001	
5.12540459e+001	5.29096796e-001	
5.13043443e+001	5.22424736e-001	
5.13546426e+001	5.15735073e-001	
5.14049410e+001	5.09477093e-001	
5.14552394e+001	5.03606275e-001	
5.15055378e+001	4.97755357e-001	
5.15558361e+001	4.91880987e-001	
5.16061345e+001	4.86006062e-001	
5.16564329e+001	4.80151451e-001	
5.17067313e+001	4.74548171e-001	
5.17570296e+001	4.68970706e-001	
5.18073280e+001	4.63384795e-001	
5.18576264e+001	4.57824675e-001	
5.19079248e+001	4.52291297e-001	
5.19582232e+001	4.46759742e-001	
5.20085215e+001	4.41208508e-001	
5.20588199e+001	4.35684890e-001	
5.21091183e+001	4.30305185e-001	
5.21594167e+001	4.24963883e-001	
5.22097150e+001	4.19615682e-001	
5.22600134e+001	4.14320430e-001	
5.23103118e+001	4.07003865e-001	
5.23606102e+001	3.98887578e-001	
5.24109085e+001	3.90631117e-001	
5.24612069e+001	3.82361544e-001	
5.25115053e+001	3.74142520e-001	
5.25618037e+001	3.66262180e-001	
5.26121021e+001	3.60219895e-001	
5.26624004e+001	3.54193561e-001	
5.27126988e+001	3.48193180e-001	
5.27629972e+001	3.42220117e-001	
5.28132956e+001	3.36229018e-001	
5.28635939e+001	3.30689702e-001	
5.29138923e+001	3.25125699e-001	
5.29641907e+001	3.18873498e-001	
5.30144891e+001	3.12848889e-001	
5.30647874e+001	3.06951425e-001	
5.31150858e+001	3.01138963e-001	
5.31653842e+001	2.95252772e-001	
5.32156826e+001	2.89158841e-001	
5.32659809e+001	2.83233390e-001	
5.33162793e+001	2.77660149e-001	
5.33665777e+001	2.72109910e-001	
5.34168761e+001	2.65335435e-001	
5.34671745e+001	2.58496383e-001	
5.35174728e+001	2.51670127e-001	
5.35677712e+001	2.44857738e-001	
5.36180696e+001	2.38492406e-001	
5.36683680e+001	2.32476291e-001	
5.37186663e+001	2.26080145e-001	
5.37689647e+001	2.19691752e-001	
5.38192631e+001	2.13311809e-001	
5.38695615e+001	2.06925102e-001	
5.39198598e+001	2.00518072e-001	
5.39701582e+001	1.94088946e-001	
5.40204566e+001	1.88893282e-001	
5.40707550e+001	1.83916612e-001	
5.41210534e+001	1.78950509e-001	
5.41713517e+001	1.73870572e-001	
5.42216501e+001	1.68753053e-001	
5.42719485e+001	1.63634513e-001	
5.43222469e+001	1.58515460e-001	
5.43725452e+001	1.53533487e-001	
5.44228436e+001	1.49513630e-001	
5.44731420e+001	1.45157309e-001	
5.45234404e+001	1.40404608e-001	
5.45737387e+001	1.35662956e-001	
5.46240371e+001	1.30933552e-001	
5.46743355e+001	1.26220975e-001	
5.47246339e+001	1.22626612e-001	
5.47749323e+001	1.19197728e-001	
5.48252306e+001	1.15806505e-001	
5.48755290e+001	1.12459071e-001	
5.49258274e+001	1.09359537e-001	
5.49761258e+001	1.06717457e-001	
5.50264241e+001	1.04129513e-001	
5.50767225e+001	1.01828800e-001	
5.51270209e+001	9.97489341e-002	
5.51773193e+001	9.77598188e-002	
5.52276176e+001	9.58698312e-002	
5.52779160e+001	9.44606301e-002	
5.53282144e+001	9.37640796e-002	
5.53785128e+001	9.30359643e-002	
5.54288111e+001	9.19320054e-002	
5.54791095e+001	9.09961399e-002	
5.55294079e+001	9.02749031e-002	
5.55797063e+001	1.34402677e-003	
5.56300047e+001	1.29523338e-003	
5.56803030e+001	1.24998659e-003	
5.57306014e+001	1.20938058e-003	
5.57808998e+001	1.16307282e-003	
5.58311982e+001	1.18846129e-003	
5.58814965e+001	1.27641478e-003	
5.59317949e+001	1.30509388e-003	
5.59820933e+001	1.24175554e-003	
5.60323917e+001	1.25488459e-003	
5.60826900e+001	1.36896479e-003	
5.61329884e+001	1.36682213e-003	
5.61832868e+001	1.29839071e-003	
5.62335852e+001	1.25999175e-003	
5.62838836e+001	1.25438633e-003	
5.63341819e+001	1.30380653e-003	
5.63844803e+001	1.37549066e-003	
5.64347787e+001	1.34893694e-003	
5.64850771e+001	1.32439178e-003	
5.65353754e+001	1.34493427e-003	
5.65856738e+001	1.40411132e-003	
5.66359722e+001	1.49621111e-003	
5.66862706e+001	1.41521547e-003	
5.67365689e+001	1.35510019e-003	
5.67868673e+001	1.33872653e-003	
5.68371657e+001	1.38612228e-003	
5.68874641e+001	1.33837303e-003	
5.69377624e+001	1.30317316e-003	
5.69880608e+001	1.29082571e-003	
5.70383592e+001	1.30256848e-003	
5.70886576e+001	1.33454248e-003	
5.71389560e+001	1.33796448e-003	
5.71892543e+001	1.24419328e-003	
5.72395527e+001	1.23515040e-003	
5.72898511e+001	1.30609504e-003	
5.73401495e+001	1.21500303e-003	
5.73904478e+001	1.19462808e-003	
5.74407462e+001	1.26003672e-003	
5.74910446e+001	1.33074456e-003	
5.75413430e+001	1.40595232e-003	
5.75916413e+001	9.01632108e-002	
5.76419397e+001	9.05943486e-002	
5.76922381e+001	9.11735532e-002	
5.77425365e+001	9.18932322e-002	
5.77928349e+001	9.35186330e-002	
5.78431332e+001	9.55379441e-002	
5.78934316e+001	9.75104278e-002	
5.79437300e+001	9.91174049e-002	
5.79940284e+001	1.01344715e-001	
5.80443267e+001	1.03876640e-001	
5.80946251e+001	1.06486898e-001	
5.81449235e+001	1.08921997e-001	
5.81952219e+001	1.11214243e-001	
5.82455202e+001	1.14564253e-001	
5.82958186e+001	1.18679225e-001	
5.83461170e+001	1.22380209e-001	
5.83964154e+001	1.26100327e-001	
5.84467138e+001	1.29845861e-001	
5.84970121e+001	1.33711875e-001	
5.85473105e+001	1.37798262e-001	
5.85976089e+001	1.41902494e-001	
5.86479073e+001	1.46025555e-001	
5.86982056e+001	1.50182629e-001	
5.87485040e+001	1.54742162e-001	
5.87988024e+001	1.61365582e-001	
5.88491008e+001	1.67989144e-001	
5.88993991e+001	1.74633910e-001	
5.89496975e+001	1.81279874e-001	
5.89999959e+001	1.87902009e-001	
5.90502943e+001	1.94812164e-001	
5.91005926e+001	2.00470445e-001	
5.91508910e+001	2.06019837e-001	
5.92011894e+001	2.11572330e-001	
5.92514878e+001	2.17127685e-001	
5.93017862e+001	2.22653956e-001	
5.93520845e+001	2.28163864e-001	
5.94023829e+001	2.33676831e-001	
5.94526813e+001	2.39192647e-001	
5.95029797e+001	2.44774484e-001	
5.95532780e+001	2.50511919e-001	
5.96035764e+001	2.56294980e-001	
5.96538748e+001	2.62120646e-001	
5.97041732e+001	2.67972765e-001	
5.97544715e+001	2.73711786e-001	
5.98047699e+001	2.79646383e-001	
5.98550683e+001	2.85593742e-001	
5.99053667e+001	2.91548561e-001	
5.99556651e+001	2.97484672e-001	
6.00059634e+001	3.03432850e-001	
6.00562618e+001	3.10811992e-001	
6.01065602e+001	3.18828889e-001	
6.01568586e+001	3.26772681e-001	
6.02071569e+001	3.33399372e-001	
6.02574553e+001	3.40049432e-001	
6.03077537e+001	3.46721518e-001	
6.03580521e+001	3.52660864e-001	
6.04083504e+001	3.57796994e-001	
6.04586488e+001	3.63007836e-001	
6.05089472e+001	3.68290221e-001	
6.05592456e+001	3.73602735e-001	
6.06095439e+001	3.78961344e-001	
6.06598423e+001	3.84363225e-001	
6.07101407e+001	3.91002021e-001	
6.07604391e+001	3.98699151e-001	
6.08107375e+001	4.06375840e-001	
6.08610358e+001	4.14067151e-001	
6.09113342e+001	4.21772285e-001	
6.09616326e+001	4.29358872e-001	
6.10119310e+001	4.34640492e-001	
6.10622293e+001	4.39979473e-001	
6.11125277e+001	4.45373754e-001	
6.11628261e+001	4.50810827e-001	
6.12131245e+001	4.56171423e-001	
6.12634228e+001	4.61436680e-001	
6.13137212e+001	4.68801602e-001	
6.13640196e+001	4.74493217e-001	
6.14143180e+001	4.80168402e-001	
6.14646164e+001	4.85875722e-001	
6.15149147e+001	4.91615007e-001	
6.15652131e+001	4.97385150e-001	
6.16155115e+001	5.03146243e-001	
6.16658099e+001	5.08929075e-001	
6.17161082e+001	5.14741507e-001	
6.17664066e+001	5.20582546e-001	
6.18167050e+001	5.26421415e-001	
6.18670034e+001	5.31376309e-001	
6.19173017e+001	5.36252457e-001	
6.19676001e+001	5.43993601e-001	
6.20178985e+001	5.52153391e-001	
6.20681969e+001	5.60269860e-001	
6.21184953e+001	5.68410511e-001	
6.21687936e+001	5.76574320e-001	
6.22190920e+001	5.84743628e-001	
6.22693904e+001	5.91754909e-001	
6.23196888e+001	5.98255701e-001	
6.23699871e+001	6.04776574e-001	
6.24202855e+001	6.11306609e-001	
6.24705839e+001	6.17474701e-001	
6.25208823e+001	6.23431843e-001	
6.25711806e+001	6.29406905e-001	
6.26214790e+001	6.35399383e-001	
6.26717774e+001	6.41613235e-001	
6.27220758e+001	6.48582916e-001	
6.27723741e+001	6.55492741e-001	
6.28226725e+001	6.62364107e-001	
6.28729709e+001	6.69248827e-001	
6.29232693e+001	6.76137543e-001	
6.29735677e+001	6.83029877e-001	
6.30238660e+001	6.89925720e-001	
6.30741644e+001	6.96796901e-001	
6.31244628e+001	7.03657959e-001	
6.31747612e+001	7.10470152e-001	
6.32250595e+001	7.17286088e-001	
6.32753579e+001	7.23216994e-001	
6.33256563e+001	7.29003285e-001	
6.33759547e+001	7.34794161e-001	
6.34262530e+001	7.40589514e-001	
6.34765514e+001	7.46377834e-001	
6.35268498e+001	7.52148876e-001	
6.35771482e+001	7.57924710e-001	
6.36274466e+001	7.63705226e-001	
6.36777449e+001	7.70279380e-001	
6.37280433e+001	7.77052186e-001	
6.37783417e+001	7.84187161e-001	
6.38286401e+001	7.91466415e-001	
6.38789384e+001	7.98748133e-001	
6.39292368e+001	8.05459756e-001	
6.39795352e+001	8.10955313e-001	
6.40298336e+001	8.16534182e-001	
6.40801319e+001	8.22551942e-001	
6.41304303e+001	8.28560532e-001	
6.41807287e+001	8.34566854e-001	
6.42310271e+001	8.40260914e-001	
6.42813255e+001	8.45957041e-001	
6.43316238e+001	8.51542989e-001	
6.43819222e+001	8.57112312e-001	
6.44322206e+001	8.62681696e-001	
6.44825190e+001	8.68106742e-001	
6.45328173e+001	8.73348757e-001	
6.45831157e+001	8.78411511e-001	
6.46334141e+001	8.82940466e-001	
6.46837125e+001	8.87474785e-001	
6.47340108e+001	8.92008828e-001	
6.47843092e+001	8.96575141e-001	
6.48346076e+001	9.01150352e-001	
6.48849060e+001	9.05554894e-001	
6.49352043e+001	9.09933088e-001	
6.49855027e+001	9.14862997e-001	
6.50358011e+001	9.19913597e-001	
6.50860995e+001	9.24964584e-001	
6.51363979e+001	9.27978067e-001	
6.51866962e+001	9.29741872e-001	
6.52369946e+001	9.31506829e-001	
6.52872930e+001	9.33272931e-001	
6.53375914e+001	9.35040171e-001	
6.53878897e+001	9.36788377e-001	
6.54381881e+001	9.39085066e-001	
6.54884865e+001	9.41021035e-001	
6.55387849e+001	9.40057412e-001	
6.55890832e+001	9.39099647e-001	
6.56393816e+001	9.38707193e-001	
6.56896800e+001	9.38329445e-001	
6.57399784e+001	9.36493788e-001	
6.57902768e+001	9.33485336e-001	
6.58405751e+001	9.31729357e-001	
6.58908735e+001	9.30017848e-001	
6.59411719e+001	9.28308086e-001	
6.59914703e+001	9.26618860e-001	
6.60417686e+001	9.23670237e-001	
6.60920670e+001	9.20111320e-001	
6.61423654e+001	9.16552429e-001	
6.61926638e+001	9.13006078e-001	
6.62429621e+001	9.07734265e-001	
6.62932605e+001	9.01445919e-001	
6.63435589e+001	8.95178641e-001	
6.63938573e+001	8.88935562e-001	
6.64441556e+001	8.82769010e-001	
6.64944540e+001	8.76449078e-001	
6.65447524e+001	8.68138664e-001	
6.65950508e+001	8.56918011e-001	
6.66453492e+001	8.48590722e-001	
6.66956475e+001	8.40938872e-001	
6.67459459e+001	8.33367030e-001	
6.67962443e+001	8.25877396e-001	
6.68465427e+001	8.18027582e-001	
6.68968410e+001	8.06504527e-001	
6.69471394e+001	7.95184993e-001	
6.69974378e+001	7.83900900e-001	
6.70477362e+001	7.72550833e-001	
6.70980345e+001	7.61465290e-001	
6.71483329e+001	7.50771470e-001	
6.71986313e+001	7.41123142e-001	
6.72489297e+001	7.31922011e-001	
6.72992281e+001	7.23241054e-001	
6.73495264e+001	7.11372777e-001	
6.73998248e+001	6.98383001e-001	
6.74501232e+001	6.86994516e-001	
6.75004216e+001	6.81619811e-001	
6.75507199e+001	6.77350425e-001	
6.76010183e+001	6.74207358e-001	
6.76513167e+001	6.66030450e-001	
6.77016151e+001	6.60378570e-001	
6.77519134e+001	6.57792122e-001	
6.78022118e+001	6.56256785e-001	
6.78525102e+001	6.49321149e-001	
6.79028086e+001	6.36923159e-001	
6.79531070e+001	6.22746588e-001	
6.80034053e+001	6.09964277e-001	
6.80537037e+001	5.98665541e-001	
6.81040021e+001	5.89530150e-001	
6.81543005e+001	1.30835318e-001	
6.82045988e+001	1.27751892e-001	
6.82548972e+001	1.24864307e-001	
6.83051956e+001	1.22303691e-001	
6.83554940e+001	1.20019332e-001	
6.84057923e+001	1.16974113e-001	
6.84560907e+001	1.17095127e-001	
6.85063891e+001	1.17995128e-001	
6.85566875e+001	1.19539856e-001	
6.86069858e+001	1.20128704e-001	
6.86572842e+001	1.19983432e-001	
6.87075826e+001	1.19918289e-001	
6.87578810e+001	1.20844594e-001	
6.88081794e+001	1.22900722e-001	
6.88584777e+001	1.21638793e-001	
6.89087761e+001	1.17982376e-001	
6.89590745e+001	1.15245278e-001	
6.90093729e+001	1.13327533e-001	
6.90596712e+001	1.11965697e-001	
6.91099696e+001	1.11549759e-001	
6.91602680e+001	1.11859282e-001	
6.92105664e+001	1.12774344e-001	
6.92608647e+001	1.14268889e-001	
6.93111631e+001	1.16320583e-001	
6.93614615e+001	1.18312953e-001	
6.94117599e+001	1.19079046e-001	
6.94620583e+001	1.16876598e-001	
6.95123566e+001	1.15340742e-001	
6.95626550e+001	1.14569352e-001	
6.96129534e+001	1.14552288e-001	
6.96632518e+001	1.15239537e-001	
6.97135501e+001	1.16618647e-001	
6.97638485e+001	1.17825473e-001	
6.98141469e+001	1.19253813e-001	
6.98644453e+001	1.21933132e-001	
6.99147436e+001	1.25440275e-001	
6.99650420e+001	1.28367528e-001	
7.00153404e+001	1.29796069e-001	
7.00656388e+001	1.31326261e-001	
7.01159372e+001	6.74509226e-001	
7.01662355e+001	6.81455378e-001	
7.02165339e+001	6.90918585e-001	
7.02668323e+001	7.02181279e-001	
7.03171307e+001	7.15158448e-001	
7.03674290e+001	7.23586677e-001	
7.04177274e+001	7.33456284e-001	
7.04680258e+001	7.41179250e-001	
7.05183242e+001	7.45923965e-001	
7.05686225e+001	7.51919988e-001	
7.06189209e+001	7.59946564e-001	
7.06692193e+001	7.72088461e-001	
7.07195177e+001	7.85419989e-001	
7.07698160e+001	7.97187518e-001	
7.08201144e+001	8.04757408e-001	
7.08704128e+001	8.13108594e-001	
7.09207112e+001	8.22043958e-001	
7.09710096e+001	8.33726825e-001	
7.10213079e+001	8.52134042e-001	
7.10716063e+001	8.70870382e-001	
7.11219047e+001	8.88389549e-001	
7.11722031e+001	9.06039912e-001	
7.12225014e+001	9.23871090e-001	
7.12727998e+001	9.38521285e-001	
7.13230982e+001	9.52862522e-001	
7.13733966e+001	9.66073057e-001	
7.14236949e+001	9.76047418e-001	
7.14739933e+001	9.86286617e-001	
7.15242917e+001	9.97966509e-001	
7.15745901e+001	1.01268097e+000	
7.16248885e+001	1.02741383e+000	
7.16751868e+001	1.04221819e+000	
7.17254852e+001	1.05704069e+000	
7.17757836e+001	1.06670664e+000	
7.18260820e+001	1.07659449e+000	
7.18763803e+001	1.08698800e+000	
7.19266787e+001	1.09737523e+000	
7.19769771e+001	1.10776280e+000	
7.20272755e+001	1.11815070e+000	
7.20775738e+001	1.12714890e+000	
7.21278722e+001	1.13494580e+000	
7.21781706e+001	1.14275397e+000	
7.22284690e+001	1.15057318e+000	
7.22787673e+001	1.15850436e+000	
7.23290657e+001	1.16586564e+000	
7.23793641e+001	1.17115387e+000	
7.24296625e+001	1.17646103e+000	
7.24799609e+001	1.18175481e+000	
7.25302592e+001	1.18699056e+000	
7.25805576e+001	1.19224498e+000	
7.26308560e+001	1.19488234e+000	
7.26811544e+001	1.19716547e+000	
7.27314527e+001	1.19938411e+000	
7.27817511e+001	1.20163481e+000	
7.28320495e+001	1.20528207e+000	
7.28823479e+001	1.21007722e+000	
7.29326462e+001	1.21254721e+000	
7.29829446e+001	1.21236252e+000	
7.30332430e+001	1.21223909e+000	
7.30835414e+001	1.21217695e+000	
7.31338398e+001	1.21206066e+000	
7.31841381e+001	1.21281560e+000	
7.32344365e+001	1.21361923e+000	
7.32847349e+001	1.21278396e+000	
7.33350333e+001	1.21179673e+000	
7.33853316e+001	1.21083329e+000	
7.34356300e+001	1.20994709e+000	
7.34859284e+001	1.20913830e+000	
7.35362268e+001	1.20877399e+000	
7.35865251e+001	1.20852438e+000	
7.36368235e+001	1.20807280e+000	
7.36871219e+001	1.20559850e+000	
7.37374203e+001	1.20250876e+000	
7.37877187e+001	1.19935921e+000	
7.38380170e+001	1.19627393e+000	
7.38883154e+001	1.19325344e+000	
7.39386138e+001	1.19027180e+000	
7.39889122e+001	1.18720273e+000	
7.40392105e+001	1.18419957e+000	
7.40895089e+001	1.18126284e+000	
7.41398073e+001	1.17839302e+000	
7.41901057e+001	1.17607774e+000	
7.42404040e+001	1.17487367e+000	
7.42907024e+001	1.17377498e+000	
7.43410008e+001	1.17278199e+000	
7.43912992e+001	1.17175263e+000	
7.44415975e+001	1.17084969e+000	
7.44918959e+001	1.17005222e+000	
7.45421943e+001	1.16761444e+000	
7.45924927e+001	1.16497655e+000	
7.46427911e+001	1.16243579e+000	
7.46930894e+001	1.15999414e+000	
7.47433878e+001	1.15765225e+000	
7.47936862e+001	1.15531467e+000	
7.48439846e+001	1.15345787e+000	
7.48942829e+001	1.15174962e+000	
7.49445813e+001	1.15014689e+000	
7.49948797e+001	1.14858740e+000	
7.50451781e+001	1.14728970e+000	
7.50954764e+001	1.14618386e+000	
7.51457748e+001	1.14518882e+000	
7.51960732e+001	1.14427321e+000	
7.52463716e+001	1.14351490e+000	
7.52966700e+001	1.14314394e+000	
7.53469683e+001	1.14325509e+000	
7.53972667e+001	1.14360319e+000	
