0.00000000e+000	9.54600319e-001	
4.19153139e-002	9.54677392e-001	
8.38306279e-002	9.54647024e-001	
1.25745942e-001	9.54602572e-001	
1.67661256e-001	9.54683368e-001	
2.09576570e-001	9.54739540e-001	
2.51491884e-001	9.54791313e-001	
2.93407198e-001	9.54845708e-001	
3.35322511e-001	9.54868163e-001	
3.77237825e-001	9.54827603e-001	
4.19153139e-001	9.54944938e-001	
4.61068453e-001	9.55154309e-001	
5.02983767e-001	9.55250275e-001	
5.44899081e-001	9.55228209e-001	
5.86814395e-001	9.55236040e-001	
6.28729709e-001	9.55421618e-001	
6.70645023e-001	9.55571907e-001	
7.12560337e-001	9.55635109e-001	
7.54475651e-001	9.55731014e-001	
7.96390965e-001	9.55970550e-001	
8.38306279e-001	9.56164322e-001	
8.80221593e-001	9.56265625e-001	
9.22136907e-001	9.56379698e-001	
9.64052221e-001	9.56542211e-001	
1.00596753e+000	9.56707113e-001	
1.04788285e+000	9.56901566e-001	
1.08979816e+000	9.57107738e-001	
1.13171348e+000	9.57345042e-001	
1.17362879e+000	9.57572011e-001	
1.21554410e+000	9.57812108e-001	
1.25745942e+000	9.58053960e-001	
1.29937473e+000	9.58254157e-001	
1.34129005e+000	9.58432941e-001	
1.38320536e+000	9.58764377e-001	
1.42512067e+000	9.59133826e-001	
1.46703599e+000	9.59405153e-001	
1.50895130e+000	9.59642530e-001	
1.55086662e+000	9.59909890e-001	
1.59278193e+000	9.60148924e-001	
1.63469724e+000	9.60467742e-001	
1.67661256e+000	9.60827956e-001	
1.71852787e+000	9.61218424e-001	
1.76044319e+000	9.61610369e-001	
1.80235850e+000	9.61972651e-001	
1.84427381e+000	9.62315971e-001	
1.88618913e+000	9.62667767e-001	
1.92810444e+000	9.63043538e-001	
1.97001975e+000	9.63444232e-001	
2.01193507e+000	9.64034305e-001	
2.05385038e+000	9.64592962e-001	
2.09576570e+000	9.64980572e-001	
2.13768101e+000	9.65376560e-001	
2.17959632e+000	9.65863723e-001	
2.22151164e+000	9.66272682e-001	
2.26342695e+000	9.66891987e-001	
2.30534227e+000	9.67503231e-001	
2.34725758e+000	9.68082814e-001	
2.38917289e+000	9.68650938e-001	
2.43108821e+000	9.69112970e-001	
2.47300352e+000	9.69465911e-001	
2.51491884e+000	9.70145164e-001	
2.55683415e+000	9.70994215e-001	
2.59874946e+000	9.71704652e-001	
2.64066478e+000	9.72251807e-001	
2.68258009e+000	9.72931560e-001	
2.72449541e+000	9.73700461e-001	
2.76641072e+000	9.74429417e-001	
2.80832603e+000	9.75110098e-001	
2.85024135e+000	9.75837076e-001	
2.89215666e+000	9.76399795e-001	
2.93407198e+000	9.77059287e-001	
2.97598729e+000	9.78157869e-001	
3.01790260e+000	9.79238600e-001	
3.05981792e+000	9.80027031e-001	
3.10173323e+000	9.80807416e-001	
3.14364855e+000	9.81574107e-001	
3.18556386e+000	9.82264458e-001	
3.22747917e+000	9.83026151e-001	
3.26939449e+000	9.83943722e-001	
3.31130980e+000	9.85009939e-001	
3.35322511e+000	9.86022376e-001	
3.39514043e+000	9.86912971e-001	
3.43705574e+000	9.87745911e-001	
3.47897106e+000	9.88454625e-001	
3.52088637e+000	9.88979830e-001	
3.56280168e+000	9.89662043e-001	
3.60471700e+000	9.90723613e-001	
3.64663231e+000	9.91376724e-001	
3.68854763e+000	9.91650547e-001	
3.73046294e+000	9.91897495e-001	
3.77237825e+000	9.92344087e-001	
3.81429357e+000	9.92755339e-001	
3.85620888e+000	9.92960690e-001	
3.89812420e+000	9.92879898e-001	
3.94003951e+000	9.91900614e-001	
3.98195482e+000	9.90918126e-001	
4.02387014e+000	9.90694895e-001	
4.06578545e+000	9.90376689e-001	
4.10770077e+000	9.89050851e-001	
4.14961608e+000	9.87475310e-001	
4.19153139e+000	9.85162118e-001	
4.23344671e+000	9.83079926e-001	
4.27536202e+000	9.80650545e-001	
4.31727734e+000	9.78328019e-001	
4.35919265e+000	9.74830230e-001	
4.40110796e+000	9.71649056e-001	
4.44302328e+000	9.68079526e-001	
4.48493859e+000	9.64414829e-001	
4.52685390e+000	9.60068846e-001	
4.56876922e+000	9.56210141e-001	
4.61068453e+000	9.51928146e-001	
4.65259985e+000	9.47436878e-001	
4.69451516e+000	9.42681506e-001	
4.73643047e+000	9.38348774e-001	
4.77834579e+000	9.34091757e-001	
4.82026110e+000	9.29200400e-001	
4.86217642e+000	9.24509224e-001	
4.90409173e+000	9.20349231e-001	
4.94600704e+000	9.16345584e-001	
4.98792236e+000	9.11101396e-001	
5.02983767e+000	9.06411727e-001	
5.07175299e+000	9.03564276e-001	
5.11366830e+000	9.00839350e-001	
5.15558361e+000	8.97867414e-001	
5.19749893e+000	8.94368390e-001	
5.23941424e+000	8.91999688e-001	
5.28132956e+000	8.89670905e-001	
5.32324487e+000	8.87788209e-001	
5.36516018e+000	8.85321526e-001	
5.40707550e+000	8.83846188e-001	
5.44899081e+000	8.82679280e-001	
5.49090613e+000	8.82739002e-001	
5.53282144e+000	8.82714932e-001	
5.57473675e+000	8.82843851e-001	
5.61665207e+000	8.82841709e-001	
5.65856738e+000	8.83895680e-001	
5.70048270e+000	8.85293725e-001	
5.74239801e+000	8.87808222e-001	
5.78431332e+000	8.90307751e-001	
5.82622864e+000	8.92903445e-001	
5.86814395e+000	8.95397672e-001	
5.91005926e+000	8.98068094e-001	
5.95197458e+000	9.00976987e-001	
5.99388989e+000	9.04918493e-001	
6.03580521e+000	9.09408878e-001	
6.07772052e+000	9.13604776e-001	
6.11963583e+000	9.18001295e-001	
6.16155115e+000	9.22522512e-001	
6.20346646e+000	9.26467559e-001	
6.24538178e+000	9.30151693e-001	
6.28729709e+000	9.33731732e-001	
6.32921240e+000	9.37532922e-001	
6.37112772e+000	9.42280261e-001	
6.41304303e+000	9.46836578e-001	
6.45495835e+000	9.50599852e-001	
6.49687366e+000	9.54209110e-001	
6.53878897e+000	9.57136312e-001	
6.58070429e+000	9.59780605e-001	
6.62261960e+000	9.63039458e-001	
6.66453492e+000	9.66209275e-001	
6.70645023e+000	9.69114240e-001	
6.74836554e+000	9.71984676e-001	
6.79028086e+000	9.74454990e-001	
6.83219617e+000	9.76638050e-001	
6.87411149e+000	9.78830595e-001	
6.91602680e+000	9.80975182e-001	
6.95794211e+000	9.82873214e-001	
6.99985743e+000	9.84475926e-001	
7.04177274e+000	9.86277866e-001	
7.08368805e+000	9.88305939e-001	
7.12560337e+000	9.89966577e-001	
7.16751868e+000	9.91017343e-001	
7.20943400e+000	9.92084709e-001	
7.25134931e+000	9.93258619e-001	
7.29326462e+000	9.94505561e-001	
7.33517994e+000	9.95643450e-001	
7.37709525e+000	9.96833254e-001	
7.41901057e+000	9.98075876e-001	
7.46092588e+000	9.99242049e-001	
7.50284119e+000	1.00005530e+000	
7.54475651e+000	1.00085147e+000	
7.58667182e+000	1.00166628e+000	
7.62858714e+000	1.00249469e+000	
7.67050245e+000	1.00337903e+000	
7.71241776e+000	1.00415129e+000	
7.75433308e+000	1.00489449e+000	
7.79624839e+000	1.00563655e+000	
7.83816371e+000	1.00630670e+000	
7.88007902e+000	1.00693254e+000	
7.92199433e+000	1.00770202e+000	
7.96390965e+000	1.00856391e+000	
8.00582496e+000	1.00922078e+000	
8.04774028e+000	1.00972736e+000	
8.08965559e+000	1.01026072e+000	
8.13157090e+000	1.01087006e+000	
8.17348622e+000	1.01151050e+000	
8.21540153e+000	1.01214161e+000	
8.25731685e+000	1.01278694e+000	
8.29923216e+000	1.01345899e+000	
8.34114747e+000	1.01405877e+000	
8.38306279e+000	1.01455713e+000	
8.42497810e+000	1.01506553e+000	
8.46689341e+000	1.01562128e+000	
8.50880873e+000	1.01619807e+000	
8.55072404e+000	1.01677696e+000	
8.59263936e+000	1.01728958e+000	
8.63455467e+000	1.01779505e+000	
8.67646998e+000	1.01830220e+000	
8.71838530e+000	1.01880119e+000	
8.76030061e+000	1.01930459e+000	
8.80221593e+000	1.01991372e+000	
8.84413124e+000	1.02053967e+000	
8.88604655e+000	1.02101423e+000	
8.92796187e+000	1.02145866e+000	
8.96987718e+000	1.02190609e+000	
9.01179250e+000	1.02235995e+000	
9.05370781e+000	1.02285517e+000	
9.09562312e+000	1.02337441e+000	
9.13753844e+000	1.02391092e+000	
9.17945375e+000	1.02442547e+000	
9.22136907e+000	1.02491570e+000	
9.26328438e+000	1.02539550e+000	
9.30519969e+000	1.02589354e+000	
9.34711501e+000	1.02635713e+000	
9.38903032e+000	1.02680225e+000	
9.43094564e+000	1.02725493e+000	
9.47286095e+000	1.02771763e+000	
9.51477626e+000	1.02825827e+000	
9.55669158e+000	1.02879142e+000	
9.59860689e+000	1.02924602e+000	
9.64052221e+000	1.02964341e+000	
9.68243752e+000	1.03007031e+000	
9.72435283e+000	1.03051086e+000	
9.76626815e+000	1.03099439e+000	
9.80818346e+000	1.03148584e+000	
9.85009877e+000	1.03194517e+000	
9.89201409e+000	1.03237415e+000	
9.93392940e+000	1.03283069e+000	
9.97584472e+000	1.03329080e+000	
1.00177600e+001	1.03374019e+000	
1.00596753e+001	1.03414067e+000	
1.01015907e+001	1.03453232e+000	
1.01435060e+001	1.03493437e+000	
1.01854213e+001	1.03537295e+000	
1.02273366e+001	1.03583353e+000	
1.02692519e+001	1.03629482e+000	
1.03111672e+001	1.03669549e+000	
1.03530825e+001	1.03710133e+000	
1.03949979e+001	1.03750619e+000	
1.04369132e+001	1.03792388e+000	
1.04788285e+001	1.03836921e+000	
1.05207438e+001	1.03881991e+000	
1.05626591e+001	1.03920210e+000	
1.06045744e+001	1.03957001e+000	
1.06464897e+001	1.03994738e+000	
1.06884051e+001	1.04032922e+000	
1.07303204e+001	1.04078303e+000	
1.07722357e+001	1.04124058e+000	
1.08141510e+001	1.04161697e+000	
1.08560663e+001	1.04194433e+000	
1.08979816e+001	1.04230969e+000	
1.09398969e+001	1.04269734e+000	
1.09818123e+001	1.04311895e+000	
1.10237276e+001	1.04354941e+000	
1.10656429e+001	1.04393420e+000	
1.11075582e+001	1.04428743e+000	
1.11494735e+001	1.04465860e+000	
1.11913888e+001	1.04504608e+000	
1.12333041e+001	1.04543703e+000	
1.12752194e+001	1.04574776e+000	
1.13171348e+001	1.04605964e+000	
1.13590501e+001	1.04639615e+000	
1.14009654e+001	1.04676390e+000	
1.14428807e+001	1.04716771e+000	
1.14847960e+001	1.04756352e+000	
1.15267113e+001	1.04789226e+000	
1.15686266e+001	1.04823779e+000	
1.16105420e+001	1.04859940e+000	
1.16524573e+001	1.04896749e+000	
1.16943726e+001	1.04927080e+000	
1.17362879e+001	1.04954604e+000	
1.17782032e+001	1.04983956e+000	
1.18201185e+001	1.05014065e+000	
1.18620338e+001	1.05051186e+000	
1.19039492e+001	1.05090634e+000	
1.19458645e+001	1.05120737e+000	
1.19877798e+001	1.05148515e+000	
1.20296951e+001	1.05180364e+000	
1.20716104e+001	1.05212792e+000	
1.21135257e+001	1.05247924e+000	
1.21554410e+001	1.05285488e+000	
1.21973564e+001	1.05316144e+000	
1.22392717e+001	1.05340167e+000	
1.22811870e+001	1.05365666e+000	
1.23231023e+001	1.05391894e+000	
1.23650176e+001	1.05419596e+000	
1.24069329e+001	1.05454176e+000	
1.24488482e+001	1.05485943e+000	
1.24907636e+001	1.05511365e+000	
1.25326789e+001	1.05539030e+000	
1.25745942e+001	1.05569372e+000	
1.26165095e+001	1.05599507e+000	
1.26584248e+001	1.05622181e+000	
1.27003401e+001	1.05642278e+000	
1.27422554e+001	1.05666222e+000	
1.27841708e+001	1.05691584e+000	
1.28260861e+001	1.05722785e+000	
1.28680014e+001	1.05753582e+000	
1.29099167e+001	1.05777387e+000	
1.29518320e+001	1.05800930e+000	
1.29937473e+001	1.05827591e+000	
1.30356626e+001	1.05856160e+000	
1.30775779e+001	1.05877113e+000	
1.31194933e+001	1.05896671e+000	
1.31614086e+001	1.05919924e+000	
1.32033239e+001	1.05945593e+000	
1.32452392e+001	1.05969303e+000	
1.32871545e+001	1.05993876e+000	
1.33290698e+001	1.06015271e+000	
1.33709851e+001	1.06032402e+000	
1.34129005e+001	1.06052884e+000	
1.34548158e+001	1.06074522e+000	
1.34967311e+001	1.06098299e+000	
1.35386464e+001	1.06125289e+000	
1.35805617e+001	1.06151763e+000	
1.36224770e+001	1.06164053e+000	
1.36643923e+001	1.06177069e+000	
1.37063077e+001	1.06193932e+000	
1.37482230e+001	1.06212379e+000	
1.37901383e+001	1.06238566e+000	
1.38320536e+001	1.06263999e+000	
1.38739689e+001	1.06277762e+000	
1.39158842e+001	1.06290929e+000	
1.39577995e+001	1.06308512e+000	
1.39997149e+001	1.06327127e+000	
1.40416302e+001	1.06349866e+000	
1.40835455e+001	1.06373517e+000	
1.41254608e+001	1.06386444e+000	
1.41673761e+001	1.06395295e+000	
1.42092914e+001	1.06409617e+000	
1.42512067e+001	1.06428364e+000	
1.42931221e+001	1.06444572e+000	
1.43350374e+001	1.06457870e+000	
1.43769527e+001	1.06469160e+000	
1.44188680e+001	1.06477800e+000	
1.44607833e+001	1.06487403e+000	
1.45026986e+001	1.06495186e+000	
1.45446139e+001	1.06504718e+000	
1.45865292e+001	1.06518373e+000	
1.46284446e+001	1.06527876e+000	
1.46703599e+001	1.06524585e+000	
1.47122752e+001	1.06524078e+000	
1.47541905e+001	1.06525731e+000	
1.47961058e+001	1.06527456e+000	
1.48380211e+001	1.06529761e+000	
1.48799364e+001	1.06534358e+000	
1.49218518e+001	1.06521707e+000	
1.49637671e+001	1.06506789e+000	
1.50056824e+001	1.06495336e+000	
1.50475977e+001	1.06485011e+000	
1.50895130e+001	1.06475361e+000	
1.51314283e+001	1.06468899e+000	
1.51733436e+001	1.06456502e+000	
1.52152590e+001	1.06441918e+000	
1.52571743e+001	1.06432405e+000	
1.52990896e+001	1.06424393e+000	
1.53410049e+001	1.06412911e+000	
1.53829202e+001	1.06395273e+000	
1.54248355e+001	1.06385816e+000	
1.54667508e+001	1.06386112e+000	
1.55086662e+001	1.06378401e+000	
1.55505815e+001	1.06365908e+000	
1.55924968e+001	1.06357656e+000	
1.56344121e+001	1.06350110e+000	
1.56763274e+001	1.06345309e+000	
1.57182427e+001	1.06354435e+000	
1.57601580e+001	1.06361590e+000	
1.58020734e+001	1.06362519e+000	
1.58439887e+001	1.06363029e+000	
1.58859040e+001	1.06364140e+000	
1.59278193e+001	1.06369175e+000	
1.59697346e+001	1.06383501e+000	
1.60116499e+001	1.06398464e+000	
1.60535652e+001	1.06410872e+000	
1.60954806e+001	1.06420948e+000	
1.61373959e+001	1.06427553e+000	
1.61793112e+001	1.06436472e+000	
1.62212265e+001	1.06445816e+000	
1.62631418e+001	1.06455702e+000	
1.63050571e+001	1.06470901e+000	
1.63469724e+001	1.06489192e+000	
1.63888877e+001	1.06495680e+000	
1.64308031e+001	1.06501086e+000	
1.64727184e+001	1.06511036e+000	
1.65146337e+001	1.06521904e+000	
1.65565490e+001	1.06530232e+000	
1.65984643e+001	1.06527496e+000	
1.66403796e+001	1.06526691e+000	
1.66822949e+001	1.06529878e+000	
1.67242103e+001	1.06530606e+000	
1.67661256e+001	1.06524859e+000	
1.68080409e+001	1.06520298e+000	
1.68499562e+001	1.06512674e+000	
1.68918715e+001	1.06506780e+000	
1.69337868e+001	1.06496278e+000	
1.69757021e+001	1.06484078e+000	
1.70176175e+001	1.06475772e+000	
1.70595328e+001	1.06467810e+000	
1.71014481e+001	1.06449765e+000	
1.71433634e+001	1.06431657e+000	
1.71852787e+001	1.06415814e+000	
1.72271940e+001	1.06400626e+000	
1.72691093e+001	1.06387564e+000	
1.73110247e+001	1.06376783e+000	
1.73529400e+001	1.06357983e+000	
1.73948553e+001	1.06337645e+000	
1.74367706e+001	1.06319406e+000	
1.74786859e+001	1.06302288e+000	
1.75206012e+001	1.06284831e+000	
1.75625165e+001	1.06270260e+000	
1.76044319e+001	1.06250555e+000	
1.76463472e+001	1.06223227e+000	
1.76882625e+001	1.06202717e+000	
1.77301778e+001	1.06190666e+000	
1.77720931e+001	1.06176877e+000	
1.78140084e+001	1.06152353e+000	
1.78559237e+001	1.06127548e+000	
1.78978391e+001	1.06108917e+000	
1.79397544e+001	1.06089534e+000	
1.79816697e+001	1.06061015e+000	
1.80235850e+001	1.06034148e+000	
1.80655003e+001	1.06019673e+000	
1.81074156e+001	1.06004293e+000	
1.81493309e+001	1.05980751e+000	
1.81912462e+001	1.05954419e+000	
1.82331616e+001	1.05927121e+000	
1.82750769e+001	1.05900697e+000	
1.83169922e+001	1.05876962e+000	
1.83589075e+001	1.05854678e+000	
1.84008228e+001	1.05833172e+000	
1.84427381e+001	1.05813672e+000	
1.84846534e+001	1.05786934e+000	
1.85265688e+001	1.05757950e+000	
1.85684841e+001	1.05734796e+000	
1.86103994e+001	1.05714006e+000	
1.86523147e+001	1.05691028e+000	
1.86942300e+001	1.05667935e+000	
1.87361453e+001	1.05640141e+000	
1.87780606e+001	1.05602388e+000	
1.88199760e+001	1.05571067e+000	
1.88618913e+001	1.05552824e+000	
1.89038066e+001	1.05533413e+000	
1.89457219e+001	1.05502051e+000	
1.89876372e+001	1.05469683e+000	
1.90295525e+001	1.05440392e+000	
1.90714678e+001	1.05413070e+000	
1.91133832e+001	1.05384328e+000	
1.91552985e+001	1.05355855e+000	
1.91972138e+001	1.05325013e+000	
1.92391291e+001	1.05298294e+000	
1.92810444e+001	1.05267915e+000	
1.93229597e+001	1.05233972e+000	
1.93648750e+001	1.05202386e+000	
1.94067904e+001	1.05173672e+000	
1.94487057e+001	1.05138853e+000	
1.94906210e+001	1.05103899e+000	
1.95325363e+001	1.05070208e+000	
1.95744516e+001	1.05037664e+000	
1.96163669e+001	1.05005135e+000	
1.96582822e+001	1.04972871e+000	
1.97001975e+001	1.04936725e+000	
1.97421129e+001	1.04894977e+000	
1.97840282e+001	1.04861906e+000	
1.98259435e+001	1.04835799e+000	
1.98678588e+001	1.04807791e+000	
1.99097741e+001	1.04771244e+000	
1.99516894e+001	1.04733337e+000	
1.99936047e+001	1.04696984e+000	
2.00355201e+001	1.04659804e+000	
2.00774354e+001	1.04620400e+000	
2.01193507e+001	1.04581704e+000	
2.01612660e+001	1.04555150e+000	
2.02031813e+001	1.04526644e+000	
2.02450966e+001	1.04488738e+000	
2.02870119e+001	1.04447236e+000	
2.03289273e+001	1.04404208e+000	
2.03708426e+001	1.04360886e+000	
2.04127579e+001	1.04329224e+000	
2.04546732e+001	1.04302282e+000	
2.04965885e+001	1.04264947e+000	
2.05385038e+001	1.04222575e+000	
2.05804191e+001	1.04177811e+000	
2.06223345e+001	1.04133361e+000	
2.06642498e+001	1.04095840e+000	
2.07061651e+001	1.04065481e+000	
2.07480804e+001	1.04029919e+000	
2.07899957e+001	1.03987383e+000	
2.08319110e+001	1.03943309e+000	
2.08738263e+001	1.03897952e+000	
2.09157417e+001	1.03855139e+000	
2.09576570e+001	1.03817220e+000	
2.09995723e+001	1.03777214e+000	
2.10414876e+001	1.03735545e+000	
2.10834029e+001	1.03691692e+000	
2.11253182e+001	1.03640758e+000	
2.11672335e+001	1.03593665e+000	
2.12091489e+001	1.03557583e+000	
2.12510642e+001	1.03519537e+000	
2.12929795e+001	1.03476383e+000	
2.13348948e+001	1.03431484e+000	
2.13768101e+001	1.03383147e+000	
2.14187254e+001	1.03337189e+000	
2.14606407e+001	1.03293657e+000	
2.15025560e+001	1.03251164e+000	
2.15444714e+001	1.03208215e+000	
2.15863867e+001	1.03165027e+000	
2.16283020e+001	1.03120757e+000	
2.16702173e+001	1.03074034e+000	
2.17121326e+001	1.03027338e+000	
2.17540479e+001	1.02984673e+000	
2.17959632e+001	1.02939869e+000	
2.18378786e+001	1.02892484e+000	
2.18797939e+001	1.02841899e+000	
2.19217092e+001	1.02792281e+000	
2.19636245e+001	1.02745289e+000	
2.20055398e+001	1.02700617e+000	
2.20474551e+001	1.02654561e+000	
2.20893704e+001	1.02607495e+000	
2.21312858e+001	1.02557837e+000	
2.21732011e+001	1.02505958e+000	
2.22151164e+001	1.02455917e+000	
2.22570317e+001	1.02412576e+000	
2.22989470e+001	1.02364492e+000	
2.23408623e+001	1.02318723e+000	
2.23827776e+001	1.02272473e+000	
2.24246930e+001	1.02215394e+000	
2.24666083e+001	1.02159540e+000	
2.25085236e+001	1.02108794e+000	
2.25504389e+001	1.02060425e+000	
2.25923542e+001	1.02012493e+000	
2.26342695e+001	1.01967850e+000	
2.26761848e+001	1.01921817e+000	
2.27181002e+001	1.01868029e+000	
2.27600155e+001	1.01811300e+000	
2.28019308e+001	1.01752756e+000	
2.28438461e+001	1.01694665e+000	
2.28857614e+001	1.01640836e+000	
2.29276767e+001	1.01589050e+000	
2.29695920e+001	1.01538352e+000	
2.30115074e+001	1.01484626e+000	
2.30534227e+001	1.01422054e+000	
2.30953380e+001	1.01358991e+000	
2.31372533e+001	1.01298358e+000	
2.31791686e+001	1.01242798e+000	
2.32210839e+001	1.01184037e+000	
2.32629992e+001	1.01120773e+000	
2.33049145e+001	1.01066818e+000	
2.33468299e+001	1.01012894e+000	
2.33887452e+001	1.00941639e+000	
2.34306605e+001	1.00870042e+000	
2.34725758e+001	1.00798959e+000	
2.35144911e+001	1.00734659e+000	
2.35564064e+001	1.00673003e+000	
2.35983217e+001	1.00610827e+000	
2.36402371e+001	1.00539313e+000	
2.36821524e+001	1.00460448e+000	
2.37240677e+001	1.00374284e+000	
2.37659830e+001	1.00286938e+000	
2.38078983e+001	1.00203832e+000	
2.38498136e+001	1.00125671e+000	
2.38917289e+001	1.00046623e+000	
2.39336443e+001	9.99549032e-001	
2.39755596e+001	9.98471457e-001	
2.40174749e+001	9.97280413e-001	
2.40593902e+001	9.96176951e-001	
2.41013055e+001	9.95253460e-001	
2.41432208e+001	9.94267836e-001	
2.41851361e+001	9.93142413e-001	
2.42270515e+001	9.91786170e-001	
2.42689668e+001	9.90219680e-001	
2.43108821e+001	9.88664488e-001	
2.43527974e+001	9.87260943e-001	
2.43947127e+001	9.85876280e-001	
2.44366280e+001	9.83820424e-001	
2.44785433e+001	9.81835577e-001	
2.45204587e+001	9.79731526e-001	
2.45623740e+001	9.77704532e-001	
2.46042893e+001	9.75388130e-001	
2.46462046e+001	9.73018167e-001	
2.46881199e+001	9.70624760e-001	
2.47300352e+001	9.68190663e-001	
2.47719505e+001	9.64947156e-001	
2.48138658e+001	9.61739295e-001	
2.48557812e+001	9.58532621e-001	
2.48976965e+001	9.55056796e-001	
2.49396118e+001	9.51848170e-001	
2.49815271e+001	9.48982702e-001	
2.50234424e+001	9.45259504e-001	
2.50653577e+001	9.41066177e-001	
2.51072730e+001	9.36925010e-001	
2.51491884e+001	9.32089113e-001	
2.51911037e+001	9.27455354e-001	
2.52330190e+001	9.23632269e-001	
2.52749343e+001	9.19299356e-001	
2.53168496e+001	9.15342302e-001	
2.53587649e+001	9.11589581e-001	
2.54006802e+001	9.06846288e-001	
2.54425956e+001	9.01960399e-001	
2.54845109e+001	8.99448086e-001	
2.55264262e+001	8.97195165e-001	
2.55683415e+001	8.94315159e-001	
2.56102568e+001	8.91140576e-001	
2.56521721e+001	8.88905916e-001	
2.56940874e+001	8.86892507e-001	
2.57360028e+001	8.85581013e-001	
2.57779181e+001	8.84267350e-001	
2.58198334e+001	8.83218442e-001	
2.58617487e+001	8.82406973e-001	
2.59036640e+001	8.82209346e-001	
2.59455793e+001	8.82685638e-001	
2.59874946e+001	8.83967626e-001	
2.60294100e+001	8.85672558e-001	
2.60713253e+001	8.86946492e-001	
2.61132406e+001	8.88362112e-001	
2.61551559e+001	8.90505883e-001	
2.61970712e+001	8.93353048e-001	
2.62389865e+001	8.96027653e-001	
2.62809018e+001	8.99011832e-001	
2.63228172e+001	9.02236338e-001	
2.63647325e+001	9.05692510e-001	
2.64066478e+001	9.09776123e-001	
2.64485631e+001	9.14333481e-001	
2.64904784e+001	9.18556781e-001	
2.65323937e+001	9.22402773e-001	
2.65743090e+001	9.26580684e-001	
2.66162243e+001	9.31709688e-001	
2.66581397e+001	9.36550219e-001	
2.67000550e+001	9.40840076e-001	
2.67419703e+001	9.45565606e-001	
2.67838856e+001	9.49920548e-001	
2.68258009e+001	9.54158958e-001	
2.68677162e+001	9.58987935e-001	
2.69096315e+001	9.63415608e-001	
2.69515469e+001	9.66727316e-001	
2.69934622e+001	9.70136058e-001	
2.70353775e+001	9.73378226e-001	
2.70772928e+001	9.76664774e-001	
2.71192081e+001	9.79413920e-001	
2.71611234e+001	9.82209968e-001	
2.72030387e+001	9.84843734e-001	
2.72449541e+001	9.86921214e-001	
2.72868694e+001	9.88729098e-001	
2.73287847e+001	9.89461693e-001	
2.73707000e+001	9.90605696e-001	
2.74126153e+001	9.91878574e-001	
2.74545306e+001	9.92958286e-001	
2.74964459e+001	9.92601671e-001	
2.75383613e+001	9.92317981e-001	
2.75802766e+001	9.92518342e-001	
2.76221919e+001	9.92652747e-001	
2.76641072e+001	9.92109095e-001	
2.77060225e+001	9.91785396e-001	
2.77479378e+001	9.91543643e-001	
2.77898531e+001	9.91121470e-001	
2.78317685e+001	9.90508913e-001	
2.78736838e+001	9.89836640e-001	
2.79155991e+001	9.88630477e-001	
2.79575144e+001	9.87387221e-001	
2.79994297e+001	9.86927147e-001	
2.80413450e+001	9.86475103e-001	
2.80832603e+001	9.85606467e-001	
2.81251757e+001	9.84700951e-001	
2.81670910e+001	9.83727346e-001	
2.82090063e+001	9.82675145e-001	
2.82509216e+001	9.81892647e-001	
2.82928369e+001	9.81157204e-001	
2.83347522e+001	9.80308664e-001	
2.83766675e+001	9.79399956e-001	
2.84185828e+001	9.78491424e-001	
2.84604982e+001	9.77882395e-001	
2.85024135e+001	9.77142373e-001	
2.85443288e+001	9.76037960e-001	
2.85862441e+001	9.75113564e-001	
2.86281594e+001	9.74506185e-001	
2.86700747e+001	9.73841261e-001	
2.87119900e+001	9.73307853e-001	
2.87539054e+001	9.72788922e-001	
2.87958207e+001	9.72168521e-001	
2.88377360e+001	9.71490061e-001	
2.88796513e+001	9.70605845e-001	
2.89215666e+001	9.69755911e-001	
2.89634819e+001	9.69220655e-001	
2.90053972e+001	9.68683181e-001	
2.90473126e+001	9.68201725e-001	
2.90892279e+001	9.67762915e-001	
2.91311432e+001	9.67300580e-001	
2.91730585e+001	9.66739819e-001	
2.92149738e+001	9.66115484e-001	
2.92568891e+001	9.65462074e-001	
2.92988044e+001	9.64994056e-001	
2.93407198e+001	9.64566193e-001	
2.93826351e+001	9.64157371e-001	
2.94245504e+001	9.63806145e-001	
2.94664657e+001	9.63490390e-001	
2.95083810e+001	9.63055298e-001	
2.95502963e+001	9.62603498e-001	
2.95922116e+001	9.62066939e-001	
2.96341270e+001	9.61619813e-001	
2.96760423e+001	9.61279191e-001	
2.97179576e+001	9.60928895e-001	
2.97598729e+001	9.60651207e-001	
2.98017882e+001	9.60415236e-001	
2.98437035e+001	9.60152020e-001	
2.98856188e+001	9.59863041e-001	
2.99275341e+001	9.59457332e-001	
2.99694495e+001	9.59078209e-001	
3.00113648e+001	9.58838558e-001	
3.00532801e+001	9.58606944e-001	
3.00951954e+001	9.58382192e-001	
3.01371107e+001	9.58168358e-001	
3.01790260e+001	9.57881919e-001	
3.02209413e+001	9.57527453e-001	
3.02628567e+001	9.57334275e-001	
3.03047720e+001	9.57241539e-001	
3.03466873e+001	9.57071146e-001	
3.03886026e+001	9.56803446e-001	
3.04305179e+001	9.56551790e-001	
3.04724332e+001	9.56472637e-001	
3.05143485e+001	9.56358343e-001	
3.05562639e+001	9.56100810e-001	
3.05981792e+001	9.55892222e-001	
3.06400945e+001	9.55757598e-001	
3.06820098e+001	9.55632016e-001	
3.07239251e+001	9.55556652e-001	
3.07658404e+001	9.55502926e-001	
3.08077557e+001	9.55422395e-001	
3.08496711e+001	9.55345385e-001	
3.08915864e+001	9.55149104e-001	
3.09335017e+001	9.54975035e-001	
3.09754170e+001	9.54932316e-001	
3.10173323e+001	9.54884837e-001	
3.10592476e+001	9.54883305e-001	
3.11011629e+001	9.54894486e-001	
3.11430783e+001	9.54807581e-001	
3.11849936e+001	9.54662733e-001	
3.12269089e+001	9.54677475e-001	
3.12688242e+001	9.54760565e-001	
3.13107395e+001	9.54735589e-001	
3.13526548e+001	9.54617919e-001	
3.13945701e+001	9.54547388e-001	
3.14364855e+001	9.54620806e-001	
3.14784008e+001	9.54639500e-001	
3.15203161e+001	9.54567731e-001	
3.15622314e+001	9.54537424e-001	
3.16041467e+001	9.54559421e-001	
3.16460620e+001	9.54614835e-001	
3.16879773e+001	9.54746287e-001	
3.17298926e+001	9.54861784e-001	
3.17718080e+001	9.54933895e-001	
3.18137233e+001	9.54998919e-001	
3.18556386e+001	9.54997698e-001	
3.18975539e+001	9.55021955e-001	
3.19394692e+001	9.55184589e-001	
3.19813845e+001	9.55330488e-001	
3.20232998e+001	9.55383739e-001	
3.20652152e+001	9.55409703e-001	
3.21071305e+001	9.55602014e-001	
3.21490458e+001	9.55765498e-001	
3.21909611e+001	9.55918686e-001	
3.22328764e+001	9.56072923e-001	
3.22747917e+001	9.56169210e-001	
3.23167070e+001	9.56180593e-001	
3.23586224e+001	9.56397469e-001	
3.24005377e+001	9.56715127e-001	
3.24424530e+001	9.56929238e-001	
3.24843683e+001	9.57099415e-001	
3.25262836e+001	9.57232219e-001	
3.25681989e+001	9.57317902e-001	
3.26101142e+001	9.57513803e-001	
3.26520296e+001	9.57946590e-001	
3.26939449e+001	9.58292449e-001	
3.27358602e+001	9.58433305e-001	
3.27777755e+001	9.58576131e-001	
3.28196908e+001	9.58877289e-001	
3.28616061e+001	9.59194864e-001	
3.29035214e+001	9.59409899e-001	
3.29454368e+001	9.59658453e-001	
3.29873521e+001	9.60005837e-001	
3.30292674e+001	9.60342893e-001	
3.30711827e+001	9.60737267e-001	
3.31130980e+001	9.61125114e-001	
3.31550133e+001	9.61481405e-001	
3.31969286e+001	9.61822129e-001	
3.32388440e+001	9.62090831e-001	
3.32807593e+001	9.62341717e-001	
3.33226746e+001	9.62907870e-001	
3.33645899e+001	9.63563160e-001	
3.34065052e+001	9.63986359e-001	
3.34484205e+001	9.64241100e-001	
3.34903358e+001	9.64557002e-001	
3.35322511e+001	9.65026224e-001	
3.35741665e+001	9.65551161e-001	
3.36160818e+001	9.66017010e-001	
3.36579971e+001	9.66559419e-001	
3.36999124e+001	9.67296974e-001	
3.37418277e+001	9.67897601e-001	
3.37837430e+001	9.68360477e-001	
3.38256583e+001	9.68850292e-001	
3.38675737e+001	9.69354720e-001	
3.39094890e+001	9.69854227e-001	
3.39514043e+001	9.70511073e-001	
3.39933196e+001	9.71210378e-001	
3.40352349e+001	9.71902168e-001	
3.40771502e+001	9.72599109e-001	
3.41190655e+001	9.73314318e-001	
3.41609809e+001	9.74042166e-001	
3.42028962e+001	9.74656416e-001	
3.42448115e+001	9.75254622e-001	
3.42867268e+001	9.76214775e-001	
3.43286421e+001	9.77334666e-001	
3.43705574e+001	9.78106658e-001	
3.44124727e+001	9.78648477e-001	
3.44543881e+001	9.79294840e-001	
3.44963034e+001	9.80115957e-001	
3.45382187e+001	9.81067573e-001	
3.45801340e+001	9.81852704e-001	
3.46220493e+001	9.82755644e-001	
3.46639646e+001	9.84064076e-001	
3.47058799e+001	9.85061145e-001	
3.47477953e+001	9.85701151e-001	
3.47897106e+001	9.86373577e-001	
3.48316259e+001	9.87027924e-001	
3.48735412e+001	9.87565306e-001	
3.49154565e+001	9.88330593e-001	
3.49573718e+001	9.89250925e-001	
3.49992871e+001	9.90034971e-001	
3.50412024e+001	9.90861963e-001	
3.50831178e+001	9.91514536e-001	
3.51250331e+001	9.92119844e-001	
3.51669484e+001	9.92235161e-001	
3.52088637e+001	9.92320745e-001	
3.52507790e+001	9.92087190e-001	
3.52926943e+001	9.91915833e-001	
3.53346096e+001	9.91868559e-001	
3.53765250e+001	9.91837846e-001	
3.54184403e+001	9.91560713e-001	
3.54603556e+001	9.90965995e-001	
3.55022709e+001	9.89386347e-001	
3.55441862e+001	9.87568256e-001	
3.55861015e+001	9.85884826e-001	
3.56280168e+001	9.84182166e-001	
3.56699322e+001	9.82201341e-001	
3.57118475e+001	9.79725025e-001	
3.57537628e+001	9.76772756e-001	
3.57956781e+001	9.73574935e-001	
3.58375934e+001	9.70326486e-001	
3.58795087e+001	9.65977595e-001	
3.59214240e+001	9.61510375e-001	
3.59633394e+001	9.57482336e-001	
3.60052547e+001	9.53724932e-001	
3.60471700e+001	9.49942995e-001	
3.60890853e+001	9.45943618e-001	
3.61310006e+001	9.40812048e-001	
3.61729159e+001	9.36108870e-001	
3.62148312e+001	9.31561425e-001	
3.62567466e+001	9.26698700e-001	
3.62986619e+001	9.22247058e-001	
3.63405772e+001	9.18208333e-001	
3.63824925e+001	9.14141797e-001	
3.64244078e+001	9.09985993e-001	
3.64663231e+001	9.06108696e-001	
3.65082384e+001	9.02402060e-001	
3.65501538e+001	8.99025031e-001	
3.65920691e+001	8.96318102e-001	
3.66339844e+001	8.93527018e-001	
3.66758997e+001	8.89921297e-001	
3.67178150e+001	8.87472729e-001	
3.67597303e+001	8.86212642e-001	
3.68016456e+001	8.84942252e-001	
3.68435609e+001	8.83811502e-001	
3.68854763e+001	8.83016710e-001	
3.69273916e+001	8.83104962e-001	
3.69693069e+001	8.83320061e-001	
3.70112222e+001	8.82764745e-001	
3.70531375e+001	8.82813434e-001	
3.70950528e+001	8.84328386e-001	
3.71369681e+001	8.86045277e-001	
3.71788835e+001	8.88249087e-001	
3.72207988e+001	8.90403857e-001	
3.72627141e+001	8.93513935e-001	
3.73046294e+001	8.96548301e-001	
3.73465447e+001	9.00254656e-001	
3.73884600e+001	9.03354219e-001	
3.74303753e+001	9.07851509e-001	
3.74722907e+001	9.12162215e-001	
3.75142060e+001	9.15947570e-001	
3.75561213e+001	9.19806996e-001	
3.75980366e+001	9.23724942e-001	
3.76399519e+001	9.27625725e-001	
3.76818672e+001	9.32157479e-001	
3.77237825e+001	9.36478155e-001	
3.77656979e+001	9.40540972e-001	
3.78076132e+001	9.44645009e-001	
3.78495285e+001	9.48645493e-001	
3.78914438e+001	9.51946351e-001	
3.79333591e+001	9.55507943e-001	
3.79752744e+001	9.59288055e-001	
3.80171897e+001	9.62615118e-001	
3.80591051e+001	9.65340413e-001	
3.81010204e+001	9.68005974e-001	
3.81429357e+001	9.70442889e-001	
3.81848510e+001	9.73087439e-001	
3.82267663e+001	9.75455282e-001	
3.82686816e+001	9.77839985e-001	
3.83105969e+001	9.79885295e-001	
3.83525123e+001	9.81921896e-001	
3.83944276e+001	9.83711459e-001	
3.84363429e+001	9.85482560e-001	
3.84782582e+001	9.87097424e-001	
3.85201735e+001	9.88653847e-001	
3.85620888e+001	9.90107508e-001	
3.86040041e+001	9.91499166e-001	
3.86459194e+001	9.92606274e-001	
3.86878348e+001	9.93727727e-001	
3.87297501e+001	9.95061215e-001	
3.87716654e+001	9.96458380e-001	
3.88135807e+001	9.97558093e-001	
3.88554960e+001	9.98515791e-001	
3.88974113e+001	9.99405431e-001	
3.89393266e+001	1.00028399e+000	
3.89812420e+001	1.00123917e+000	
3.90231573e+001	1.00220347e+000	
3.90650726e+001	1.00306356e+000	
3.91069879e+001	1.00376256e+000	
3.91489032e+001	1.00452008e+000	
3.91908185e+001	1.00529467e+000	
3.92327338e+001	1.00603498e+000	
3.92746492e+001	1.00680744e+000	
3.93165645e+001	1.00756741e+000	
3.93584798e+001	1.00817288e+000	
3.94003951e+001	1.00884018e+000	
3.94423104e+001	1.00952116e+000	
3.94842257e+001	1.01015118e+000	
3.95261410e+001	1.01072938e+000	
3.95680564e+001	1.01129871e+000	
3.96099717e+001	1.01195685e+000	
3.96518870e+001	1.01253634e+000	
3.96938023e+001	1.01310226e+000	
3.97357176e+001	1.01367207e+000	
3.97776329e+001	1.01425927e+000	
3.98195482e+001	1.01482937e+000	
3.98614636e+001	1.01543858e+000	
3.99033789e+001	1.01603090e+000	
3.99452942e+001	1.01652008e+000	
3.99872095e+001	1.01697094e+000	
4.00291248e+001	1.01748865e+000	
4.00710401e+001	1.01804910e+000	
4.01129554e+001	1.01861408e+000	
4.01548707e+001	1.01912330e+000	
4.01967861e+001	1.01959295e+000	
4.02387014e+001	1.02010041e+000	
4.02806167e+001	1.02063680e+000	
4.03225320e+001	1.02115871e+000	
4.03644473e+001	1.02169425e+000	
4.04063626e+001	1.02220219e+000	
4.04482779e+001	1.02269126e+000	
4.04901933e+001	1.02317546e+000	
4.05321086e+001	1.02366665e+000	
4.05740239e+001	1.02417798e+000	
4.06159392e+001	1.02464348e+000	
4.06578545e+001	1.02510505e+000	
4.06997698e+001	1.02556698e+000	
4.07416851e+001	1.02605730e+000	
4.07836005e+001	1.02656201e+000	
4.08255158e+001	1.02706541e+000	
4.08674311e+001	1.02755048e+000	
4.09093464e+001	1.02800866e+000	
4.09512617e+001	1.02845462e+000	
4.09931770e+001	1.02892553e+000	
4.10350923e+001	1.02941310e+000	
4.10770077e+001	1.02991055e+000	
4.11189230e+001	1.03034288e+000	
4.11608383e+001	1.03076223e+000	
4.12027536e+001	1.03118875e+000	
4.12446689e+001	1.03164011e+000	
4.12865842e+001	1.03209725e+000	
4.13284995e+001	1.03256344e+000	
4.13704149e+001	1.03302156e+000	
4.14123302e+001	1.03346196e+000	
4.14542455e+001	1.03386846e+000	
4.14961608e+001	1.03428591e+000	
4.15380761e+001	1.03475984e+000	
4.15799914e+001	1.03524134e+000	
4.16219067e+001	1.03566899e+000	
4.16638221e+001	1.03605306e+000	
4.17057374e+001	1.03644120e+000	
4.17476527e+001	1.03683450e+000	
4.17895680e+001	1.03731575e+000	
4.18314833e+001	1.03780807e+000	
4.18733986e+001	1.03823023e+000	
4.19153139e+001	1.03858246e+000	
4.19572292e+001	1.03894424e+000	
4.19991446e+001	1.03932735e+000	
4.20410599e+001	1.03975695e+000	
4.20829752e+001	1.04020922e+000	
4.21248905e+001	1.04062985e+000	
4.21668058e+001	1.04100383e+000	
4.22087211e+001	1.04138992e+000	
4.22506364e+001	1.04181315e+000	
4.22925518e+001	1.04222592e+000	
4.23344671e+001	1.04256730e+000	
4.23763824e+001	1.04290290e+000	
4.24182977e+001	1.04325306e+000	
4.24602130e+001	1.04361138e+000	
4.25021283e+001	1.04410030e+000	
4.25440436e+001	1.04455794e+000	
4.25859590e+001	1.04495492e+000	
4.26278743e+001	1.04531206e+000	
4.26697896e+001	1.04559305e+000	
4.27117049e+001	1.04586077e+000	
4.27536202e+001	1.04627994e+000	
4.27955355e+001	1.04670603e+000	
4.28374508e+001	1.04705567e+000	
4.28793662e+001	1.04734958e+000	
4.29212815e+001	1.04765931e+000	
4.29631968e+001	1.04798755e+000	
4.30051121e+001	1.04838617e+000	
4.30470274e+001	1.04881186e+000	
4.30889427e+001	1.04915870e+000	
4.31308580e+001	1.04943200e+000	
4.31727734e+001	1.04971073e+000	
4.32146887e+001	1.05001146e+000	
4.32566040e+001	1.05035846e+000	
4.32985193e+001	1.05076181e+000	
4.33404346e+001	1.05111811e+000	
4.33823499e+001	1.05136807e+000	
4.34242652e+001	1.05163371e+000	
4.34661806e+001	1.05194973e+000	
4.35080959e+001	1.05227872e+000	
4.35500112e+001	1.05262926e+000	
4.35919265e+001	1.05297576e+000	
4.36338418e+001	1.05326403e+000	
4.36757571e+001	1.05353649e+000	
4.37176724e+001	1.05386657e+000	
4.37595877e+001	1.05418680e+000	
4.38015031e+001	1.05444600e+000	
4.38434184e+001	1.05466563e+000	
4.38853337e+001	1.05491762e+000	
4.39272490e+001	1.05518484e+000	
4.39691643e+001	1.05550024e+000	
4.40110796e+001	1.05583484e+000	
4.40529949e+001	1.05610779e+000	
4.40949103e+001	1.05635649e+000	
4.41368256e+001	1.05663157e+000	
4.41787409e+001	1.05693400e+000	
4.42206562e+001	1.05720126e+000	
4.42625715e+001	1.05741588e+000	
4.43044868e+001	1.05765069e+000	
4.43464021e+001	1.05791392e+000	
4.43883175e+001	1.05816425e+000	
4.44302328e+001	1.05840740e+000	
4.44721481e+001	1.05866604e+000	
4.45140634e+001	1.05886471e+000	
4.45559787e+001	1.05908717e+000	
4.45978940e+001	1.05928468e+000	
4.46398093e+001	1.05948730e+000	
4.46817247e+001	1.05980075e+000	
4.47236400e+001	1.06010681e+000	
4.47655553e+001	1.06034787e+000	
4.48074706e+001	1.06055471e+000	
4.48493859e+001	1.06069973e+000	
4.48913012e+001	1.06083362e+000	
4.49332165e+001	1.06106178e+000	
4.49751319e+001	1.06130051e+000	
4.50170472e+001	1.06149148e+000	
4.50589625e+001	1.06167299e+000	
4.51008778e+001	1.06185234e+000	
4.51427931e+001	1.06202359e+000	
4.51847084e+001	1.06225671e+000	
4.52266237e+001	1.06253930e+000	
4.52685390e+001	1.06276816e+000	
4.53104544e+001	1.06296472e+000	
4.53523697e+001	1.06310899e+000	
4.53942850e+001	1.06320705e+000	
4.54362003e+001	1.06337154e+000	
4.54781156e+001	1.06360149e+000	
4.55200309e+001	1.06380252e+000	
4.55619462e+001	1.06397527e+000	
4.56038616e+001	1.06414534e+000	
4.56457769e+001	1.06422126e+000	
4.56876922e+001	1.06432386e+000	
4.57296075e+001	1.06452243e+000	
4.57715228e+001	1.06473330e+000	
4.58134381e+001	1.06478708e+000	
4.58553534e+001	1.06483456e+000	
4.58972688e+001	1.06490254e+000	
4.59391841e+001	1.06498347e+000	
4.59810994e+001	1.06510929e+000	
4.60230147e+001	1.06526060e+000	
4.60649300e+001	1.06528497e+000	
4.61068453e+001	1.06530128e+000	
4.61487606e+001	1.06532317e+000	
4.61906760e+001	1.06534723e+000	
4.62325913e+001	1.06532798e+000	
4.62745066e+001	1.06525425e+000	
4.63164219e+001	1.06517870e+000	
4.63583372e+001	1.06511803e+000	
4.64002525e+001	1.06504491e+000	
4.64421678e+001	1.06487207e+000	
4.64840832e+001	1.06476412e+000	
4.65259985e+001	1.06472337e+000	
4.65679138e+001	1.06468430e+000	
4.66098291e+001	1.06451954e+000	
4.66517444e+001	1.06433137e+000	
4.66936597e+001	1.06426367e+000	
4.67355750e+001	1.06420760e+000	
4.67774904e+001	1.06404115e+000	
4.68194057e+001	1.06388861e+000	
4.68613210e+001	1.06376021e+000	
4.69032363e+001	1.06363410e+000	
4.69451516e+001	1.06362311e+000	
4.69870669e+001	1.06363382e+000	
4.70289822e+001	1.06354419e+000	
4.70708975e+001	1.06341535e+000	
4.71128129e+001	1.06339701e+000	
4.71547282e+001	1.06343183e+000	
4.71966435e+001	1.06355304e+000	
4.72385588e+001	1.06366560e+000	
4.72804741e+001	1.06370267e+000	
4.73223894e+001	1.06371183e+000	
4.73643047e+001	1.06379772e+000	
4.74062201e+001	1.06392575e+000	
4.74481354e+001	1.06400431e+000	
4.74900507e+001	1.06408071e+000	
4.75319660e+001	1.06418034e+000	
4.75738813e+001	1.06432720e+000	
4.76157966e+001	1.06443725e+000	
4.76577119e+001	1.06451999e+000	
4.76996273e+001	1.06464142e+000	
4.77415426e+001	1.06476761e+000	
4.77834579e+001	1.06491782e+000	
4.78253732e+001	1.06496938e+000	
4.78672885e+001	1.06504255e+000	
4.79092038e+001	1.06517250e+000	
4.79511191e+001	1.06528188e+000	
4.79930345e+001	1.06528815e+000	
4.80349498e+001	1.06530130e+000	
4.80768651e+001	1.06533221e+000	
4.81187804e+001	1.06536503e+000	
4.81606957e+001	1.06530690e+000	
4.82026110e+001	1.06523581e+000	
4.82445263e+001	1.06517315e+000	
4.82864417e+001	1.06512019e+000	
4.83283570e+001	1.06500872e+000	
4.83702723e+001	1.06486514e+000	
4.84121876e+001	1.06477509e+000	
4.84541029e+001	1.06472540e+000	
4.84960182e+001	1.06465232e+000	
4.85379335e+001	1.06448365e+000	
4.85798489e+001	1.06430581e+000	
4.86217642e+001	1.06419409e+000	
4.86636795e+001	1.06406201e+000	
4.87055948e+001	1.06387513e+000	
4.87475101e+001	1.06369501e+000	
4.87894254e+001	1.06355288e+000	
4.88313407e+001	1.06338153e+000	
4.88732560e+001	1.06317331e+000	
4.89151714e+001	1.06296089e+000	
4.89570867e+001	1.06280236e+000	
4.89990020e+001	1.06262313e+000	
4.90409173e+001	1.06241558e+000	
4.90828326e+001	1.06219678e+000	
4.91247479e+001	1.06203499e+000	
4.91666632e+001	1.06186016e+000	
4.92085786e+001	1.06164571e+000	
4.92504939e+001	1.06141699e+000	
4.92924092e+001	1.06119641e+000	
4.93343245e+001	1.06098318e+000	
4.93762398e+001	1.06073825e+000	
4.94181551e+001	1.06049491e+000	
4.94600704e+001	1.06029225e+000	
4.95019858e+001	1.06009800e+000	
4.95439011e+001	1.05989722e+000	
4.95858164e+001	1.05970896e+000	
4.96277317e+001	1.05947844e+000	
4.96696470e+001	1.05916766e+000	
4.97115623e+001	1.05888640e+000	
4.97534776e+001	1.05868715e+000	
4.97953930e+001	1.05850424e+000	
4.98373083e+001	1.05833119e+000	
4.98792236e+001	1.05811205e+000	
4.99211389e+001	1.05780362e+000	
4.99630542e+001	1.05749691e+000	
5.00049695e+001	1.05723874e+000	
5.00468848e+001	1.05702749e+000	
5.00888002e+001	1.05677784e+000	
5.01307155e+001	1.05649733e+000	
5.01726308e+001	1.05622551e+000	
5.02145461e+001	1.05597281e+000	
5.02564614e+001	1.05568511e+000	
5.02983767e+001	1.05540694e+000	
5.03402920e+001	1.05516342e+000	
5.03822073e+001	1.05490905e+000	
5.04241227e+001	1.05461031e+000	
5.04660380e+001	1.05431049e+000	
5.05079533e+001	1.05403183e+000	
5.05498686e+001	1.05375711e+000	
5.05917839e+001	1.05343726e+000	
5.06336992e+001	1.05306680e+000	
5.06756145e+001	1.05272914e+000	
5.07175299e+001	1.05242391e+000	
5.07594452e+001	1.05212661e+000	
5.08013605e+001	1.05186299e+000	
5.08432758e+001	1.05155686e+000	
5.08851911e+001	1.05112648e+000	
5.09271064e+001	1.05073595e+000	
5.09690217e+001	1.05051754e+000	
5.10109371e+001	1.05027669e+000	
5.10528524e+001	1.04995719e+000	
5.10947677e+001	1.04960321e+000	
5.11366830e+001	1.04926431e+000	
5.11785983e+001	1.04894042e+000	
5.12205136e+001	1.04859013e+000	
5.12624289e+001	1.04823912e+000	
5.13043443e+001	1.04791645e+000	
5.13462596e+001	1.04758746e+000	
5.13881749e+001	1.04721667e+000	
5.14300902e+001	1.04684866e+000	
5.14720055e+001	1.04646660e+000	
5.15139208e+001	1.04609190e+000	
5.15558361e+001	1.04569239e+000	
5.15977515e+001	1.04528583e+000	
5.16396668e+001	1.04492242e+000	
5.16815821e+001	1.04458788e+000	
5.17234974e+001	1.04426331e+000	
5.17654127e+001	1.04389764e+000	
5.18073280e+001	1.04353574e+000	
5.18492433e+001	1.04316554e+000	
5.18911587e+001	1.04277528e+000	
5.19330740e+001	1.04238415e+000	
5.19749893e+001	1.04199279e+000	
5.20169046e+001	1.04161805e+000	
5.20588199e+001	1.04121793e+000	
5.21007352e+001	1.04081309e+000	
5.21426505e+001	1.04039779e+000	
5.21845658e+001	1.03996414e+000	
5.22264812e+001	1.03952629e+000	
5.22683965e+001	1.03910460e+000	
5.23103118e+001	1.03868423e+000	
5.23522271e+001	1.03831734e+000	
5.23941424e+001	1.03794340e+000	
5.24360577e+001	1.03753811e+000	
5.24779730e+001	1.03712366e+000	
5.25198884e+001	1.03667595e+000	
5.25618037e+001	1.03622479e+000	
5.26037190e+001	1.03579913e+000	
5.26456343e+001	1.03538873e+000	
5.26875496e+001	1.03498285e+000	
5.27294649e+001	1.03456899e+000	
5.27713802e+001	1.03410571e+000	
5.28132956e+001	1.03357739e+000	
5.28552109e+001	1.03311935e+000	
5.28971262e+001	1.03270753e+000	
5.29390415e+001	1.03230460e+000	
5.29809568e+001	1.03189621e+000	
5.30228721e+001	1.03148016e+000	
5.30647874e+001	1.03102595e+000	
5.31067028e+001	1.03055061e+000	
5.31486181e+001	1.03011687e+000	
5.31905334e+001	1.02967138e+000	
5.32324487e+001	1.02920786e+000	
5.32743640e+001	1.02871932e+000	
5.33162793e+001	1.02825176e+000	
5.33581946e+001	1.02779585e+000	
5.34001100e+001	1.02733955e+000	
5.34420253e+001	1.02686574e+000	
5.34839406e+001	1.02633836e+000	
5.35258559e+001	1.02582089e+000	
5.35677712e+001	1.02533221e+000	
5.36096865e+001	1.02486777e+000	
5.36516018e+001	1.02440678e+000	
5.36935172e+001	1.02392775e+000	
5.37354325e+001	1.02341505e+000	
5.37773478e+001	1.02289582e+000	
5.38192631e+001	1.02242086e+000	
5.38611784e+001	1.02191384e+000	
5.39030937e+001	1.02139806e+000	
5.39450090e+001	1.02094943e+000	
5.39869243e+001	1.02044546e+000	
5.40288397e+001	1.01991519e+000	
5.40707550e+001	1.01936925e+000	
5.41126703e+001	1.01881880e+000	
5.41545856e+001	1.01829325e+000	
5.41965009e+001	1.01780106e+000	
5.42384162e+001	1.01725987e+000	
5.42803315e+001	1.01677320e+000	
5.43222469e+001	1.01627893e+000	
5.43641622e+001	1.01568884e+000	
5.44060775e+001	1.01508917e+000	
5.44479928e+001	1.01452373e+000	
5.44899081e+001	1.01398675e+000	
5.45318234e+001	1.01341123e+000	
5.45737387e+001	1.01280108e+000	
5.46156541e+001	1.01221069e+000	
5.46575694e+001	1.01167130e+000	
5.46994847e+001	1.01105517e+000	
5.47414000e+001	1.01036117e+000	
5.47833153e+001	1.00970034e+000	
5.48252306e+001	1.00911624e+000	
5.48671459e+001	1.00847837e+000	
5.49090613e+001	1.00777225e+000	
5.49509766e+001	1.00705119e+000	
5.49928919e+001	1.00644785e+000	
5.50348072e+001	1.00573593e+000	
5.50767225e+001	1.00482374e+000	
5.51186378e+001	1.00393224e+000	
5.51605531e+001	1.00322461e+000	
5.52024685e+001	1.00250244e+000	
5.52443838e+001	1.00164780e+000	
5.52862991e+001	1.00079060e+000	
5.53282144e+001	9.99908809e-001	
5.53701297e+001	9.98890014e-001	
5.54120450e+001	9.97708645e-001	
5.54539603e+001	9.96544232e-001	
5.54958756e+001	9.95533323e-001	
5.55377910e+001	9.94558138e-001	
5.55797063e+001	9.93461579e-001	
5.56216216e+001	9.92261059e-001	
5.56635369e+001	9.90676491e-001	
5.57054522e+001	9.88971555e-001	
5.57473675e+001	9.87484025e-001	
5.57892828e+001	9.86146312e-001	
5.58311982e+001	9.84500393e-001	
5.58731135e+001	9.82667973e-001	
5.59150288e+001	9.80642176e-001	
5.59569441e+001	9.78380594e-001	
5.59988594e+001	9.76260163e-001	
5.60407747e+001	9.73944398e-001	
5.60826900e+001	9.71580211e-001	
5.61246054e+001	9.69283807e-001	
5.61665207e+001	9.66526016e-001	
5.62084360e+001	9.63347409e-001	
5.62503513e+001	9.60315714e-001	
5.62922666e+001	9.56654060e-001	
5.63341819e+001	9.53080790e-001	
5.63760972e+001	9.49863483e-001	
5.64180126e+001	9.46524698e-001	
5.64599279e+001	9.42409427e-001	
5.65018432e+001	9.38650584e-001	
5.65437585e+001	9.34564753e-001	
5.65856738e+001	9.30102525e-001	
5.66275891e+001	9.25837033e-001	
5.66695044e+001	9.21640484e-001	
5.67114198e+001	9.17765968e-001	
5.67533351e+001	9.13500904e-001	
5.67952504e+001	9.09424219e-001	
5.68371657e+001	9.05487142e-001	
5.68790810e+001	9.02122546e-001	
5.69209963e+001	8.98520205e-001	
5.69629116e+001	8.95353918e-001	
5.70048270e+001	8.92656579e-001	
5.70467423e+001	8.90321243e-001	
5.70886576e+001	8.87979082e-001	
5.71305729e+001	8.85945609e-001	
5.71724882e+001	8.85002845e-001	
5.72144035e+001	8.83893891e-001	
5.72563188e+001	8.83208038e-001	
5.72982341e+001	8.82632746e-001	
5.73401495e+001	8.83301851e-001	
5.73820648e+001	8.83799811e-001	
5.74239801e+001	8.84340990e-001	
5.74658954e+001	8.85033771e-001	
5.75078107e+001	8.87836455e-001	
5.75497260e+001	8.90328950e-001	
5.75916413e+001	8.92265156e-001	
5.76335567e+001	8.94184010e-001	
5.76754720e+001	8.97570308e-001	
5.77173873e+001	9.00610906e-001	
5.77593026e+001	9.04389833e-001	
5.78012179e+001	9.08304701e-001	
5.78431332e+001	9.12183890e-001	
5.78850485e+001	9.16759650e-001	
5.79269639e+001	9.21148080e-001	
5.79688792e+001	9.24945523e-001	
5.80107945e+001	9.29424093e-001	
5.80527098e+001	9.34209705e-001	
5.80946251e+001	9.38543062e-001	
5.81365404e+001	9.43336260e-001	
5.81784557e+001	9.48243104e-001	
5.82203711e+001	9.52231544e-001	
5.82622864e+001	9.56291526e-001	
5.83042017e+001	9.60417819e-001	
5.83461170e+001	9.64202666e-001	
5.83880323e+001	9.68001930e-001	
5.84299476e+001	9.72097005e-001	
5.84718629e+001	9.75120818e-001	
5.85137783e+001	9.78111945e-001	
5.85556936e+001	9.80807005e-001	
5.85976089e+001	9.83833595e-001	
5.86395242e+001	9.85485052e-001	
5.86814395e+001	9.87173067e-001	
5.87233548e+001	9.88722904e-001	
5.87652701e+001	9.90583254e-001	
5.88071855e+001	9.91260039e-001	
5.88491008e+001	9.91995715e-001	
5.88910161e+001	9.92172873e-001	
5.89329314e+001	9.92321782e-001	
5.89748467e+001	9.92663162e-001	
5.90167620e+001	9.92974331e-001	
5.90586773e+001	9.92621376e-001	
5.91005926e+001	9.91848715e-001	
5.91425080e+001	9.91217107e-001	
5.91844233e+001	9.91111279e-001	
5.92263386e+001	9.90570358e-001	
5.92682539e+001	9.89521720e-001	
5.93101692e+001	9.88821288e-001	
5.93520845e+001	9.88419009e-001	
5.93939998e+001	9.87824226e-001	
5.94359152e+001	9.86988094e-001	
5.94778305e+001	9.86090379e-001	
5.95197458e+001	9.85044512e-001	
5.95616611e+001	9.84100021e-001	
5.96035764e+001	9.83296146e-001	
5.96454917e+001	9.82437035e-001	
5.96874070e+001	9.81546298e-001	
5.97293224e+001	9.80733556e-001	
5.97712377e+001	9.79872104e-001	
5.98131530e+001	9.78971522e-001	
5.98550683e+001	9.78321756e-001	
5.98969836e+001	9.77617973e-001	
5.99388989e+001	9.76739809e-001	
5.99808142e+001	9.75751552e-001	
6.00227296e+001	9.75083244e-001	
6.00646449e+001	9.74513440e-001	
6.01065602e+001	9.73717712e-001	
6.01484755e+001	9.72791162e-001	
6.01903908e+001	9.72101664e-001	
6.02323061e+001	9.71590707e-001	
6.02742214e+001	9.70991395e-001	
6.03161368e+001	9.70302980e-001	
6.03580521e+001	9.69629653e-001	
6.03999674e+001	9.69171066e-001	
6.04418827e+001	9.68673683e-001	
6.04837980e+001	9.67905194e-001	
6.05257133e+001	9.67241521e-001	
6.05676286e+001	9.66748237e-001	
6.06095439e+001	9.66234053e-001	
6.06514593e+001	9.65812256e-001	
6.06933746e+001	9.65435123e-001	
6.07352899e+001	9.65024268e-001	
6.07772052e+001	9.64577623e-001	
6.08191205e+001	9.63962633e-001	
6.08610358e+001	9.63370993e-001	
6.09029511e+001	9.63006716e-001	
6.09448665e+001	9.62708166e-001	
6.09867818e+001	9.62312653e-001	
6.10286971e+001	9.61893014e-001	
6.10706124e+001	9.61537302e-001	
6.11125277e+001	9.61273947e-001	
6.11544430e+001	9.60899669e-001	
6.11963583e+001	9.60447846e-001	
6.12382737e+001	9.60126648e-001	
6.12801890e+001	9.59957983e-001	
6.13221043e+001	9.59704980e-001	
6.13640196e+001	9.59406140e-001	
6.14059349e+001	9.59091009e-001	
6.14478502e+001	9.58747847e-001	
6.14897655e+001	9.58420638e-001	
6.15316809e+001	9.58139016e-001	
6.15735962e+001	9.57911936e-001	
6.16155115e+001	9.57786156e-001	
6.16574268e+001	9.57612125e-001	
6.16993421e+001	9.57421623e-001	
6.17412574e+001	9.57217786e-001	
6.17831727e+001	9.56921417e-001	
6.18250881e+001	9.56629870e-001	
6.18670034e+001	9.56432594e-001	
6.19089187e+001	9.56249343e-001	
6.19508340e+001	9.56181002e-001	
6.19927493e+001	9.56116058e-001	
6.20346646e+001	9.56008026e-001	
6.20765799e+001	9.55862272e-001	
6.21184953e+001	9.55672371e-001	
6.21604106e+001	9.55452374e-001	
6.22023259e+001	9.55361715e-001	
6.22442412e+001	9.55361587e-001	
6.22861565e+001	9.55275907e-001	
6.23280718e+001	9.55109715e-001	
6.23699871e+001	9.55022706e-001	
6.24119024e+001	9.55029717e-001	
6.24538178e+001	9.54955006e-001	
6.24957331e+001	9.54784485e-001	
6.25376484e+001	9.54668843e-001	
6.25795637e+001	9.54760149e-001	
6.26214790e+001	9.54790804e-001	
6.26633943e+001	9.54725830e-001	
6.27053096e+001	9.54657515e-001	
6.27472250e+001	9.54592277e-001	
6.27891403e+001	9.54510818e-001	
6.28310556e+001	9.54600319e-001	
