   0.000000000000E+000   0.000000000000E+000   1.579702272838E-001   6.390758906961E-004   3.333333333330E-004   4.232075865652E-001   4.232076052245E-001   4.232075870084E-001   2.182652345600E+001   1.862113382837E-001   2.164031212164E+001   0.000000000000E+000   0.000000000000E+000   7.242538387838E-001   7.242538429620E-001   7.242538444637E-001   7.242538376735E+000   1.086380766696E-001  -7.351176424525E+000   0.000000000000E+000   0.000000000000E+000
   0.000000000000E+000   0.000000000000E+000   3.025248351790E-001   1.238470768723E-003   6.666666666660E-004   5.855710056115E-001   5.855710202959E-001   5.855710396121E-001   2.130882954539E+001   2.576512574293E-001   2.105117830287E+001   0.000000000000E+000   0.000000000000E+000   1.002425617712E+000   1.002425609632E+000   1.002425626871E+000   1.002425611333E+001   1.503638440306E-001  -1.017461991800E+001   0.000000000000E+000   0.000000000000E+000
   0.000000000000E+000   0.000000000000E+000   3.565167594672E-001   1.489808640353E-003   9.999999999990E-004   6.361991792930E-001   6.361991805073E-001   6.361991735613E-001   2.045508266291E+001   2.799276363670E-001   2.017515499493E+001   0.000000000000E+000   0.000000000000E+000   1.087296530897E+000   1.087296494541E+000   1.087296597146E+000   1.087296508291E+001   1.630944895718E-001  -1.103605953379E+001   0.000000000000E+000   0.000000000000E+000
   0.000000000000E+000   0.000000000000E+000   3.544363984555E-001   1.527576094961E-003   1.333333333332E-003   6.351187895870E-001   6.351187428710E-001   6.351187258541E-001   1.927874700368E+001   2.794522393758E-001   1.899929471690E+001   0.000000000000E+000   0.000000000000E+000   1.082749489829E+000   1.082749434442E+000   1.082749408791E+000   1.082749524254E+001   1.624124113186E-001  -1.098990777270E+001   0.000000000000E+000   0.000000000000E+000
   0.000000000000E+000   0.000000000000E+000   3.228310534040E-001   1.455208319761E-003   1.666666666665E-003   6.070731237063E-001   6.070731143498E-001   6.070731035152E-001   1.779837382243E+001   2.671121655467E-001   1.753126170057E+001   0.000000000000E+000   0.000000000000E+000   1.031701716442E+000   1.031701696446E+000   1.031701724129E+000   1.031701716014E+001   1.547552586194E-001  -1.047177244310E+001   0.000000000000E+000   0.000000000000E+000
   0.000000000000E+000   0.000000000000E+000   2.762355158217E-001   1.326969981421E-003   1.999999999998E-003   5.626700462128E-001   5.626701317188E-001   5.626700483301E-001   1.603730978873E+001   2.475748212653E-001   1.578973490323E+001   0.000000000000E+000   0.000000000000E+000   9.523734498857E-001   9.523734425957E-001   9.523734190819E-001   9.523734389424E+000   1.428560128623E-001  -9.666590341699E+000   0.000000000000E+000   0.000000000000E+000
   0.000000000000E+000   0.000000000000E+000   2.228551970084E-001   1.173791044354E-003   2.333333333331E-003   5.066527672651E-001   5.066526639911E-001   5.066525957331E-001   1.402332767960E+001   2.229271421226E-001   1.380040049463E+001   0.000000000000E+000   0.000000000000E+000   8.531694331061E-001   8.531694724901E-001   8.531694948607E-001   8.531694025058E+000   1.279754242291E-001  -8.659669025838E+000   0.000000000000E+000   0.000000000000E+000
   0.000000000000E+000   0.000000000000E+000   1.681811835278E-001   1.013577551948E-003   2.666666666664E-003   4.416803682327E-001   4.416803158211E-001   4.416802812223E-001   1.178818945376E+001   1.943393237378E-001   1.159385013159E+001   0.000000000000E+000   0.000000000000E+000   7.383971463444E-001   7.383971248058E-001   7.383970806488E-001   7.383971599469E+000   1.107595620973E-001  -7.494731287908E+000   0.000000000000E+000   0.000000000000E+000
   0.000000000000E+000   0.000000000000E+000   1.164915677524E-001   8.602321000193E-004   2.999999999997E-003   3.694000514553E-001   3.694001179554E-001   3.694001532189E-001   9.367144444339E+000   1.625360674163E-001   9.204608366175E+000   0.000000000000E+000   0.000000000000E+000   6.112722740913E-001   6.112722489991E-001   6.112722032970E-001   6.112722751878E+000   9.169083049454E-002  -6.204413546970E+000   0.000000000000E+000   0.000000000000E+000
   0.000000000000E+000   0.000000000000E+000   7.128401491982E-002   7.234389659386E-004   3.333333333330E-003   2.911763777221E-001   2.911763967232E-001   2.911764827224E-001   6.798373949881E+000   1.281176523979E-001   6.670256267454E+000   0.000000000000E+000   0.000000000000E+000   4.741243471232E-001   4.741243043226E-001   4.741242722025E-001   4.741243864670E+000   7.111864083038E-002  -4.812362900622E+000   0.000000000000E+000   0.000000000000E+000
   0.000000000000E+000   0.000000000000E+000   3.550951723308E-002   6.113888607972E-004   3.666666666663E-003   2.082443463356E-001   2.082444477433E-001   2.082444788546E-001   4.122389046446E+000   9.162757069600E-002   4.030761418220E+000   0.000000000000E+000   0.000000000000E+000   3.295139719369E-001   3.295139897496E-001   3.295141746210E-001   3.295139737111E+000   4.942712619315E-002  -3.344566901537E+000   0.000000000000E+000   0.000000000000E+000
   0.000000000000E+000   0.000000000000E+000   1.142760852876E-002   5.298167511638E-004   3.999999999996E-003   1.218161042966E-001   1.218160256214E-001   1.218159272729E-001   1.381391351449E+000   5.359900800007E-002   1.327792335269E+000   0.000000000000E+000   0.000000000000E+000   1.796919954333E-001   1.796920344967E-001   1.796920184890E-001   1.796919745376E+000   2.695380277335E-002  -1.823873290899E+000   0.000000000000E+000   0.000000000000E+000
   0.000000000000E+000   0.000000000000E+000   6.090589306911E-004   4.838705607213E-004   4.333333333329E-003   3.351937298203E-002   3.351941304082E-002   3.351944638536E-002  -1.381391405785E+000   1.474855640956E-002  -1.396139967001E+000   0.000000000000E+000   0.000000000000E+000   2.685902886123E-002   2.685903802730E-002   2.685913193942E-002   2.685902186384E-001   4.028869790913E-003  -2.726191049035E-001   0.000000000000E+000   0.000000000000E+000
   0.000000000000E+000   0.000000000000E+000   3.741605661842E-003   4.756801301352E-004   4.666666666662E-003  -5.542283372063E-002  -5.542271538779E-002  -5.542254114978E-002  -4.122388813462E+000  -2.438591810590E-002  -4.098002937587E+000   0.000000000000E+000   0.000000000000E+000  -1.262573835768E-001  -1.262574015819E-001  -1.262574378352E-001  -1.262573721386E+000  -1.893861567528E-002   1.281512212551E+000   0.000000000000E+000   0.000000000000E+000
   0.000000000000E+000   0.000000000000E+000   2.063199050940E-002   5.076504276273E-004   4.999999999995E-003  -1.434417188614E-001  -1.434417190505E-001  -1.434417080664E-001  -6.798373874620E+000  -6.311435154919E-002  -6.735259522864E+000   0.000000000000E+000   0.000000000000E+000  -2.774383770441E-001  -2.774383652437E-001  -2.774382393298E-001  -2.774383812508E+000  -4.161573589947E-002   2.815999567999E+000   0.000000000000E+000   0.000000000000E+000
   0.000000000000E+000   0.000000000000E+000   5.020323471860E-002   5.793546880949E-004   5.333333333328E-003  -2.290926700127E-001  -2.290927263195E-001  -2.290928047776E-001  -9.367144491362E+000  -1.008008341022E-001  -9.266343633241E+000   0.000000000000E+000   0.000000000000E+000  -4.242991838562E-001  -4.242991632450E-001  -4.242991771613E-001  -4.242992076211E+000  -6.364487657420E-002   4.306637173914E+000   0.000000000000E+000   0.000000000000E+000
   0.000000000000E+000   0.000000000000E+000   9.058041835455E-002   6.863807113780E-004   5.666666666661E-003  -3.109817359958E-001  -3.109817559533E-001  -3.109816922269E-001  -1.178818950390E+001  -1.368319445799E-001  -1.165135754012E+001   0.000000000000E+000   0.000000000000E+000  -5.645962260939E-001  -5.645963077429E-001  -5.645965402024E-001  -5.645961632109E+000  -8.468948103028E-002   5.730650676337E+000   0.000000000000E+000   0.000000000000E+000
   0.000000000000E+000   0.000000000000E+000   1.391941033695E-001   8.222004894732E-004   5.999999999994E-003  -3.879914630898E-001  -3.879914039838E-001  -3.879912860679E-001  -1.402332767965E+001  -1.707161658699E-001  -1.385261157487E+001   0.000000000000E+000   0.000000000000E+000  -6.957495267819E-001  -6.957495551436E-001  -6.957497853428E-001  -6.957495435314E+000  -1.043624678014E-001   7.061858109678E+000   0.000000000000E+000   0.000000000000E+000
   0.000000000000E+000   0.000000000000E+000   1.930341035277E-001   9.778188590148E-004   6.333333333327E-003  -4.588731656018E-001  -4.588730282290E-001  -4.588728912085E-001  -1.603730978113E+001  -2.019040721318E-001  -1.583540571290E+001   0.000000000000E+000   0.000000000000E+000  -8.160253490053E-001  -8.160253085524E-001  -8.160253215947E-001  -8.160253919627E+000  -1.224037982392E-001   8.282658109780E+000   0.000000000000E+000   0.000000000000E+000
   0.000000000000E+000   0.000000000000E+000   2.486130694158E-001   1.142260220311E-003   6.666666666660E-003  -5.222004708801E-001  -5.222004021899E-001  -5.222003351860E-001  -1.779837380894E+001  -2.297681474819E-001  -1.756860566784E+001   0.000000000000E+000   0.000000000000E+000  -9.236396271650E-001  -9.236396315178E-001  -9.236396075540E-001  -9.236396091885E+000  -1.385459411331E-001   9.374941795630E+000   0.000000000000E+000   0.000000000000E+000
   0.000000000000E+000   0.000000000000E+000   3.024488978665E-001   1.304584018680E-003   6.999999999993E-003  -5.773081060019E-001  -5.773081197404E-001  -5.773081093588E-001  -1.927874695162E+001  -2.540155681179E-001  -1.902473138793E+001   0.000000000000E+000   0.000000000000E+000  -1.016472318167E+000  -1.016472307467E+000  -1.016472315489E+000  -1.016472315379E+001  -1.524708473233E-001   1.031719393068E+001   0.000000000000E+000   0.000000000000E+000
   0.000000000000E+000   0.000000000000E+000   3.511936888131E-001   1.453538915930E-003   7.333333333326E-003  -6.232671303861E-001  -6.232672176414E-001  -6.232674605050E-001  -2.045508258750E+001  -2.742376826222E-001  -2.018084487634E+001   0.000000000000E+000   0.000000000000E+000  -1.093316016898E+000  -1.093316049626E+000  -1.093316146995E+000  -1.093316003705E+001  -1.639974220493E-001   1.109715748515E+001   0.000000000000E+000   0.000000000000E+000
   0.000000000000E+000   0.000000000000E+000   3.918721924805E-001   1.578373765604E-003   7.666666666659E-003  -6.594588166847E-001  -6.594588133670E-001  -6.594588085040E-001  -2.130882954315E+001  -2.901618757418E-001  -2.101866766669E+001   0.000000000000E+000   0.000000000000E+000  -1.153041315684E+000  -1.153041311663E+000  -1.153041307395E+000  -1.153041317922E+001  -1.729561961093E-001   1.170336939045E+001   0.000000000000E+000   0.000000000000E+000
   0.000000000000E+000   0.000000000000E+000   4.223417292508E-001   1.672368776785E-003   7.999999999992E-003  -6.860993860046E-001  -6.860994007308E-001  -6.860993962209E-001  -2.182652342844E+001  -3.018837343372E-001  -2.152463970050E+001   0.000000000000E+000   0.000000000000E+000  -1.194475494318E+000  -1.194475515432E+000  -1.194475499585E+000  -1.194475481090E+001  -1.791713249377E-001   1.212392610252E+001   0.000000000000E+000   0.000000000000E+000
   0.000000000000E+000   0.000000000000E+000   4.417017744891E-001   1.756796463714E-003   8.333333333325E-003  -7.057169573316E-001  -7.057169614354E-001  -7.057170328653E-001  -2.199999998334E+001  -3.105154944607E-001  -2.168948452181E+001   0.000000000000E+000   0.000000000000E+000  -1.214483871586E+000  -1.214483870724E+000  -1.214483897272E+000  -1.214483873992E+001  -1.821725845907E-001   1.232701134310E+001   0.000000000000E+000   0.000000000000E+000
   0.000000000000E+000   0.000000000000E+000   4.461754738092E-001   1.805489601238E-003   8.666666666658E-003  -7.103691309712E-001  -7.103691427218E-001  -7.103691516120E-001  -2.182652345540E+001  -3.125624267093E-001  -2.151396103101E+001   0.000000000000E+000   0.000000000000E+000  -1.218717647479E+000  -1.218717663619E+000  -1.218717602644E+000  -1.218717648579E+001  -1.828076403966E-001   1.236998412641E+001   0.000000000000E+000   0.000000000000E+000
   0.000000000000E+000   0.000000000000E+000   4.363220820183E-001   1.807578048800E-003   8.999999999991E-003  -7.034012007450E-001  -7.034011827104E-001  -7.034011888046E-001  -2.130882954850E+001  -3.094965230740E-001  -2.099933302855E+001   0.000000000000E+000   0.000000000000E+000  -1.203572424125E+000  -1.203572398376E+000  -1.203572424803E+000  -1.203572429013E+001  -1.805358637204E-001   1.221626010785E+001   0.000000000000E+000   0.000000000000E+000
   0.000000000000E+000   0.000000000000E+000   4.128612760731E-001   1.764908912792E-003   9.333333333324E-003  -6.851582127821E-001  -6.851582996799E-001  -6.851583182046E-001  -2.045508277709E+001  -3.014696600100E-001  -2.015361319018E+001   0.000000000000E+000   0.000000000000E+000  -1.169134032765E+000  -1.169133948279E+000  -1.169133856731E+000  -1.169134025159E+001  -1.753700785097E-001   1.186671032203E+001   0.000000000000E+000   0.000000000000E+000
   0.000000000000E+000   0.000000000000E+000   3.773676202318E-001   1.682918428533E-003   9.666666666657E-003  -6.560034126994E-001  -6.560035206599E-001  -6.560035890024E-001  -1.927874703353E+001  -2.886415791610E-001  -1.899010544807E+001   0.000000000000E+000   0.000000000000E+000  -1.116059260736E+000  -1.116059222600E+000  -1.116059235076E+000  -1.116059258040E+001  -1.674088852614E-001   1.132800137156E+001   0.000000000000E+000   0.000000000000E+000
   0.000000000000E+000   0.000000000000E+000   3.322676299424E-001   1.569537658758E-003   9.999999999990E-003  -6.167538395802E-001  -6.167538701935E-001  -6.167538974860E-001  -1.779837389417E+001  -2.713717148939E-001  -1.752700217874E+001   0.000000000000E+000   0.000000000000E+000  -1.045127738293E+000  -1.045127734664E+000  -1.045127742792E+000  -1.045127761346E+001  -1.567691614188E-001   1.060804690325E+001   0.000000000000E+000   0.000000000000E+000
   0.000000000000E+000   0.000000000000E+000   2.803635663875E-001   1.434037921664E-003   1.033333333332E-002  -5.677940329267E-001  -5.677939056495E-001  -5.677938440008E-001  -1.603730957293E+001  -2.498292913603E-001  -1.578748042723E+001   0.000000000000E+000   0.000000000000E+000  -9.578003974713E-001  -9.578004061415E-001  -9.578003972290E-001  -9.578003578702E+000  -1.436700595844E-001   9.721673511323E+000   0.000000000000E+000   0.000000000000E+000
   0.000000000000E+000   0.000000000000E+000   2.249440735589E-001   1.286437456861E-003   1.066666666666E-002  -5.101007767982E-001  -5.101009146509E-001  -5.101010688203E-001  -1.402332792894E+001  -2.244444702810E-001  -1.379888340316E+001   0.000000000000E+000   0.000000000000E+000  -8.552281961412E-001  -8.552281199582E-001  -8.552283345041E-001  -8.552281491833E+000  -1.282842501756E-001   8.680565732271E+000   0.000000000000E+000   0.000000000000E+000
   0.000000000000E+000   0.000000000000E+000   1.694761131544E-001   1.137345982585E-003   1.099999999999E-002  -4.444834011187E-001  -4.444833200583E-001  -4.444835341364E-001  -1.178818932616E+001  -1.955727550200E-001  -1.159261668561E+001   0.000000000000E+000   0.000000000000E+000  -7.392410686896E-001  -7.392410407297E-001  -7.392412425433E-001  -7.392410211065E+000  -1.108861863815E-001   7.503295969476E+000   0.000000000000E+000   0.000000000000E+000
   0.000000000000E+000   0.000000000000E+000   1.173999873353E-001   9.955781024978E-004   1.133333333332E-002  -3.720149491902E-001  -3.720149556163E-001  -3.720148716843E-001  -9.367144400762E+000  -1.636865435411E-001  -9.203457844459E+000   0.000000000000E+000   0.000000000000E+000  -6.115063008069E-001  -6.115063677568E-001  -6.115064425717E-001  -6.115062588283E+000  -9.172596638576E-002   6.206788243104E+000   0.000000000000E+000   0.000000000000E+000
   0.000000000000E+000   0.000000000000E+000   7.198047291392E-002   8.691673303340E-004   1.166666666665E-002  -2.938541211860E-001  -2.938539728977E-001  -2.938538873213E-001  -6.798373793520E+000  -1.292957104214E-001  -6.669078079159E+000   0.000000000000E+000   0.000000000000E+000  -4.741021108007E-001  -4.741020725666E-001  -4.741020428242E-001  -4.741021285819E+000  -7.111530642363E-002   4.812136604668E+000   0.000000000000E+000   0.000000000000E+000
   0.000000000000E+000   0.000000000000E+000   3.601471827903E-002   7.641811640074E-004   1.199999999999E-002  -2.110143271499E-001  -2.110144321213E-001  -2.110144323232E-001  -4.122388891138E+000  -9.284635022223E-002  -4.029542578089E+000   0.000000000000E+000   0.000000000000E+000  -3.293762142358E-001  -3.293762362645E-001  -3.293764709762E-001  -3.293762213235E+000  -4.940647064642E-002   3.343168772130E+000   0.000000000000E+000   0.000000000000E+000
   0.000000000000E+000   0.000000000000E+000   1.174985580453E-002   6.857487913430E-004   1.233333333332E-002  -1.248633911789E-001  -1.248633466099E-001  -1.248634558413E-001  -1.381391465898E+000  -5.493992057017E-002  -1.326451551724E+000   0.000000000000E+000   0.000000000000E+000  -1.794386296795E-001  -1.794385882653E-001  -1.794388534421E-001  -1.794386475922E+000  -2.691582801631E-002   1.821302416196E+000   0.000000000000E+000   0.000000000000E+000
   0.000000000000E+000   0.000000000000E+000   6.952578036597E-004   6.382357868281E-004   1.266666666665E-002  -3.628835398319E-002  -3.628835363861E-002  -3.628837079328E-002   1.381391423111E+000  -1.596688314904E-002   1.397358325510E+000   0.000000000000E+000   0.000000000000E+000  -2.684261020045E-002  -2.684260534182E-002  -2.684257012762E-002  -2.684260933124E-001  -4.026385519143E-003   2.724524762237E-001   0.000000000000E+000   0.000000000000E+000
   0.000000000000E+000   0.000000000000E+000   3.608283327852E-003   6.238376373221E-004   1.299999999999E-002   5.261223208402E-002   5.261231773765E-002   5.261247021727E-002   4.122388771809E+000   2.314948689560E-002   4.099239280246E+000   0.000000000000E+000   0.000000000000E+000   1.263177324333E-001   1.263177775110E-001   1.263178854443E-001   1.263177039494E+000   1.894768281664E-002  -1.282124461847E+000   0.000000000000E+000   0.000000000000E+000
   0.000000000000E+000   0.000000000000E+000   2.028944682778E-002   6.451641509855E-004   1.333333333332E-002   1.407314220507E-001   1.407313782903E-001   1.407313916959E-001   6.798373820051E+000   6.192181234620E-002   6.736451972713E+000   0.000000000000E+000   0.000000000000E+000   2.774558436326E-001   2.774558579107E-001   2.774558612640E-001   2.774558146083E+000   4.161837918960E-002  -2.816176452723E+000   0.000000000000E+000   0.000000000000E+000
   0.000000000000E+000   0.000000000000E+000   4.968461305600E-002   7.036268641762E-004   1.366666666665E-002   2.265353555811E-001   2.265354609273E-001   2.265355716836E-001   9.367144510056E+000   9.967565154079E-002   9.267468808542E+000   0.000000000000E+000   0.000000000000E+000   4.243134241043E-001   4.243134740586E-001   4.243132344823E-001   4.243133869192E+000   6.364698517234E-002  -4.306780959618E+000   0.000000000000E+000   0.000000000000E+000
   0.000000000000E+000   0.000000000000E+000   8.991710342516E-002   7.965827048915E-004   1.399999999999E-002   3.086331755753E-001   3.086331647026E-001   3.086331321084E-001   1.178818947776E+001   1.357985781277E-001   1.165239089342E+001   0.000000000000E+000   0.000000000000E+000   5.645166220537E-001   5.645167023222E-001   5.645168756879E-001   5.645165733937E+000   8.467753135319E-002  -5.729842830594E+000   0.000000000000E+000   0.000000000000E+000
   0.000000000000E+000   0.000000000000E+000   1.384486694053E-001   9.180406560847E-004   1.433333333332E-002   3.858909997192E-001   3.858909838534E-001   3.858910054674E-001   1.402332782363E+001   1.697920424056E-001   1.385353571239E+001   0.000000000000E+000   0.000000000000E+000   6.956558415240E-001   6.956558145263E-001   6.956555669397E-001   6.956558414003E+000   1.043483350410E-001  -7.060906859696E+000   0.000000000000E+000   0.000000000000E+000
   0.000000000000E+000   0.000000000000E+000   1.922127914704E-001   1.060110878869E-003   1.466666666665E-002   4.568527997570E-001   4.568527369156E-001   4.568526495558E-001   1.603730969716E+001   2.010151658045E-001   1.583629454983E+001   0.000000000000E+000   0.000000000000E+000   8.160456929006E-001   8.160457115047E-001   8.160457467029E-001   8.160456790269E+000   1.224068620054E-001  -8.282863487047E+000   0.000000000000E+000   0.000000000000E+000
   0.000000000000E+000   0.000000000000E+000   2.477326891101E-001   1.211785078742E-003   1.499999999998E-002   5.203822557325E-001   5.203823011448E-001   5.203822666960E-001   1.779837386138E+001   2.289681973463E-001   1.756940569435E+001   0.000000000000E+000   0.000000000000E+000   9.235167744243E-001   9.235167451387E-001   9.235165470326E-001   9.235167832522E+000   1.385274820549E-001  -9.373695384956E+000   0.000000000000E+000   0.000000000000E+000
   0.000000000000E+000   0.000000000000E+000   3.015660537697E-001   1.362107788487E-003   1.533333333332E-002   5.756424561993E-001   5.756423608862E-001   5.756423496785E-001   1.927874688211E+001   2.532826338585E-001   1.902546430049E+001   0.000000000000E+000   0.000000000000E+000   1.016389591158E+000   1.016389451987E+000   1.016389369367E+000   1.016389596958E+001   1.524584054051E-001  -1.031635470858E+001   0.000000000000E+000   0.000000000000E+000
   0.000000000000E+000   0.000000000000E+000   3.502628563958E-001   1.498965080518E-003   1.566666666665E-002   6.215656652619E-001   6.215654635005E-001   6.215655296328E-001   2.045508257869E+001   2.734888330384E-001   2.018159372845E+001   0.000000000000E+000   0.000000000000E+000   1.093363392202E+000   1.093363400729E+000   1.093363571098E+000   1.093363403447E+001   1.640045356647E-001  -1.109763856433E+001   0.000000000000E+000   0.000000000000E+000
   0.000000000000E+000   0.000000000000E+000   3.907592156600E-001   1.612313092303E-003   1.599999999998E-002   6.576053990544E-001   6.576053977176E-001   6.576052652404E-001   2.130882950845E+001   2.893463167058E-001   2.101948324973E+001   0.000000000000E+000   0.000000000000E+000   1.152975248235E+000   1.152975249762E+000   1.152975270497E+000   1.152975249983E+001   1.729462905746E-001  -1.170269884328E+001   0.000000000000E+000   0.000000000000E+000
   0.000000000000E+000   0.000000000000E+000   4.206844403250E-001   1.693034495756E-003   1.633333333332E-002   6.833649409145E-001   6.833649496996E-001   6.833649553517E-001   2.182652343100E+001   3.006805803547E-001   2.152584285165E+001   0.000000000000E+000   0.000000000000E+000   1.194518365190E+000   1.194518377092E+000   1.194518387416E+000   1.194518365183E+001   1.791777581123E-001  -1.212436141196E+001   0.000000000000E+000   0.000000000000E+000
