1 1 3   1.00898203593E-002  6.77626357803E-021 -2.71050543121E-020 -1.20486278161E-004  4.22540440645E-001  5.38107453318E-004
1 1 4   1.01197604790E-002 -1.35525271561E-020  6.77626357803E-021 -1.20486278161E-004  4.22540440645E-001  5.38107453318E-004
1 1 5   1.01497005988E-002 -1.35525271561E-020 -2.37169225231E-020 -1.20486278161E-004  4.22540440645E-001  5.38107453318E-004
1 1 6   1.01796407186E-002 -4.06575814682E-020  0.00000000000E+000 -1.20486278161E-004  4.22540440645E-001  5.38107453318E-004
1 1 7   1.02095808383E-002 -1.35525271561E-020  5.75982404133E-020 -1.20486278161E-004  4.22540440645E-001  5.38107453318E-004
1 1 8   1.02395209581E-002 -2.71050543121E-020  0.00000000000E+000 -1.20486278161E-004  4.22540440645E-001  5.38107453318E-004
1 1 9   1.02694610778E-002 -1.35525271561E-020  3.04931861012E-020 -1.20486278161E-004  4.22540440645E-001  5.38107453318E-004
1 1 10   1.02994011976E-002  2.71050543121E-020 -4.74338450462E-020 -1.20486278161E-004  4.22540440645E-001  5.38107453318E-004
1 1 11   1.03293413174E-002  1.35525271561E-020 -1.35525271561E-020 -1.20486278161E-004  4.22540440645E-001  5.38107453318E-004
1 1 12   1.03592814371E-002 -2.71050543121E-020  2.37169225231E-020 -1.20486278161E-004  4.22540440645E-001  5.38107453318E-004
1 1 13   1.03892215569E-002  2.71050543121E-020 -6.09863722023E-020 -1.20486278161E-004  4.22540440645E-001  5.38107453318E-004
1 1 14   1.04191616766E-002 -4.06575814682E-020  5.42101086243E-020 -1.20486278161E-004  4.22540440645E-001  5.38107453318E-004
1 1 15   1.04491017964E-002  2.71050543121E-020 -8.80914265144E-020 -1.20486278161E-004  4.22540440645E-001  5.38107453318E-004
1 1 16   1.04790419162E-002  4.06575814682E-020 -1.35525271561E-020 -1.20486278161E-004  4.22540440645E-001  5.38107453318E-004
1 1 17   1.05089820359E-002  5.42101086243E-020 -5.08219768353E-020 -1.20486278161E-004  4.22540440645E-001  5.38107453318E-004
1 1 18   1.05389221557E-002 -2.71050543121E-020 -2.71050543121E-020 -1.20486278161E-004  4.22540440645E-001  5.38107453318E-004
1 1 19   1.05688622754E-002  5.42101086243E-020 -7.45388993584E-020 -1.20486278161E-004  4.22540440645E-001  5.38107453318E-004
1 1 20   1.05988023952E-002  1.35525271561E-020 -5.42101086243E-020 -1.20486278161E-004  4.22540440645E-001  5.38107453318E-004
1 1 21   1.06287425150E-002  2.71050543121E-020 -3.38813178902E-020 -1.20486278161E-004  4.22540440645E-001  5.38107453318E-004
1 1 22   1.06586826347E-002 -4.06575814682E-020  2.71050543121E-020 -1.20486278161E-004  4.22540440645E-001  5.38107453318E-004
1 1 23   1.06886227545E-002  5.42101086243E-020  6.77626357803E-021 -1.20486278161E-004  4.22540440645E-001  5.38107453318E-004
1 1 24   1.07185628743E-002 -1.35525271561E-020 -2.71050543121E-020 -1.20486278161E-004  4.22540440645E-001  5.38107453318E-004
1 1 25   1.07485029940E-002 -8.13151629364E-020 -4.06575814682E-020 -1.20486278161E-004  4.22540440645E-001  5.38107453318E-004
1 1 26   1.07784431138E-002  1.35525271561E-020 -6.77626357803E-020 -1.20486278161E-004  4.22540440645E-001  5.38107453318E-004
1 1 27   1.08083832335E-002  0.00000000000E+000 -2.71050543121E-020 -1.20486278161E-004  4.22540440645E-001  5.38107453318E-004
1 1 28   1.08383233533E-002  1.08420217249E-019 -1.35525271561E-020 -1.20486278161E-004  4.22540440645E-001  5.38107453318E-004
1 1 29   1.08682634731E-002 -2.71050543121E-020 -6.77626357803E-021 -1.20486278161E-004  4.22540440645E-001  5.38107453318E-004
1 1 30   1.08982035928E-002 -1.21972744405E-019  6.77626357803E-021 -1.20486278161E-004  4.22540440645E-001  5.38107453318E-004
1 1 31   1.09281437126E-002  2.71050543121E-020 -3.38813178902E-020 -1.20486278161E-004  4.22540440645E-001  5.38107453318E-004
1 1 32   1.09580838323E-002 -6.77626357803E-020 -7.45388993584E-020 -1.20486278161E-004  4.22540440645E-001  5.38107453318E-004
1 1 33   1.09880239521E-002  0.00000000000E+000  7.45388993584E-020 -1.20486278161E-004  4.22540440645E-001  5.38107453318E-004
1 1 34   1.10179640719E-002  6.77626357803E-020 -1.35525271561E-020 -1.20486278161E-004  4.22540440645E-001  5.38107453318E-004
1 1 35   1.10479041916E-002  0.00000000000E+000 -6.77626357803E-021 -1.20486278161E-004  4.22540440645E-001  5.38107453318E-004
1 1 36   1.10778443114E-002  3.04931861012E-019 -1.69406589451E-020 -2.99174155387E-004  4.23393375029E-001  4.37046510225E-004
1 1 37   1.11077844311E-002  1.62630325873E-019  2.71050543121E-020 -2.99174155387E-004  4.23393375029E-001  4.37046510225E-004
1 1 38   1.11377245509E-002  1.15196480827E-019  6.77626357803E-020 -2.99174155387E-004  4.23393375029E-001  4.37046510225E-004
1 1 39   1.11676646707E-002  1.08420217249E-019  2.71050543121E-020 -2.99174155387E-004  4.23393375029E-001  4.37046510225E-004
1 1 40   1.11976047904E-002  2.84603070277E-019  0.00000000000E+000 -2.99174155387E-004  4.23393375029E-001  4.37046510225E-004
1 1 41   1.12275449102E-002  4.06575814682E-020 -4.06575814682E-020 -2.99174155387E-004  4.23393375029E-001  4.37046510225E-004
1 1 42   1.12574850299E-002  1.21972744405E-019  8.13151629364E-020 -2.99174155387E-004  4.23393375029E-001  4.37046510225E-004
1 1 43   1.12874251497E-002  2.43945488809E-019  8.13151629364E-020 -2.99174155387E-004  4.23393375029E-001  4.37046510225E-004
1 1 44   1.13173652695E-002  5.42101086243E-020  2.71050543121E-020 -2.99174155387E-004  4.23393375029E-001  4.37046510225E-004
1 1 45   1.13473053892E-002  2.16840434497E-019  8.13151629364E-020 -2.99174155387E-004  4.23393375029E-001  4.37046510225E-004
1 1 46   1.13772455090E-002  0.00000000000E+000  5.42101086243E-020 -2.99174155387E-004  4.23393375029E-001  4.37046510225E-004
1 1 47   1.14071856287E-002  2.16840434497E-019  5.42101086243E-020 -2.99174155387E-004  4.23393375029E-001  4.37046510225E-004
1 1 48   1.14371257485E-002 -2.71050543121E-020 -5.42101086243E-020 -2.99174155387E-004  4.23393375029E-001  4.37046510225E-004
1 1 49   1.14670658683E-002  1.89735380185E-019  5.42101086243E-020 -2.99174155387E-004  4.23393375029E-001  4.37046510225E-004
1 1 50   1.14970059880E-002 -5.42101086243E-020  0.00000000000E+000 -2.99174155387E-004  4.23393375029E-001  4.37046510225E-004
1 1 51   1.15269461078E-002  1.89735380185E-019  1.62630325873E-019 -2.99174155387E-004  4.23393375029E-001  4.37046510225E-004
1 1 52   1.15568862275E-002  1.89735380185E-019  0.00000000000E+000 -2.99174155387E-004  4.23393375029E-001  4.37046510225E-004
1 1 53   1.15868263473E-002  1.08420217249E-019  1.08420217249E-019 -2.99174155387E-004  4.23393375029E-001  4.37046510225E-004
1 1 54   1.16167664671E-002  0.00000000000E+000  0.00000000000E+000 -3.59758119659E-004  4.23756614146E-001  3.89859622683E-004
1 1 55   1.16467065868E-002 -2.71050543121E-020 -5.42101086243E-020 -3.59758119659E-004  4.23756614146E-001  3.89859622683E-004
1 1 56   1.16766467066E-002 -1.08420217249E-019  0.00000000000E+000 -3.59758119659E-004  4.23756614146E-001  3.89859622683E-004
1 1 57   1.17065868263E-002 -4.06575814682E-019  0.00000000000E+000 -3.59758119659E-004  4.23756614146E-001  3.89859622683E-004
1 1 58   1.17365269461E-002  0.00000000000E+000 -1.08420217249E-019 -3.59758119659E-004  4.23756614146E-001  3.89859622683E-004
1 1 59   1.17664670659E-002 -2.71050543121E-020 -5.42101086243E-020 -3.59758119659E-004  4.23756614146E-001  3.89859622683E-004
1 1 60   1.17964071856E-002 -2.71050543121E-019  0.00000000000E+000 -3.59758119659E-004  4.23756614146E-001  3.89859622683E-004
1 1 61   1.18263473054E-002 -1.35525271561E-019  0.00000000000E+000 -3.59758119659E-004  4.23756614146E-001  3.89859622683E-004
1 1 62   1.18562874251E-002  2.71050543121E-020  2.16840434497E-019 -2.22320950897E-004  4.23706118466E-001  6.40546275805E-004
1 1 63   1.18862275449E-002  2.71050543121E-020  1.08420217249E-019 -2.22320950897E-004  4.23706118466E-001  6.40546275805E-004
1 1 64   1.19161676647E-002  2.71050543121E-020  1.08420217249E-019 -2.22320950897E-004  4.23706118466E-001  6.40546275805E-004
1 1 65   1.19461077844E-002  5.42101086243E-020  1.08420217249E-019 -2.22320950897E-004  4.23706118466E-001  6.40546275805E-004
1 1 66   1.19760479042E-002  8.13151629364E-020  1.08420217249E-019 -2.22320950897E-004  4.23706118466E-001  6.40546275805E-004
1 1 67   1.20059880240E-002  0.00000000000E+000  5.42101086243E-020 -2.22320950897E-004  4.23706118466E-001  6.40546275805E-004
1 1 68   1.20359281437E-002 -5.42101086243E-020  5.42101086243E-020 -2.22320950897E-004  4.23706118466E-001  6.40546275805E-004
1 1 69   1.20658682635E-002  8.13151629364E-020 -1.08420217249E-019 -2.22320950897E-004  4.23706118466E-001  6.40546275805E-004
1 1 70   1.20958083832E-002  0.00000000000E+000  1.08420217249E-019 -2.22320950897E-004  4.23706118466E-001  6.40546275805E-004
1 1 71   1.21257485030E-002  5.42101086243E-020  1.08420217249E-019 -2.22320950897E-004  4.23706118466E-001  6.40546275805E-004
1 1 72   1.21556886228E-002  5.42101086243E-020  8.13151629364E-020 -2.22320950897E-004  4.23706118466E-001  6.40546275805E-004
1 1 73   1.21856287425E-002 -6.77626357803E-020  2.71050543121E-020 -2.22320950897E-004  4.23706118466E-001  6.40546275805E-004
1 1 74   1.22155688623E-002  1.35525271561E-019 -2.71050543121E-020 -2.22320950897E-004  4.23706118466E-001  6.40546275805E-004
1 1 75   1.22455089820E-002 -1.08420217249E-019 -1.62630325873E-019 -2.22320950897E-004  4.23706118466E-001  6.40546275805E-004
1 1 76   1.22754491018E-002  2.71050543121E-020  2.16840434497E-019 -2.22320950897E-004  4.23706118466E-001  6.40546275805E-004
1 1 77   1.23053892216E-002  2.71050543121E-020  1.35525271561E-019 -2.22320950897E-004  4.23706118466E-001  6.40546275805E-004
1 1 78   1.23353293413E-002  6.77626357803E-020  1.76182853029E-019 -2.22320950897E-004  4.23706118466E-001  6.40546275805E-004
1 1 79   1.23652694611E-002  2.03287907341E-020  1.62630325873E-019 -2.22320950897E-004  4.23706118466E-001  6.40546275805E-004
1 1 80   1.23952095808E-002 -5.42101086243E-020 -4.06575814682E-020 -2.22320950897E-004  4.23706118466E-001  6.40546275805E-004
1 1 81   1.24251497006E-002  2.03287907341E-020 -3.38813178902E-020 -2.22320950897E-004  4.23706118466E-001  6.40546275805E-004
1 1 82   1.24550898204E-002  6.09863722023E-020 -6.09863722023E-020 -2.22320950897E-004  4.23706118466E-001  6.40546275805E-004
1 1 83   1.24850299401E-002 -3.38813178902E-021  1.01643953671E-019 -2.22320950897E-004  4.23706118466E-001  6.40546275805E-004
1 1 84   1.25149700599E-002 -8.38562617782E-020  1.05032085460E-019 -2.22320950897E-004  4.23706118466E-001  6.40546275805E-004
1 1 85   1.25449101796E-002 -3.72694496792E-020 -1.86347248396E-020  6.70428195023E-005  4.23711695221E-001  3.44139504778E-004
1 1 86   1.25748502994E-002  2.87991202066E-020  1.05032085460E-019  6.70428195023E-005  4.23711695221E-001  3.44139504778E-004
1 1 87   1.26047904192E-002  6.77626357803E-020  1.18584612616E-019  6.70428195023E-005  4.23711695221E-001  3.44139504778E-004
1 1 88   1.26347305389E-002 -3.04931861012E-020  2.03287907341E-020  6.70428195023E-005  4.23711695221E-001  3.44139504778E-004
1 1 89   1.26646706587E-002 -8.80914265144E-020  3.38813178902E-020  6.70428195023E-005  4.23711695221E-001  3.44139504778E-004
1 1 90   1.26946107784E-002 -2.03287907341E-020  1.49077798717E-019  6.70428195023E-005  4.23711695221E-001  3.44139504778E-004
1 1 91   1.27245508982E-002 -4.06575814682E-020 -1.35525271561E-020  6.70428195023E-005  4.23711695221E-001  3.44139504778E-004
1 1 92   1.27544910180E-002 -1.35525271561E-020  9.48676900925E-020  6.70428195023E-005  4.23711695221E-001  3.44139504778E-004
1 1 93   1.27844311377E-002 -2.71050543121E-020  1.76182853029E-019  6.70428195023E-005  4.23711695221E-001  3.44139504778E-004
1 1 94   1.28143712575E-002  0.00000000000E+000  1.21972744405E-019  6.70428195023E-005  4.23711695221E-001  3.44139504778E-004
1 1 95   1.28443113772E-002 -6.77626357803E-020  1.62630325873E-019  6.70428195023E-005  4.23711695221E-001  3.44139504778E-004
1 1 96   1.28742514970E-002  2.71050543121E-020  2.71050543121E-020  6.70428195023E-005  4.23711695221E-001  3.44139504778E-004
1 1 97   1.29041916168E-002 -1.35525271561E-020  1.08420217249E-019  6.70428195023E-005  4.23711695221E-001  3.44139504778E-004
1 1 98   1.29341317365E-002 -1.35525271561E-020  0.00000000000E+000  6.70428195023E-005  4.23711695221E-001  3.44139504778E-004
1 1 99   1.29640718563E-002 -1.08420217249E-019  1.35525271561E-019  6.70428195023E-005  4.23711695221E-001  3.44139504778E-004
1 1 100   1.29940119760E-002  8.13151629364E-020  0.00000000000E+000  6.70428195023E-005  4.23711695221E-001  3.44139504778E-004
1 1 101   1.30239520958E-002 -2.71050543121E-020  2.71050543121E-020  6.70428195023E-005  4.23711695221E-001  3.44139504778E-004
1 1 102   1.30538922156E-002  0.00000000000E+000  1.08420217249E-019  6.70428195023E-005  4.23711695221E-001  3.44139504778E-004
1 1 103   1.30838323353E-002  8.13151629364E-020  5.42101086243E-020  6.70428195023E-005  4.23711695221E-001  3.44139504778E-004
1 1 104   1.31137724551E-002 -5.42101086243E-020 -2.71050543121E-020  6.70428195023E-005  4.23711695221E-001  3.44139504778E-004
1 1 105   1.31437125749E-002  2.71050543121E-020  1.62630325873E-019  6.70428195023E-005  4.23711695221E-001  3.44139504778E-004
1 1 106   1.31736526946E-002 -5.42101086243E-020  0.00000000000E+000  1.47906556569E-005  4.22314184681E-001  2.49815528354E-004
1 1 107   1.32035928144E-002  2.71050543121E-020 -5.42101086243E-020  1.47906556569E-005  4.22314184681E-001  2.49815528354E-004
1 1 108   1.32335329341E-002 -2.71050543121E-020 -2.71050543121E-020  1.47906556569E-005  4.22314184681E-001  2.49815528354E-004
1 1 109   1.32634730539E-002 -8.13151629364E-020  1.62630325873E-019  1.47906556569E-005  4.22314184681E-001  2.49815528354E-004
1 1 110   1.32934131737E-002  2.71050543121E-020 -5.42101086243E-020  1.47906556569E-005  4.22314184681E-001  2.49815528354E-004
1 1 111   1.33233532934E-002  8.13151629364E-020 -1.08420217249E-019  1.47906556569E-005  4.22314184681E-001  2.49815528354E-004
1 1 112   1.33532934132E-002  1.08420217249E-019  2.43945488809E-019  1.47906556569E-005  4.22314184681E-001  2.49815528354E-004
1 1 113   1.33832335329E-002 -2.71050543121E-020  5.42101086243E-020  1.47906556569E-005  4.22314184681E-001  2.49815528354E-004
1 1 114   1.34131736527E-002  8.13151629364E-020 -2.71050543121E-020  1.47906556569E-005  4.22314184681E-001  2.49815528354E-004
1 1 115   1.34431137725E-002 -5.42101086243E-020  8.13151629364E-020  1.47906556569E-005  4.22314184681E-001  2.49815528354E-004
1 1 116   1.34730538922E-002 -2.71050543121E-020  1.35525271561E-019  1.47906556569E-005  4.22314184681E-001  2.49815528354E-004
1 1 117   1.35029940120E-002  8.13151629364E-020 -2.71050543121E-020  1.47906556569E-005  4.22314184681E-001  2.49815528354E-004
1 1 118   1.35329341317E-002  2.71050543121E-020  8.13151629364E-020  1.47906556569E-005  4.22314184681E-001  2.49815528354E-004
1 1 119   1.35628742515E-002 -5.42101086243E-020  1.08420217249E-019  1.47906556569E-005  4.22314184681E-001  2.49815528354E-004
1 1 120   1.35928143713E-002  2.71050543121E-020  1.89735380185E-019  1.47906556569E-005  4.22314184681E-001  2.49815528354E-004
1 1 121   1.36227544910E-002  6.77626357803E-020  1.62630325873E-019  1.47906556569E-005  4.22314184681E-001  2.49815528354E-004
1 1 122   1.36526946108E-002  0.00000000000E+000  1.62630325873E-019  1.47906556569E-005  4.22314184681E-001  2.49815528354E-004
1 1 123   1.36826347305E-002  1.35525271561E-020  0.00000000000E+000  1.47906556569E-005  4.22314184681E-001  2.49815528354E-004
1 1 124   1.37125748503E-002  8.13151629364E-020  1.62630325873E-019  1.47906556569E-005  4.22314184681E-001  2.49815528354E-004
1 1 125   1.37425149701E-002 -4.06575814682E-020  2.16840434497E-019  1.47906556569E-005  4.22314184681E-001  2.49815528354E-004
1 1 126   1.37724550898E-002  8.13151629364E-020  1.62630325873E-019  1.47906556569E-005  4.22314184681E-001  2.49815528354E-004
1 1 127   1.38023952096E-002  4.06575814682E-020 -1.35525271561E-020  1.47906556569E-005  4.22314184681E-001  2.49815528354E-004
1 1 128   1.38323353293E-002  2.03287907341E-019  1.49077798717E-019  1.47906556569E-005  4.22314184681E-001  2.49815528354E-004
1 1 129   1.38622754491E-002  5.42101086243E-020  6.77626357803E-020  1.47906556569E-005  4.22314184681E-001  2.49815528354E-004
1 1 130   1.38922155689E-002  6.77626357803E-020  1.35525271561E-020  1.47906556569E-005  4.22314184681E-001  2.49815528354E-004
1 1 131   1.39221556886E-002 -1.35525271561E-020  6.77626357803E-020  1.47906556569E-005  4.22314184681E-001  2.49815528354E-004
1 1 132   1.39520958084E-002  1.35525271561E-020  1.49077798717E-019  1.47906556569E-005  4.22314184681E-001  2.49815528354E-004
1 1 133   1.39820359281E-002  1.08420217249E-019  1.49077798717E-019 -1.20615001535E-005  4.21483018468E-001  5.92713273324E-004
1 1 134   1.40119760479E-002  0.00000000000E+000  8.13151629364E-020 -1.20615001535E-005  4.21483018468E-001  5.92713273324E-004
1 1 135   1.40419161677E-002 -5.42101086243E-020  6.09863722023E-020 -1.20615001535E-005  4.21483018468E-001  5.92713273324E-004
1 1 136   1.40718562874E-002  5.42101086243E-020  1.35525271561E-019 -1.20615001535E-005  4.21483018468E-001  5.92713273324E-004
1 1 137   1.41017964072E-002  1.08420217249E-019 -1.35525271561E-019 -1.20615001535E-005  4.21483018468E-001  5.92713273324E-004
1 1 138   1.41317365269E-002 -5.42101086243E-020  2.37169225231E-019 -1.20615001535E-005  4.21483018468E-001  5.92713273324E-004
1 1 139   1.41616766467E-002 -5.42101086243E-020 -1.35525271561E-020  7.78015172109E-005  4.21353551995E-001  3.82458723644E-005
1 1 140   1.41916167665E-002  5.42101086243E-020  2.71050543121E-020  7.78015172109E-005  4.21353551995E-001  3.82458723644E-005
1 1 141   1.42215568862E-002  5.42101086243E-020  6.77626357803E-021  7.78015172109E-005  4.21353551995E-001  3.82458723644E-005
1 1 142   1.42514970060E-002  5.42101086243E-020  1.35525271561E-020  7.78015172109E-005  4.21353551995E-001  3.82458723644E-005
1 1 143   1.42814371257E-002  5.42101086243E-020 -4.74338450462E-020  7.78015172109E-005  4.21353551995E-001  3.82458723644E-005
1 1 144   1.43113772455E-002  8.13151629364E-020 -2.03287907341E-020  7.78015172109E-005  4.21353551995E-001  3.82458723644E-005
1 1 145   1.43413173653E-002  0.00000000000E+000 -2.71050543121E-020  7.78015172109E-005  4.21353551995E-001  3.82458723644E-005
1 1 146   1.43712574850E-002  5.42101086243E-020 -4.06575814682E-020  7.78015172109E-005  4.21353551995E-001  3.82458723644E-005
1 1 147   1.44011976048E-002  8.13151629364E-020 -3.38813178902E-021  7.78015172109E-005  4.21353551995E-001  3.82458723644E-005
1 1 148   1.44311377246E-002  8.13151629364E-020 -6.77626357803E-021  7.78015172109E-005  4.21353551995E-001  3.82458723644E-005
1 1 149   1.44610778443E-002  5.42101086243E-020 -2.03287907341E-020  7.78015172109E-005  4.21353551995E-001  3.82458723644E-005
1 1 150   1.44910179641E-002 -5.42101086243E-020 -7.45388993584E-020  7.78015172109E-005  4.21353551995E-001  3.82458723644E-005
1 1 151   1.45209580838E-002  6.77626357803E-020 -2.71050543121E-020  7.78015172109E-005  4.21353551995E-001  3.82458723644E-005
1 1 152   1.45508982036E-002 -5.42101086243E-020 -6.77626357803E-020  7.78015172109E-005  4.21353551995E-001  3.82458723644E-005
1 1 153   1.45808383234E-002  1.21972744405E-019 -5.08219768353E-021  7.78015172109E-005  4.21353551995E-001  3.82458723644E-005
1 1 154   1.46107784431E-002 -1.55854062295E-019  5.92923063078E-020  7.78015172109E-005  4.21353551995E-001  3.82458723644E-005
1 1 155   1.46407185629E-002  7.45388993584E-020  2.54109884176E-020  7.78015172109E-005  4.21353551995E-001  3.82458723644E-005
1 1 156   1.46706586826E-002 -4.74338450462E-020 -2.87991202066E-020  7.78015172109E-005  4.21353551995E-001  3.82458723644E-005
1 1 157   1.47005988024E-002 -1.21972744405E-019  8.13151629364E-020 -4.17462020440E-004  4.19025927737E-001  2.35767427086E-004
1 1 158   1.47305389222E-002  2.57498015965E-019 -1.08420217249E-019 -4.17462020440E-004  4.19025927737E-001  2.35767427086E-004
1 1 159   1.47604790419E-002  1.62630325873E-019 -8.13151629364E-020 -4.17462020440E-004  4.19025927737E-001  2.35767427086E-004
1 1 160   1.47904191617E-002 -2.71050543121E-020  8.13151629364E-020 -4.17462020440E-004  4.19025927737E-001  2.35767427086E-004
1 1 161   1.48203592814E-002 -2.77826806699E-019 -2.71050543121E-020 -4.17462020440E-004  4.19025927737E-001  2.35767427086E-004
1 1 162   1.48502994012E-002  1.96511643763E-019 -2.71050543121E-020 -4.17462020440E-004  4.19025927737E-001  2.35767427086E-004
1 1 163   1.48802395210E-002  2.03287907341E-019 -8.13151629364E-020 -4.17462020440E-004  4.19025927737E-001  2.35767427086E-004
1 1 164   1.49101796407E-002 -5.42101086243E-020  0.00000000000E+000 -4.17462020440E-004  4.19025927737E-001  2.35767427086E-004
1 1 165   1.49401197605E-002  1.15196480827E-019 -4.06575814682E-020 -4.17462020440E-004  4.19025927737E-001  2.35767427086E-004
1 1 166   1.49700598802E-002 -1.96511643763E-019  5.42101086243E-020 -4.17462020440E-004  4.19025927737E-001  2.35767427086E-004
1 1 167   1.50000000000E-002 -1.43995601033E-019  6.77626357803E-021 -4.17462020440E-004  4.19025927737E-001  2.35767427086E-004
1 1 168   1.50299401198E-002 -3.81164826264E-020  2.03287907341E-020 -4.17462020440E-004  4.19025927737E-001  2.35767427086E-004
1 1 169   1.50598802395E-002 -1.90053017540E-020 -4.19281308891E-020 -4.99168521335E-004  4.17750752727E-001  4.79497554209E-004
1 1 170   1.50898203593E-002 -8.13151629364E-020 -4.23516473627E-020 -4.99168521335E-004  4.17750752727E-001  4.79497554209E-004
1 1 171   1.51197604790E-002  4.74338450462E-020  1.11808349038E-019 -4.99168521335E-004  4.17750752727E-001  4.79497554209E-004
1 1 172   1.51497005988E-002 -9.31736241980E-020 -9.48676900925E-020 -4.99168521335E-004  4.17750752727E-001  4.79497554209E-004
1 1 173   1.51796407186E-002 -4.40457132572E-020  6.77626357803E-021 -4.99168521335E-004  4.17750752727E-001  4.79497554209E-004
1 1 174   1.52095808383E-002  2.03287907341E-020  0.00000000000E+000 -4.99168521335E-004  4.17750752727E-001  4.79497554209E-004
1 1 175   1.52395209581E-002  1.01643953671E-020  4.06575814682E-020 -4.99168521335E-004  4.17750752727E-001  4.79497554209E-004
1 1 176   1.52694610778E-002 -1.69406589451E-020 -4.06575814682E-020 -4.99168521335E-004  4.17750752727E-001  4.79497554209E-004
1 1 177   1.52994011976E-002 -4.06575814682E-020 -4.06575814682E-020 -4.99168521335E-004  4.17750752727E-001  4.79497554209E-004
1 1 178   1.53293413174E-002 -4.06575814682E-020 -1.35525271561E-019 -4.99168521335E-004  4.17750752727E-001  4.79497554209E-004
1 1 179   1.53592814371E-002  0.00000000000E+000  2.71050543121E-020 -4.99168521335E-004  4.17750752727E-001  4.79497554209E-004
1 1 180   1.53892215569E-002  1.35525271561E-020  0.00000000000E+000 -4.99168521335E-004  4.17750752727E-001  4.79497554209E-004
1 1 181   1.54191616766E-002  0.00000000000E+000 -2.71050543121E-020 -4.99168521335E-004  4.17750752727E-001  4.79497554209E-004
1 1 182   1.54491017964E-002 -4.06575814682E-020  0.00000000000E+000 -4.99168521335E-004  4.17750752727E-001  4.79497554209E-004
1 1 183   1.54790419162E-002 -6.77626357803E-020 -1.08420217249E-019 -4.99168521335E-004  4.17750752727E-001  4.79497554209E-004
1 1 184   1.55089820359E-002 -2.71050543121E-020  0.00000000000E+000 -4.99168521335E-004  4.17750752727E-001  4.79497554209E-004
1 1 185   1.55389221557E-002  2.71050543121E-020  0.00000000000E+000 -4.99168521335E-004  4.17750752727E-001  4.79497554209E-004
1 1 186   1.55688622754E-002  6.77626357803E-020  0.00000000000E+000 -4.99168521335E-004  4.17750752727E-001  4.79497554209E-004
1 1 187   1.55988023952E-002 -2.71050543121E-020 -5.42101086243E-020 -4.99168521335E-004  4.17750752727E-001  4.79497554209E-004
1 1 188   1.56287425150E-002 -1.35525271561E-020 -5.42101086243E-020 -4.99168521335E-004  4.17750752727E-001  4.79497554209E-004
1 1 189   1.56586826347E-002  2.71050543121E-020  5.42101086243E-020 -4.99168521335E-004  4.17750752727E-001  4.79497554209E-004
1 1 190   1.56886227545E-002  4.06575814682E-020  5.42101086243E-020 -4.99168521335E-004  4.17750752727E-001  4.79497554209E-004
1 1 191   1.57185628743E-002 -4.06575814682E-020 -1.08420217249E-019 -4.99168521335E-004  4.17750752727E-001  4.79497554209E-004
1 1 192   1.57485029940E-002  0.00000000000E+000 -1.08420217249E-019 -4.99168521335E-004  4.17750752727E-001  4.79497554209E-004
1 1 193   1.57784431138E-002 -6.77626357803E-020 -5.42101086243E-020 -4.99168521335E-004  4.17750752727E-001  4.79497554209E-004
1 1 194   1.58083832335E-002  2.71050543121E-020  5.42101086243E-020 -4.99168521335E-004  4.17750752727E-001  4.79497554209E-004
1 1 195   1.58383233533E-002  0.00000000000E+000  0.00000000000E+000 -4.99168521335E-004  4.17750752727E-001  4.79497554209E-004
1 1 196   1.58682634731E-002 -2.71050543121E-020 -5.42101086243E-020 -4.99168521335E-004  4.17750752727E-001  4.79497554209E-004
1 1 197   1.58982035928E-002 -4.06575814682E-020  0.00000000000E+000 -4.99168521335E-004  4.17750752727E-001  4.79497554209E-004
1 1 198   1.59281437126E-002  2.16840434497E-019  0.00000000000E+000  7.79723101105E-004  4.18033766476E-001  1.47610599918E-004
1 1 199   1.59580838323E-002  2.16840434497E-019 -1.08420217249E-019  7.79723101105E-004  4.18033766476E-001  1.47610599918E-004
1 1 200   1.59880239521E-002  1.08420217249E-019  0.00000000000E+000  7.79723101105E-004  4.18033766476E-001  1.47610599918E-004
1 1 201   1.60179640719E-002 -2.16840434497E-019  0.00000000000E+000  7.79723101105E-004  4.18033766476E-001  1.47610599918E-004
1 1 202   1.60479041916E-002  1.35525271561E-019 -1.08420217249E-019  7.79723101105E-004  4.18033766476E-001  1.47610599918E-004
1 1 203   1.60778443114E-002  2.71050543121E-019  0.00000000000E+000  7.79723101105E-004  4.18033766476E-001  1.47610599918E-004
1 1 204   1.61077844311E-002  5.42101086243E-020  5.42101086243E-020  7.79723101105E-004  4.18033766476E-001  1.47610599918E-004
1 1 205   1.61377245509E-002  3.25260651746E-019 -5.42101086243E-020  7.79723101105E-004  4.18033766476E-001  1.47610599918E-004
1 1 206   1.61676646707E-002  2.43945488809E-019  0.00000000000E+000  7.79723101105E-004  4.18033766476E-001  1.47610599918E-004
1 1 207   1.61976047904E-002  2.98155597434E-019  0.00000000000E+000  7.79723101105E-004  4.18033766476E-001  1.47610599918E-004
1 1 208   1.62275449102E-002  2.16840434497E-019 -1.08420217249E-019  7.79723101105E-004  4.18033766476E-001  1.47610599918E-004
1 1 209   1.62574850299E-002  7.19978005166E-020 -1.16043513774E-019  1.07651984811E-003  4.14897614882E-001 -2.84085939436E-005
1 1 210   1.62874251497E-002  3.64224167319E-020 -6.18334051496E-020  1.07651984811E-003  4.14897614882E-001 -2.84085939436E-005
1 1 211   1.63173652695E-002  1.89735380185E-019 -6.35274710441E-020  1.07651984811E-003  4.14897614882E-001 -2.84085939436E-005
1 1 212   1.63473053892E-002  1.69406589451E-020  4.23516473627E-020  1.07651984811E-003  4.14897614882E-001 -2.84085939436E-005
1 1 213   1.63772455090E-002  3.04931861012E-020  3.89635155737E-020  1.07651984811E-003  4.14897614882E-001 -2.84085939436E-005
1 1 214   1.64071856287E-002  1.55854062295E-019 -7.11507675694E-020  1.07651984811E-003  4.14897614882E-001 -2.84085939436E-005
1 1 215   1.64371257485E-002  1.99899775552E-019  3.38813178902E-020  1.07651984811E-003  4.14897614882E-001 -2.84085939436E-005
1 1 216   1.64670658683E-002  9.82558218815E-020 -2.71050543121E-020  1.07651984811E-003  4.14897614882E-001 -2.84085939436E-005
1 1 217   1.64970059880E-002  1.96511643763E-019 -3.04931861012E-020  1.07651984811E-003  4.14897614882E-001 -2.84085939436E-005
1 1 218   1.65269461078E-002  1.59242194084E-019 -3.04931861012E-020  1.07651984811E-003  4.14897614882E-001 -2.84085939436E-005
1 1 219   1.65568862275E-002  2.57498015965E-019  2.03287907341E-020  1.07651984811E-003  4.14897614882E-001 -2.84085939436E-005
1 1 220   1.65868263473E-002 -1.76182853029E-019  1.15196480827E-019  1.07651984811E-003  4.14897614882E-001 -2.84085939436E-005
1 1 221   1.66167664671E-002  1.96511643763E-019  1.69406589451E-019  1.07651984811E-003  4.14897614882E-001 -2.84085939436E-005
1 1 222   1.66467065868E-002  2.71050543121E-020  1.15196480827E-019  1.07651984811E-003  4.14897614882E-001 -2.84085939436E-005
1 1 223   1.66766467066E-002  1.76182853029E-019  5.42101086243E-020  1.07651984811E-003  4.14897614882E-001 -2.84085939436E-005
1 1 224   1.67065868263E-002  2.98155597434E-019 -6.77626357803E-021  1.07651984811E-003  4.14897614882E-001 -2.84085939436E-005
1 1 225   1.67365269461E-002  1.69406589451E-019  5.42101086243E-020  1.07651984811E-003  4.14897614882E-001 -2.84085939436E-005
1 1 226   1.67664670659E-002  7.45388993584E-020 -6.09863722023E-020  1.07651984811E-003  4.14897614882E-001 -2.84085939436E-005
1 1 227   1.67964071856E-002  2.91379333855E-019  3.38813178902E-020  1.07651984811E-003  4.14897614882E-001 -2.84085939436E-005
1 1 228   1.68263473054E-002  2.16840434497E-019  3.38813178902E-020  1.07651984811E-003  4.14897614882E-001 -2.84085939436E-005
1 1 229   1.68562874251E-002  2.98155597434E-019 -2.03287907341E-020  1.07651984811E-003  4.14897614882E-001 -2.84085939436E-005
1 1 230   1.68862275449E-002  3.79470760370E-019 -1.08420217249E-019  1.07651984811E-003  4.14897614882E-001 -2.84085939436E-005
1 1 231   1.69161676647E-002  2.43945488809E-019  1.35525271561E-020  1.07651984811E-003  4.14897614882E-001 -2.84085939436E-005
1 1 232   1.69461077844E-002  3.52365706058E-019 -2.71050543121E-020  1.07651984811E-003  4.14897614882E-001 -2.84085939436E-005
1 1 233   1.69760479042E-002  2.30392961653E-019 -1.35525271561E-020  1.07651984811E-003  4.14897614882E-001 -2.84085939436E-005
1 1 234   1.70059880240E-002 -4.06575814682E-020 -1.08420217249E-019 -1.29638736443E-003  4.15134805415E-001 -2.83007065289E-004
1 1 235   1.70359281437E-002  1.08420217249E-019  1.21972744405E-019 -1.29638736443E-003  4.15134805415E-001 -2.83007065289E-004
1 1 236   1.70658682635E-002  1.35525271561E-020  1.35525271561E-020 -1.29638736443E-003  4.15134805415E-001 -2.83007065289E-004
1 1 237   1.70958083832E-002  5.42101086243E-020  1.08420217249E-019 -1.29638736443E-003  4.15134805415E-001 -2.83007065289E-004
1 1 238   1.71257485030E-002  1.35525271561E-020 -6.77626357803E-020 -1.29638736443E-003  4.15134805415E-001 -2.83007065289E-004
1 1 239   1.71556886228E-002  5.42101086243E-020  1.35525271561E-020 -1.29638736443E-003  4.15134805415E-001 -2.83007065289E-004
1 1 240   1.71856287425E-002  4.06575814682E-020  5.42101086243E-020 -1.29638736443E-003  4.15134805415E-001 -2.83007065289E-004
1 1 241   1.72155688623E-002  1.08420217249E-019  1.89735380185E-019 -1.29638736443E-003  4.15134805415E-001 -2.83007065289E-004
1 1 242   1.72455089820E-002  4.06575814682E-020  9.48676900925E-020 -1.29638736443E-003  4.15134805415E-001 -2.83007065289E-004
1 1 243   1.72754491018E-002 -4.06575814682E-020 -2.71050543121E-020 -1.29638736443E-003  4.15134805415E-001 -2.83007065289E-004
1 1 244   1.73053892216E-002  1.35525271561E-020  9.48676900925E-020 -1.29638736443E-003  4.15134805415E-001 -2.83007065289E-004
1 1 245   1.73353293413E-002  9.48676900925E-020  1.76182853029E-019 -1.29638736443E-003  4.15134805415E-001 -2.83007065289E-004
1 1 246   1.73652694611E-002  5.42101086243E-020  9.48676900925E-020 -1.29638736443E-003  4.15134805415E-001 -2.83007065289E-004
1 1 247   1.73952095808E-002  1.35525271561E-020  1.35525271561E-020 -1.29638736443E-003  4.15134805415E-001 -2.83007065289E-004
1 1 316   1.94610778443E-002 -3.80106035080E-020  5.09807955129E-020 -1.62934467967E-003  4.03890516040E-001  4.28918879536E-005
1 1 317   1.94910179641E-002  4.31986803100E-020 -3.59989002583E-020 -1.62934467967E-003  4.03890516040E-001  4.28918879536E-005
1 1 318   1.95209580838E-002  1.69406589451E-021 -1.43995601033E-020 -1.62934467967E-003  4.03890516040E-001  4.28918879536E-005
1 1 319   1.95508982036E-002  1.69406589451E-020  5.08219768353E-021 -1.62934467967E-003  4.03890516040E-001  4.28918879536E-005
1 1 320   1.95808383234E-002 -2.71050543121E-020 -8.47032947254E-021 -1.62934467967E-003  4.03890516040E-001  4.28918879536E-005
1 1 321   1.96107784431E-002  3.04931861012E-020 -3.38813178902E-021 -1.62934467967E-003  4.03890516040E-001  4.28918879536E-005
1 1 322   1.96407185629E-002  2.03287907341E-020 -1.69406589451E-020 -1.62934467967E-003  4.03890516040E-001  4.28918879536E-005
1 1 323   1.96706586826E-002 -2.03287907341E-020 -4.06575814682E-020 -1.62934467967E-003  4.03890516040E-001  4.28918879536E-005
1 1 324   1.97005988024E-002 -4.06575814682E-020 -1.01643953671E-020 -1.62934467967E-003  4.03890516040E-001  4.28918879536E-005
1 1 325   1.97305389222E-002  1.35525271561E-020 -3.38813178902E-021 -1.62934467967E-003  4.03890516040E-001  4.28918879536E-005
1 1 326   1.97604790419E-002 -1.35525271561E-020  2.71050543121E-020 -1.62934467967E-003  4.03890516040E-001  4.28918879536E-005
1 1 327   1.97904191617E-002  2.71050543121E-020 -6.77626357803E-020 -1.62934467967E-003  4.03890516040E-001  4.28918879536E-005
1 1 328   1.98203592814E-002 -1.35525271561E-020 -2.71050543121E-020 -1.62934467967E-003  4.03890516040E-001  4.28918879536E-005
1 1 329   1.98502994012E-002  1.35525271561E-020 -4.06575814682E-020 -1.62934467967E-003  4.03890516040E-001  4.28918879536E-005
1 1 330   1.98802395210E-002 -9.48676900925E-020  6.09863722023E-020 -1.62934467967E-003  4.03890516040E-001  4.28918879536E-005
1 1 331   1.99101796407E-002 -4.06575814682E-020 -6.77626357803E-021 -1.62934467967E-003  4.03890516040E-001  4.28918879536E-005
1 1 332   1.99401197605E-002  2.71050543121E-020 -2.03287907341E-020 -1.62934467967E-003  4.03890516040E-001  4.28918879536E-005
1 1 333   1.99700598802E-002 -1.35525271561E-020 -3.38813178902E-020 -1.62934467967E-003  4.03890516040E-001  4.28918879536E-005
1 1 334   2.00000000000E-002  1.35525271561E-020 -1.35525271561E-020 -1.62934467967E-003  4.03890516040E-001  4.28918879536E-005
1 1 335   2.00299401198E-002  1.35525271561E-020  6.77626357803E-021 -1.62934467967E-003  4.03890516040E-001  4.28918879536E-005
1 1 336   2.00598802395E-002 -1.35525271561E-020 -1.35525271561E-020 -1.62934467967E-003  4.03890516040E-001  4.28918879536E-005
1 1 337   2.00898203593E-002 -2.71050543121E-020 -3.38813178902E-020 -1.62934467967E-003  4.03890516040E-001  4.28918879536E-005
1 1 338   2.01197604790E-002  0.00000000000E+000 -1.35525271561E-020 -1.62934467967E-003  4.03890516040E-001  4.28918879536E-005
1 1 339   2.01497005988E-002 -2.71050543121E-020 -1.35525271561E-020 -1.62934467967E-003  4.03890516040E-001  4.28918879536E-005
1 1 340   2.01796407186E-002 -2.71050543121E-020  1.35525271561E-020 -1.62934467967E-003  4.03890516040E-001  4.28918879536E-005
1 1 341   2.02095808383E-002 -1.08420217249E-019  2.71050543121E-020 -1.62934467967E-003  4.03890516040E-001  4.28918879536E-005
1 1 342   2.02395209581E-002 -5.42101086243E-020 -2.71050543121E-020 -1.62934467967E-003  4.03890516040E-001  4.28918879536E-005
1 1 343   2.02694610778E-002 -2.71050543121E-020  2.71050543121E-020 -1.62934467967E-003  4.03890516040E-001  4.28918879536E-005
1 1 344   2.02994011976E-002 -2.71050543121E-020 -8.13151629364E-020 -1.62934467967E-003  4.03890516040E-001  4.28918879536E-005
1 1 345   2.03293413174E-002 -1.08420217249E-019  2.71050543121E-020 -1.62934467967E-003  4.03890516040E-001  4.28918879536E-005
1 1 346   2.03592814371E-002  2.71050543121E-020 -9.48676900925E-020 -1.62934467967E-003  4.03890516040E-001  4.28918879536E-005
1 1 347   2.03892215569E-002  5.42101086243E-020  5.42101086243E-020 -1.62934467967E-003  4.03890516040E-001  4.28918879536E-005
1 1 348   2.04191616766E-002  0.00000000000E+000 -4.06575814682E-020 -1.62934467967E-003  4.03890516040E-001  4.28918879536E-005
1 1 349   2.04491017964E-002 -1.08420217249E-019  8.13151629364E-020 -1.62934467967E-003  4.03890516040E-001  4.28918879536E-005
1 1 350   2.04790419162E-002  2.71050543121E-020 -1.35525271561E-020 -1.62934467967E-003  4.03890516040E-001  4.28918879536E-005
1 1 351   2.05089820359E-002 -5.42101086243E-020  5.42101086243E-020 -1.62934467967E-003  4.03890516040E-001  4.28918879536E-005
1 1 352   2.05389221557E-002  0.00000000000E+000 -5.42101086243E-020 -1.62934467967E-003  4.03890516040E-001  4.28918879536E-005
1 1 353   2.05688622754E-002  2.71050543121E-020 -4.06575814682E-020 -1.62934467967E-003  4.03890516040E-001  4.28918879536E-005
1 1 354   2.05988023952E-002 -2.71050543121E-020  1.35525271561E-020 -1.62934467967E-003  4.03890516040E-001  4.28918879536E-005
1 1 355   2.06287425150E-002 -8.13151629364E-020  0.00000000000E+000 -1.62934467967E-003  4.03890516040E-001  4.28918879536E-005
1 1 356   2.06586826347E-002  0.00000000000E+000  1.35525271561E-020 -1.62934467967E-003  4.03890516040E-001  4.28918879536E-005
1 1 357   2.06886227545E-002  0.00000000000E+000 -5.42101086243E-020 -1.62934467967E-003  4.03890516040E-001  4.28918879536E-005
1 1 358   2.07185628743E-002  0.00000000000E+000  2.71050543121E-020 -1.62934467967E-003  4.03890516040E-001  4.28918879536E-005
1 1 359   2.07485029940E-002 -5.42101086243E-020 -1.35525271561E-020 -1.62934467967E-003  4.03890516040E-001  4.28918879536E-005
1 1 360   2.07784431138E-002 -5.42101086243E-020 -2.71050543121E-020 -1.62934467967E-003  4.03890516040E-001  4.28918879536E-005
1 1 361   2.08083832335E-002 -5.42101086243E-020  2.71050543121E-020 -1.62934467967E-003  4.03890516040E-001  4.28918879536E-005
1 1 362   2.08383233533E-002 -1.08420217249E-019  8.13151629364E-020 -1.62934467967E-003  4.03890516040E-001  4.28918879536E-005
1 1 363   2.08682634731E-002  5.42101086243E-020 -2.71050543121E-020 -1.62934467967E-003  4.03890516040E-001  4.28918879536E-005
1 1 364   2.08982035928E-002 -5.42101086243E-020 -5.42101086243E-020 -1.62934467967E-003  4.03890516040E-001  4.28918879536E-005
1 1 365   2.09281437126E-002 -5.42101086243E-020  5.42101086243E-020 -1.62934467967E-003  4.03890516040E-001  4.28918879536E-005
1 1 366   2.09580838323E-002  0.00000000000E+000  0.00000000000E+000 -1.62934467967E-003  4.03890516040E-001  4.28918879536E-005
1 1 367   2.09880239521E-002  0.00000000000E+000  0.00000000000E+000 -1.62934467967E-003  4.03890516040E-001  4.28918879536E-005
1 1 368   2.10179640719E-002  0.00000000000E+000 -2.71050543121E-020 -1.62934467967E-003  4.03890516040E-001  4.28918879536E-005
1 1 369   2.10479041916E-002  0.00000000000E+000  0.00000000000E+000 -1.62934467967E-003  4.03890516040E-001  4.28918879536E-005
1 1 405   2.21257485030E-002  1.08420217249E-019  0.00000000000E+000 -6.04494092022E-004  3.98136331889E-001 -2.50105553891E-005
1 1 406   2.21556886228E-002  0.00000000000E+000  2.71050543121E-020 -6.04494092022E-004  3.98136331889E-001 -2.50105553891E-005
1 1 407   2.21856287425E-002  1.62630325873E-019 -2.71050543121E-020 -6.04494092022E-004  3.98136331889E-001 -2.50105553891E-005
1 1 408   2.22155688623E-002  5.42101086243E-020 -2.71050543121E-020 -6.04494092022E-004  3.98136331889E-001 -2.50105553891E-005
1 1 409   2.22455089820E-002  5.42101086243E-020 -2.71050543121E-020 -6.04494092022E-004  3.98136331889E-001 -2.50105553891E-005
1 1 410   2.22754491018E-002  5.42101086243E-020 -5.42101086243E-020 -6.04494092022E-004  3.98136331889E-001 -2.50105553891E-005
1 1 411   2.23053892216E-002  2.71050543121E-020  5.42101086243E-020 -6.04494092022E-004  3.98136331889E-001 -2.50105553891E-005
1 1 412   2.23353293413E-002  1.08420217249E-019 -1.35525271561E-020 -6.04494092022E-004  3.98136331889E-001 -2.50105553891E-005
1 1 413   2.23652694611E-002  5.42101086243E-020  1.35525271561E-020 -6.04494092022E-004  3.98136331889E-001 -2.50105553891E-005
1 1 414   2.23952095808E-002 -2.71050543121E-020  4.06575814682E-020 -6.04494092022E-004  3.98136331889E-001 -2.50105553891E-005
1 1 415   2.24251497006E-002  8.13151629364E-020 -1.35525271561E-020 -6.04494092022E-004  3.98136331889E-001 -2.50105553891E-005
1 1 416   2.24550898204E-002  8.13151629364E-020 -4.06575814682E-020 -6.04494092022E-004  3.98136331889E-001 -2.50105553891E-005
1 1 417   2.24850299401E-002  8.13151629364E-020  0.00000000000E+000 -6.04494092022E-004  3.98136331889E-001 -2.50105553891E-005
1 1 418   2.25149700599E-002  0.00000000000E+000  6.77626357803E-020 -6.04494092022E-004  3.98136331889E-001 -2.50105553891E-005
1 1 419   2.25449101796E-002  1.08420217249E-019 -1.35525271561E-020 -6.04494092022E-004  3.98136331889E-001 -2.50105553891E-005
1 1 420   2.25748502994E-002  5.42101086243E-020 -1.35525271561E-020 -6.04494092022E-004  3.98136331889E-001 -2.50105553891E-005
1 1 421   2.26047904192E-002  1.35525271561E-019 -2.71050543121E-020 -6.04494092022E-004  3.98136331889E-001 -2.50105553891E-005
1 1 422   2.26347305389E-002  1.35525271561E-019 -1.35525271561E-020 -6.04494092022E-004  3.98136331889E-001 -2.50105553891E-005
1 1 423   2.26646706587E-002  5.42101086243E-020  0.00000000000E+000 -6.04494092022E-004  3.98136331889E-001 -2.50105553891E-005
1 1 424   2.26946107784E-002  0.00000000000E+000  5.42101086243E-020 -6.04494092022E-004  3.98136331889E-001 -2.50105553891E-005
1 1 425   2.27245508982E-002  0.00000000000E+000  6.77626357803E-020 -6.04494092022E-004  3.98136331889E-001 -2.50105553891E-005
1 1 426   2.27544910180E-002  1.35525271561E-019  0.00000000000E+000 -6.04494092022E-004  3.98136331889E-001 -2.50105553891E-005
1 1 427   2.27844311377E-002  0.00000000000E+000  1.35525271561E-020 -6.04494092022E-004  3.98136331889E-001 -2.50105553891E-005
1 1 428   2.28143712575E-002  1.08420217249E-019  1.35525271561E-020 -6.04494092022E-004  3.98136331889E-001 -2.50105553891E-005
1 1 429   2.28443113772E-002  8.13151629364E-020  0.00000000000E+000 -6.04494092022E-004  3.98136331889E-001 -2.50105553891E-005
1 1 430   2.28742514970E-002  1.35525271561E-020  1.35525271561E-020 -6.04494092022E-004  3.98136331889E-001 -2.50105553891E-005
1 1 431   2.29041916168E-002  1.21972744405E-019 -4.06575814682E-020 -6.04494092022E-004  3.98136331889E-001 -2.50105553891E-005
1 1 432   2.29341317365E-002  8.13151629364E-020  1.35525271561E-020 -6.04494092022E-004  3.98136331889E-001 -2.50105553891E-005
1 1 433   2.29640718563E-002  8.13151629364E-020  6.77626357803E-021 -6.04494092022E-004  3.98136331889E-001 -2.50105553891E-005
1 1 434   2.29940119760E-002 -1.35525271561E-020  6.77626357803E-020 -6.04494092022E-004  3.98136331889E-001 -2.50105553891E-005
1 1 435   2.30239520958E-002  1.08420217249E-019 -2.71050543121E-020 -6.04494092022E-004  3.98136331889E-001 -2.50105553891E-005
1 1 436   2.30538922156E-002  6.77626357803E-020 -6.77626357803E-021 -6.04494092022E-004  3.98136331889E-001 -2.50105553891E-005
1 1 437   2.30838323353E-002  5.42101086243E-020  1.35525271561E-020 -6.04494092022E-004  3.98136331889E-001 -2.50105553891E-005
1 1 438   2.31137724551E-002 -2.71050543121E-020  8.13151629364E-020 -6.04494092022E-004  3.98136331889E-001 -2.50105553891E-005
1 1 439   2.31437125749E-002 -5.42101086243E-020  5.42101086243E-020 -6.04494092022E-004  3.98136331889E-001 -2.50105553891E-005
1 1 440   2.31736526946E-002  5.42101086243E-020  6.77626357803E-021 -6.04494092022E-004  3.98136331889E-001 -2.50105553891E-005
1 1 441   2.32035928144E-002  7.45388993584E-020  4.74338450462E-020 -6.04494092022E-004  3.98136331889E-001 -2.50105553891E-005
1 1 442   2.32335329341E-002  6.77626357803E-021 -1.69406589451E-020 -6.04494092022E-004  3.98136331889E-001 -2.50105553891E-005
1 1 443   2.32634730539E-002  1.28749007983E-019 -1.01643953671E-020 -6.04494092022E-004  3.98136331889E-001 -2.50105553891E-005
1 1 444   2.32934131737E-002  1.69406589451E-019 -2.03287907341E-020 -6.04494092022E-004  3.98136331889E-001 -2.50105553891E-005
1 1 445   2.33233532934E-002  7.79270311474E-020 -3.38813178902E-021 -6.04494092022E-004  3.98136331889E-001 -2.50105553891E-005
1 1 446   2.33532934132E-002  1.28749007983E-019 -4.91279109407E-020 -6.04494092022E-004  3.98136331889E-001 -2.50105553891E-005
1 1 447   2.33832335329E-002  6.43745039913E-020  8.47032947254E-022 -6.04494092022E-004  3.98136331889E-001 -2.50105553891E-005
1 1 448   2.34131736527E-002  9.82558218815E-020 -8.47032947254E-021 -6.04494092022E-004  3.98136331889E-001 -2.50105553891E-005
1 1 463   2.38622754491E-002  6.77626357803E-020 -5.42101086243E-020 -2.82369019705E-006  3.96722454914E-001  1.20541359214E-004
1 1 464   2.38922155689E-002 -1.21972744405E-019  0.00000000000E+000 -2.82369019705E-006  3.96722454914E-001  1.20541359214E-004
1 1 465   2.39221556886E-002 -2.71050543121E-020  5.42101086243E-020 -2.82369019705E-006  3.96722454914E-001  1.20541359214E-004
1 1 466   2.39520958084E-002  0.00000000000E+000 -2.71050543121E-020 -2.82369019705E-006  3.96722454914E-001  1.20541359214E-004
1 1 467   2.39820359281E-002 -5.42101086243E-020  5.42101086243E-020 -2.82369019705E-006  3.96722454914E-001  1.20541359214E-004
1 1 468   2.40119760479E-002 -2.03287907341E-020 -8.13151629364E-020 -2.82369019705E-006  3.96722454914E-001  1.20541359214E-004
1 1 469   2.40419161677E-002  1.35525271561E-020 -1.35525271561E-019 -2.82369019705E-006  3.96722454914E-001  1.20541359214E-004
1 1 470   2.40718562874E-002  4.74338450462E-020  0.00000000000E+000 -2.82369019705E-006  3.96722454914E-001  1.20541359214E-004
1 1 471   2.41017964072E-002 -4.06575814682E-020  2.71050543121E-020 -2.82369019705E-006  3.96722454914E-001  1.20541359214E-004
1 1 472   2.41317365269E-002 -1.01643953671E-020 -1.35525271561E-019 -2.82369019705E-006  3.96722454914E-001  1.20541359214E-004
1 1 473   2.41616766467E-002 -9.14795583035E-020  8.13151629364E-020 -2.82369019705E-006  3.96722454914E-001  1.20541359214E-004
1 1 474   2.41916167665E-002  1.35525271561E-020  1.35525271561E-020 -2.82369019705E-006  3.96722454914E-001  1.20541359214E-004
1 1 475   2.42215568862E-002  4.40457132572E-020  1.21972744405E-019 -2.82369019705E-006  3.96722454914E-001  1.20541359214E-004
1 1 476   2.42514970060E-002  1.18584612616E-020  1.01643953671E-020 -2.82369019705E-006  3.96722454914E-001  1.20541359214E-004
1 1 477   2.42814371257E-002 -1.62630325873E-019  0.00000000000E+000  1.28360346574E-007  3.96626804670E-001 -7.09585522282E-005
1 1 478   2.43113772455E-002  0.00000000000E+000  0.00000000000E+000  1.28360346574E-007  3.96626804670E-001 -7.09585522282E-005
1 1 479   2.43413173653E-002  0.00000000000E+000 -2.71050543121E-020  1.28360346574E-007  3.96626804670E-001 -7.09585522282E-005
1 1 480   2.43712574850E-002 -1.08420217249E-019  2.71050543121E-020  1.28360346574E-007  3.96626804670E-001 -7.09585522282E-005
1 1 481   2.44011976048E-002 -1.62630325873E-019  2.71050543121E-020  1.28360346574E-007  3.96626804670E-001 -7.09585522282E-005
1 1 482   2.44311377246E-002 -1.08420217249E-019  5.42101086243E-020  1.28360346574E-007  3.96626804670E-001 -7.09585522282E-005
1 1 483   2.44610778443E-002  5.42101086243E-020  8.13151629364E-020  1.28360346574E-007  3.96626804670E-001 -7.09585522282E-005
1 1 484   2.44910179641E-002 -1.62630325873E-019 -2.71050543121E-020  1.28360346574E-007  3.96626804670E-001 -7.09585522282E-005
1 1 485   2.45209580838E-002 -1.62630325873E-019  5.42101086243E-020  1.28360346574E-007  3.96626804670E-001 -7.09585522282E-005
1 1 486   2.45508982036E-002  1.08420217249E-019  5.42101086243E-020  1.28360346574E-007  3.96626804670E-001 -7.09585522282E-005
1 1 487   2.45808383234E-002 -5.42101086243E-020  2.71050543121E-020  1.28360346574E-007  3.96626804670E-001 -7.09585522282E-005
1 1 488   2.46107784431E-002 -5.42101086243E-020  1.08420217249E-019  1.28360346574E-007  3.96626804670E-001 -7.09585522282E-005
1 1 489   2.46407185629E-002 -5.42101086243E-020  2.71050543121E-020  1.28360346574E-007  3.96626804670E-001 -7.09585522282E-005
1 1 490   2.46706586826E-002 -5.42101086243E-020  8.13151629364E-020  1.28360346574E-007  3.96626804670E-001 -7.09585522282E-005
1 1 491   2.47005988024E-002  2.16840434497E-019  5.42101086243E-020  1.28360346574E-007  3.96626804670E-001 -7.09585522282E-005
1 1 492   2.47305389222E-002 -1.08420217249E-019  8.13151629364E-020  1.28360346574E-007  3.96626804670E-001 -7.09585522282E-005
1 1 493   2.47604790419E-002  5.42101086243E-020  1.08420217249E-019  1.28360346574E-007  3.96626804670E-001 -7.09585522282E-005
1 1 494   2.47904191617E-002  0.00000000000E+000 -2.71050543121E-020  1.28360346574E-007  3.96626804670E-001 -7.09585522282E-005
1 1 495   2.48203592814E-002 -1.08420217249E-019  1.35525271561E-019  1.28360346574E-007  3.96626804670E-001 -7.09585522282E-005
1 1 496   2.48502994012E-002 -1.08420217249E-019  0.00000000000E+000  1.28360346574E-007  3.96626804670E-001 -7.09585522282E-005
1 1 497   2.48802395210E-002  1.08420217249E-019 -2.71050543121E-020  1.28360346574E-007  3.96626804670E-001 -7.09585522282E-005
1 1 498   2.49101796407E-002 -1.08420217249E-019 -1.08420217249E-019  1.28360346574E-007  3.96626804670E-001 -7.09585522282E-005
1 1 499   2.49401197605E-002  0.00000000000E+000  1.08420217249E-019  1.28360346574E-007  3.96626804670E-001 -7.09585522282E-005
1 1 500   2.49700598802E-002  0.00000000000E+000  5.42101086243E-020  1.28360346574E-007  3.96626804670E-001 -7.09585522282E-005
1 1 501   2.50000000000E-002  0.00000000000E+000  2.71050543121E-020  1.28360346564E-007  1.23424956822E-005 -6.17174375495E-008
