1 1 3   1.00898203593E-002  9.61145225908E-017  3.86584143061E-016  1.85119155066E-004  5.63425247376E-001 -1.02440649876E-007
1 1 4   1.01197604790E-002  1.09965205344E-016  4.22130727725E-016  1.77765254701E-004  5.62751530555E-001 -1.01937950133E-007
1 1 5   1.01497005988E-002  1.24297002812E-016  4.59118962466E-016  1.70411354337E-004  5.62077813734E-001 -1.01435250448E-007
1 1 6   1.01796407186E-002  1.39116691257E-016  4.97326924651E-016  1.63057453973E-004  5.61404096913E-001 -1.00932550821E-007
1 1 7   1.02095808383E-002  1.54525914633E-016  5.36717344830E-016  1.55703553610E-004  5.60730380092E-001 -1.00429851252E-007
1 1 8   1.02395209581E-002  1.70558554259E-016  5.77391866957E-016  1.48349653247E-004  5.60056663271E-001 -9.99271517410E-008
1 1 9   1.02694610778E-002  1.87011322227E-016  6.19445358722E-016  1.40995752885E-004  5.59382946450E-001 -9.94244522875E-008
1 1 10   1.02994011976E-002  2.04087506443E-016  6.62576276397E-016  1.33641852523E-004  5.58709229629E-001 -9.89217528919E-008
1 1 11   1.03293413174E-002  2.21665134165E-016  7.07126821290E-016  1.26287952162E-004  5.58035512808E-001 -9.84190535541E-008
1 1 12   1.03592814371E-002  2.39710324073E-016  7.52809002202E-016  1.18934051802E-004  5.57361795988E-001 -9.79163542741E-008
1 1 13   1.03892215569E-002  2.58446692866E-016  7.99843047697E-016  1.11580151442E-004  5.56688079167E-001 -9.74136550519E-008
1 1 14   1.04191616766E-002  2.77576084947E-016  8.48110373163E-016  1.04226251083E-004  5.56014362346E-001 -9.69109558876E-008
1 1 15   1.04491017964E-002  2.97301788223E-016  8.97749892004E-016  9.68723507243E-005  5.55340645525E-001 -9.64082567811E-008
1 1 16   1.04790419162E-002  3.17542487530E-016  9.48487165545E-016  8.95184503662E-005  5.54666928704E-001 -9.59055577324E-008
1 1 17   1.05089820359E-002  3.38406603087E-016  1.00057969180E-015  8.21645500086E-005  5.53993211883E-001 -9.54028587416E-008
1 1 18   1.05389221557E-002  3.59792490939E-016  1.05391566242E-015  7.48106496517E-005  5.53319495062E-001 -9.49001598086E-008
1 1 19   1.05688622754E-002  3.81557849552E-016  1.10850524181E-015  6.74567492953E-005  5.52645778241E-001 -9.43974609334E-008
1 1 20   1.05988023952E-002  4.04014387050E-016  1.16438231127E-015  6.01028489395E-005  5.51972061420E-001 -9.38947621160E-008
1 1 21   1.06287425150E-002  4.27013025633E-016  1.22142489807E-015  5.27489485842E-005  5.51298344599E-001 -9.33920633565E-008
1 1 22   1.06586826347E-002  4.50431792559E-016  1.27986000704E-015  4.53950482295E-005  5.50624627778E-001 -9.28893646548E-008
1 1 23   1.06886227545E-002  4.74487528261E-016  1.33945724521E-015  3.80411478754E-005  5.49950910958E-001 -9.23866660110E-008
1 1 24   1.07185628742E-002  4.99017602414E-016  1.40048427499E-015  3.06872475218E-005  5.49277194137E-001 -9.18839674249E-008
1 1 25   1.07485029940E-002  5.24211750397E-016  1.46257517816E-015  2.33333471689E-005  5.48603477316E-001 -9.13812688967E-008
1 1 26   1.07784431138E-002  5.49758264086E-016  1.52602811030E-015  1.59794468165E-005  5.47929760495E-001 -9.08785704263E-008
1 1 27   1.08083832335E-002  5.76023061714E-016  1.59070754615E-015  8.62554646463E-006  5.47256043674E-001 -9.03758720138E-008
1 1 28   1.08383233533E-002  6.02653777576E-016  1.65668802461E-015  1.27164611336E-006  5.46582326853E-001 -8.98731736591E-008
1 1 29   1.08682634731E-002  6.29948567268E-016  1.72388145425E-015 -6.08225423734E-006  5.45908610032E-001 -8.93704753622E-008
1 1 30   1.08982035928E-002  6.57799010574E-016  1.79245046540E-015 -1.34361545875E-005  5.45234893211E-001 -8.88677771232E-008
1 1 31   1.09281437126E-002  6.86123792330E-016  1.86221887520E-015 -2.07900549370E-005  5.44561176390E-001 -8.83650789419E-008
1 1 32   1.09580838323E-002  7.14895807483E-016  1.93317990739E-015 -2.81439552860E-005  5.43887459569E-001 -8.78623808185E-008
1 1 33   1.09880239521E-002  7.44291238884E-016  2.00551652108E-015 -3.54978556344E-005  5.43213742749E-001 -8.73596827530E-008
1 1 34   1.10179640719E-002  7.74282981481E-016  2.07906608596E-015 -4.28517559823E-005  5.42540025928E-001 -8.68569847453E-008
1 1 35   1.10479041916E-002  8.04762615055E-016  2.15390314091E-015 -5.02056563295E-005  5.41866309107E-001 -8.63542867953E-008
1 1 36   1.10778443112E-002  7.00442714897E-015  6.12777515362E-017 -9.54329751966E-006  5.40564389534E-001  1.41714347604E-007
1 1 37   1.11077844310E-002  6.86599824847E-015 -7.52978408791E-017 -2.22610991388E-005  5.39763292116E-001  9.57056384255E-008
1 1 38   1.11377245507E-002  6.72854512992E-015 -2.01485421229E-016 -3.49789007583E-005  5.38962194699E-001  4.96969291307E-008
1 1 39   1.11676646705E-002  6.59174592080E-015 -3.17603473902E-016 -4.76967023783E-005  5.38161097282E-001  3.68821971934E-009
1 1 40   1.11976047903E-002  6.45575986332E-015 -4.23516473627E-016 -6.04145039986E-005  5.37359999865E-001 -4.23204898086E-008
1 1 41   1.12275449100E-002  6.32072248274E-015 -5.19183762822E-016 -7.31323056194E-005  5.36558902448E-001 -8.83291994531E-008
1 1 42   1.12574850298E-002  6.18609167797E-015 -6.04876392030E-016 -8.58501072405E-005  5.35757805030E-001 -1.34337909214E-007
1 1 43   1.12874251495E-002  6.05251119406E-015 -6.80296205653E-016 -9.85679088620E-005  5.34956707613E-001 -1.80346619092E-007
1 1 44   1.13173652693E-002  5.91963544155E-015 -7.45348336002E-016 -1.11285710484E-004  5.34155610196E-001 -2.26355329086E-007
1 1 45   1.13473053891E-002  5.78703751586E-015 -8.00547779109E-016 -1.24003512106E-004  5.33354512779E-001 -2.72364039197E-007
1 1 46   1.13772455088E-002  5.65583550046E-015 -8.45271118724E-016 -1.36721313729E-004  5.32553415361E-001 -3.18372749424E-007
1 1 47   1.14071856286E-002  5.52537887406E-015 -8.79843615499E-016 -1.49439115352E-004  5.31752317944E-001 -3.64381459768E-007
1 1 48   1.14371257483E-002  5.39561342654E-015 -9.04319479543E-016 -1.62156916976E-004  5.30951220527E-001 -4.10390170228E-007
1 1 49   1.14670658681E-002  5.26670856449E-015 -9.18698710856E-016 -1.74874718600E-004  5.30150123110E-001 -4.56398880805E-007
1 1 50   1.14970059879E-002  5.13844067122E-015 -9.22832231638E-016 -1.87592520224E-004  5.29349025693E-001 -5.02407591499E-007
1 1 51   1.15269461076E-002  5.01091816695E-015 -9.16543859038E-016 -2.00310321849E-004  5.28547928275E-001 -5.48416302309E-007
1 1 52   1.15568862274E-002  4.88432739892E-015 -9.00226616342E-016 -2.13028123474E-004  5.27746830858E-001 -5.94425013236E-007
1 1 53   1.15868263472E-002  4.75855994691E-015 -8.74060074535E-016 -2.25745925100E-004  5.26945733441E-001 -6.40433724279E-007
1 1 54   1.16167664672E-002 -3.12330185586E-015 -8.43251792178E-016  1.81311877227E-004  5.23957579350E-001 -7.09632582412E-007
1 1 55   1.16467065869E-002 -3.00595052322E-015 -8.42736796146E-016  1.80468192735E-004  5.22757309513E-001 -6.91322822980E-007
1 1 56   1.16766467067E-002 -2.88881603101E-015 -8.42221800114E-016  1.79624508234E-004  5.21557039676E-001 -6.73013063546E-007
1 1 57   1.17065868264E-002 -2.77147147463E-015 -8.41639041446E-016  1.78780823724E-004  5.20356769840E-001 -6.54703304110E-007
1 1 58   1.17365269462E-002 -2.65443862637E-015 -8.41140986073E-016  1.77937139206E-004  5.19156500003E-001 -6.36393544673E-007
1 1 59   1.17664670660E-002 -2.53712456317E-015 -8.40524346088E-016  1.77093454679E-004  5.17956230166E-001 -6.18083785234E-007
1 1 60   1.17964071857E-002 -2.41996296591E-015 -8.40080500823E-016  1.76249770144E-004  5.16755960329E-001 -5.99774025794E-007
1 1 61   1.18263473055E-002 -2.30330535325E-015 -8.39508541826E-016  1.75406085600E-004  5.15555690493E-001 -5.81464266353E-007
1 1 62   1.18562874252E-002 -1.79354144383E-016  6.42308472035E-016 -4.65855540568E-005  5.14175397727E-001  2.51800338797E-007
1 1 63   1.18862275449E-002 -1.92811803849E-016  5.93424506583E-016 -4.23232937903E-005  5.12986524223E-001  2.63644034447E-007
1 1 64   1.19161676647E-002 -2.06228805734E-016  5.45963556482E-016 -3.80610335236E-005  5.11797650719E-001  2.75487730168E-007
1 1 65   1.19461077845E-002 -2.19686465200E-016  4.98868524615E-016 -3.37987732567E-005  5.10608777215E-001  2.87331425959E-007
1 1 66   1.19760479042E-002 -2.32859521596E-016  4.53020325246E-016 -2.95365129897E-005  5.09419903712E-001  2.99175121821E-007
1 1 67   1.20059880240E-002 -2.46330733589E-016  4.08093697724E-016 -2.52742527225E-005  5.08231030208E-001  3.11018817753E-007
1 1 68   1.20359281437E-002 -2.59829050636E-016  3.63505883380E-016 -2.10119924552E-005  5.07042156704E-001  3.22862513756E-007
1 1 69   1.20658682635E-002 -2.72920791869E-016  3.20476609660E-016 -1.67497321876E-005  5.05853283201E-001  3.34706209829E-007
1 1 70   1.20958083833E-002 -2.86283583645E-016  2.78043647134E-016 -1.24874719199E-005  5.04664409697E-001  3.46549905972E-007
1 1 71   1.21257485030E-002 -2.99754795638E-016  2.36545808982E-016 -8.22521165208E-006  5.03475536193E-001  3.58393602186E-007
1 1 72   1.21556886228E-002 -3.12805879289E-016  1.96064410367E-016 -3.96295138406E-006  5.02286662690E-001  3.70237298471E-007
1 1 73   1.21856287425E-002 -3.25965383158E-016  1.56531688653E-016  2.99308884128E-007  5.01097789186E-001  3.82080994825E-007
1 1 74   1.22155688623E-002 -3.39246859771E-016  1.17568173079E-016  4.56156915248E-006  4.99908915682E-001  3.93924691251E-007
1 1 75   1.22455089821E-002 -3.52528336384E-016  7.94991242975E-017  8.82382942100E-006  4.98720042179E-001  4.05768387746E-007
1 1 76   1.22754491018E-002 -3.65552314981E-016  4.27175655959E-017  1.30860896897E-005  4.97531168675E-001  4.17612084312E-007
1 1 77   1.23053892216E-002 -3.78738923903E-016  6.84402621381E-018  1.73483499585E-005  4.96342295171E-001  4.29455780949E-007
1 1 78   1.23353293413E-002 -3.91803560082E-016 -2.84806358185E-017  2.16106102275E-005  4.95153421668E-001  4.41299477656E-007
1 1 79   1.23652694611E-002 -4.04949511423E-016 -6.28295158955E-017  2.58728704967E-005  4.93964548164E-001  4.53143174433E-007
1 1 80   1.23952095809E-002 -4.17973490020E-016 -9.61348513816E-017  3.01351307661E-005  4.92775674660E-001  4.64986871281E-007
1 1 81   1.24251497006E-002 -4.31085560044E-016 -1.28450852385E-016  3.43973910356E-005  4.91586801156E-001  4.76830568199E-007
1 1 82   1.24550898204E-002 -4.44156972486E-016 -1.60217976039E-016  3.86596513052E-005  4.90397927653E-001  4.88674265188E-007
1 1 83   1.24850299401E-002 -4.57042037679E-016 -1.90457052256E-016  4.29219115751E-005  4.89209054149E-001  5.00517962247E-007
1 1 84   1.25149700599E-002 -4.70035523090E-016 -2.20316657713E-016  4.71841718451E-005  4.88020180645E-001  5.12361659376E-007
1 1 85   1.25449101797E-002 -4.78693046844E-016 -2.39504495067E-016 -7.14527953944E-006  4.86757399008E-001 -4.33165376822E-008
1 1 86   1.25748502994E-002 -4.78356774764E-016 -2.39673054623E-016 -6.87055900259E-006  4.85561941706E-001 -4.37873753513E-008
1 1 87   1.26047904192E-002 -4.77164152374E-016 -2.39896671321E-016 -6.59583846881E-006  4.84366484403E-001 -4.42582130190E-008
1 1 88   1.26347305390E-002 -4.74863610890E-016 -2.40482818121E-016 -6.32111793811E-006  4.83171027101E-001 -4.47290506852E-008
1 1 89   1.26646706587E-002 -4.71461926574E-016 -2.40489594384E-016 -6.04639741048E-006  4.81975569799E-001 -4.51998883500E-008
1 1 90   1.26946107785E-002 -4.67186104256E-016 -2.40801302509E-016 -5.77167688592E-006  4.80780112497E-001 -4.56707260133E-008
1 1 91   1.27245508982E-002 -4.61870125479E-016 -2.40882617672E-016 -5.49695636443E-006  4.79584655195E-001 -4.61415636751E-008
1 1 92   1.27544910180E-002 -4.55351359917E-016 -2.41424718758E-016 -5.22223584602E-006  4.78389197893E-001 -4.66124013355E-008
1 1 93   1.27844311378E-002 -4.48087205361E-016 -2.41587349084E-016 -4.94751533068E-006  4.77193740590E-001 -4.70832389944E-008
1 1 94   1.28143712575E-002 -4.39786282478E-016 -2.41912609736E-016 -4.67279481842E-006  4.75998283288E-001 -4.75540766518E-008
1 1 95   1.28443113773E-002 -4.30401157422E-016 -2.42414053241E-016 -4.39807430922E-006  4.74802825986E-001 -4.80249143078E-008
1 1 96   1.28742514971E-002 -4.20080907993E-016 -2.42576683566E-016 -4.12335380310E-006  4.73607368684E-001 -4.84957519623E-008
1 1 97   1.29041916168E-002 -4.08595141228E-016 -2.42779971474E-016 -3.84863330005E-006  4.72411911382E-001 -4.89665896154E-008
1 1 98   1.29341317366E-002 -3.96357209206E-016 -2.43132337180E-016 -3.57391280008E-006  4.71216454080E-001 -4.94374272670E-008
1 1 99   1.29640718564E-002 -3.82872444686E-016 -2.43430492777E-016 -3.29919230318E-006  4.70020996778E-001 -4.99082649171E-008
1 1 100   1.29940119761E-002 -3.68371240629E-016 -2.43864173646E-016 -3.02447180935E-006  4.68825539476E-001 -5.03791025657E-008
1 1 101   1.30239520959E-002 -3.53097542524E-016 -2.43945488809E-016 -2.74975131859E-006  4.67630082174E-001 -5.08499402129E-008
1 1 102   1.30538922156E-002 -3.36712537193E-016 -2.44243644407E-016 -2.47503083090E-006  4.66434624872E-001 -5.13207778587E-008
1 1 103   1.30838323354E-002 -3.19270434743E-016 -2.44568905058E-016 -2.20031034629E-006  4.65239167570E-001 -5.17916155029E-008
1 1 104   1.31137724552E-002 -3.01001628136E-016 -2.44758640439E-016 -1.92558986475E-006  4.64043710267E-001 -5.22624531457E-008
1 1 105   1.31437125749E-002 -2.81445331450E-016 -2.45138111199E-016 -1.65086938629E-006  4.62848252965E-001 -5.27332907871E-008
1 1 106   1.31736526947E-002 -2.79669950393E-016  1.98033592563E-015 -1.91728957093E-005  4.61061912180E-001  2.21402578373E-007
1 1 107   1.32035928145E-002 -2.88343567773E-016  1.89570716980E-015 -1.81694411523E-005  4.59926888117E-001  2.19266844571E-007
1 1 108   1.32335329342E-002 -2.96908764935E-016  1.81282668998E-015 -1.71659865936E-005  4.58791864054E-001  2.17131110793E-007
1 1 109   1.32634730540E-002 -3.05230016609E-016  1.73169448616E-015 -1.61625320332E-005  4.57656839991E-001  2.14995377038E-007
1 1 110   1.32934131737E-002 -3.13253112685E-016  1.65215470428E-015 -1.51590774710E-005  4.56521815928E-001  2.12859643306E-007
1 1 111   1.33233532935E-002 -3.21221998653E-016  1.57408537160E-015 -1.41556229071E-005  4.55386791865E-001  2.10723909597E-007
1 1 112   1.33532934133E-002 -3.28730098698E-016  1.49763895404E-015 -1.31521683414E-005  4.54251767802E-001  2.08588175911E-007
1 1 113   1.33832335330E-002 -3.35940043145E-016  1.42336771709E-015 -1.21487137740E-005  4.53116743739E-001  2.06452442248E-007
1 1 114   1.34131736528E-002 -3.43041567374E-016  1.35032976012E-015 -1.11452592048E-005  4.51981719676E-001  2.04316708609E-007
1 1 115   1.34431137725E-002 -3.49804278425E-016  1.27898586904E-015 -1.01418046339E-005  4.50846695613E-001  2.02180974993E-007
1 1 116   1.34730538923E-002 -3.56092651026E-016  1.20955627242E-015 -9.13835006123E-006  4.49711671550E-001  2.00045241400E-007
1 1 117   1.35029940120E-002 -3.62597864061E-016  1.14150564543E-015 -8.13489548681E-006  4.48576647487E-001  1.97909507830E-007
1 1 118   1.35329341318E-002 -3.68452555792E-016  1.07519651819E-015 -7.13144091063E-006  4.47441623424E-001  1.95773774283E-007
1 1 119   1.35628742516E-002 -3.74253037415E-016  1.01062719662E-015 -6.12798633271E-006  4.46306599361E-001  1.93638040760E-007
1 1 120   1.35928143713E-002 -3.79728258386E-016  9.47570675896E-016 -5.12453175304E-006  4.45171575298E-001  1.91502307259E-007
1 1 121   1.36227544911E-002 -3.84918876287E-016  8.86199750735E-016 -4.12107717162E-006  4.44036551235E-001  1.89366573782E-007
1 1 122   1.36526946108E-002 -3.89879101226E-016  8.26680439598E-016 -3.11762258844E-006  4.42901527172E-001  1.87230840328E-007
1 1 123   1.36826347306E-002 -3.94385316505E-016  7.68563815021E-016 -2.11416800352E-006  4.41766503109E-001  1.85095106897E-007
1 1 124   1.37125748504E-002 -3.98993175738E-016  7.12263229083E-016 -1.11071341685E-006  4.40631479046E-001  1.82959373489E-007
1 1 125   1.37425149701E-002 -4.03065710149E-016  6.57564382448E-016 -1.07258828433E-007  4.39496454984E-001  1.80823640105E-007
1 1 126   1.37724550899E-002 -4.07012883683E-016  6.04602800388E-016  8.96195761737E-007  4.38361430921E-001  1.78687906743E-007
1 1 127   1.38023952096E-002 -4.10665289751E-016  5.53325966860E-016  1.89965035366E-006  4.37226406858E-001  1.76552173405E-007
1 1 128   1.38323353294E-002 -4.14043257145E-016  5.03603862307E-016  2.90310494732E-006  4.36091382795E-001  1.74416440090E-007
1 1 129   1.38622754491E-002 -4.17292475531E-016  4.55448345189E-016  3.90655954274E-006  4.34956358732E-001  1.72280706798E-007
1 1 130   1.38922155689E-002 -4.20069049532E-016  4.09166253193E-016  4.91001413991E-006  4.33821334669E-001  1.70144973530E-007
1 1 131   1.39221556887E-002 -4.22794801556E-016  3.64447148743E-016  5.91346873882E-006  4.32686310606E-001  1.68009240284E-007
1 1 132   1.39520958084E-002 -4.25225786115E-016  3.21408345902E-016  6.91692333949E-006  4.31551286543E-001  1.65873507062E-007
1 1 133   1.39820359282E-002  1.15177507289E-015  2.40174498128E-016 -3.25195221824E-005  4.30494432999E-001  2.61057224218E-008
1 1 134   1.40119760480E-002  1.20186521325E-015  1.53211319499E-016 -3.16420846799E-005  4.29363567042E-001  1.62475228026E-008
1 1 135   1.40419161677E-002  1.25209087889E-015  6.10033128613E-017 -3.07646471775E-005  4.28232701085E-001  6.38932356571E-009
1 1 136   1.40718562875E-002  1.30269601530E-015 -3.67747824380E-017 -2.98872096753E-005  4.27101835127E-001 -3.46887528899E-009
1 1 137   1.41017964073E-002  1.35319273148E-015 -1.39943395414E-016 -2.90097721733E-005  4.25970969170E-001 -1.33270737615E-008
1 1 138   1.41317365270E-002  1.40404181337E-015 -2.48621110678E-016 -2.81323346714E-005  4.24840103213E-001 -2.31852718517E-008
1 1 139   1.41616766467E-002 -3.69831525430E-016  8.05939143818E-017  1.80369527941E-005  4.23659722676E-001  1.67551805441E-007
1 1 140   1.41916167665E-002 -3.84559734317E-016  7.29740059883E-017  1.62806053303E-005  4.22532563584E-001  1.66011022794E-007
1 1 141   1.42215568862E-002 -3.88449309611E-016  6.50453540856E-017  1.45242578684E-005  4.21405404493E-001  1.64470240166E-007
1 1 142   1.42514970060E-002 -3.81720479878E-016  5.67554426308E-017  1.27679104085E-005  4.20278245402E-001  1.62929457556E-007
1 1 143   1.42814371258E-002 -3.64088642048E-016  4.81504349196E-017  1.10115629505E-005  4.19151086311E-001  1.61388674966E-007
1 1 144   1.43113772455E-002 -3.35885833036E-016  3.91701916128E-017  9.25521549454E-006  4.18023927220E-001  1.59847892395E-007
1 1 145   1.43413173653E-002 -2.96868107354E-016  2.99205918288E-017  7.49886804051E-006  4.16896768128E-001  1.58307109843E-007
1 1 146   1.43712574850E-002 -2.47143885218E-016  2.03067678775E-017  5.74252058845E-006  4.15769609037E-001  1.56766327310E-007
1 1 147   1.44011976048E-002 -1.86672509048E-016  1.03676832744E-017  3.98617313836E-006  4.14642449946E-001  1.55225544797E-007
1 1 148   1.44311377246E-002 -1.15453978843E-016  1.81265050712E-019  2.22982569022E-006  4.13515290855E-001  1.53684762302E-007
1 1 149   1.44610778443E-002 -3.34476370212E-017 -1.04964322824E-017  4.73478244054E-007  4.12388131764E-001  1.52143979826E-007
1 1 150   1.44910179641E-002  5.91838860906E-017 -2.14739792788E-017 -1.28286920015E-006  4.11260972672E-001  1.50603197370E-007
1 1 151   1.45209580838E-002  1.62698088509E-016 -3.26903895663E-017 -3.03921664239E-006  4.10133813581E-001  1.49062414933E-007
1 1 152   1.45508982036E-002  2.76796814636E-016 -4.42202020444E-017 -4.79556408267E-006  4.09006654490E-001  1.47521632514E-007
1 1 153   1.45808383234E-002  4.01805325123E-016 -5.62362114341E-017 -6.55191152098E-006  4.07879495399E-001  1.45980850115E-007
1 1 154   1.46107784431E-002  5.37384806792E-016 -6.83809698318E-017 -8.30825895733E-006  4.06752336308E-001  1.44440067735E-007
1 1 155   1.46407185629E-002  6.84029926885E-016 -8.10182778884E-017 -1.00646063917E-005  4.05625177217E-001  1.42899285374E-007
1 1 156   1.46706586826E-002  8.41174867391E-016 -9.39556473665E-017 -1.18209538241E-005  4.04498018126E-001  1.41358503032E-007
1 1 157   1.47005988024E-002  3.49613939534E-015 -1.04952040846E-016 -2.36179934570E-005  4.03337465817E-001  3.51893093535E-008
1 1 158   1.47305389222E-002  3.59734352715E-015 -9.93908460308E-017 -2.22307936790E-005  4.02328180433E-001  3.16860998659E-008
1 1 159   1.47604790419E-002  3.70022266662E-015 -9.12796585279E-017 -2.08435939025E-005  4.01318895049E-001  2.81828904125E-008
1 1 160   1.47904191617E-002  3.80441544831E-015 -8.06578653693E-017 -1.94563941274E-005  4.00309609664E-001  2.46796809933E-008
1 1 161   1.48203592814E-002  3.91099283950E-015 -6.75525716094E-017 -1.80691943537E-005  3.99300324280E-001  2.11764716084E-008
1 1 162   1.48502994012E-002  4.01890923096E-015 -5.17909825269E-017 -1.66819945815E-005  3.98291038896E-001  1.76732622576E-008
1 1 163   1.48802395210E-002  4.12915919820E-015 -3.37932264637E-017 -1.52947948107E-005  3.97281753511E-001  1.41700529411E-008
1 1 164   1.49101796407E-002  4.24108994350E-015 -1.30646361785E-017 -1.39075950413E-005  3.96272468127E-001  1.06668436588E-008
1 1 165   1.49401197605E-002  4.35434084258E-015  1.03066969022E-017 -1.25203952734E-005  3.95263182743E-001  7.16363441070E-009
1 1 166   1.49700598802E-002  4.46936595806E-015  3.60971560802E-017 -1.11331955069E-005  3.94253897358E-001  3.66042519681E-009
1 1 167   1.50000000000E-002  4.58680262927E-015  6.43067413555E-017 -9.74599574188E-006  3.93244611974E-001  1.57216017137E-010
1 1 168   1.50299401198E-002  4.70501113279E-015  9.52200557985E-017 -8.35879597828E-006  3.92235326589E-001 -3.34599312832E-009
1 1 169   1.50598802396E-002  8.42333158477E-016  1.11747690891E-015 -6.07397991529E-005  3.91048135753E-001  2.12745491428E-007
1 1 170   1.50898203594E-002  8.13073278817E-016  1.06063771589E-015 -5.71090363878E-005  3.90043273613E-001  2.09015609692E-007
1 1 171   1.51197604791E-002  7.84346579927E-016  1.00644454793E-015 -5.34782736206E-005  3.89038411473E-001  2.05285728001E-007
1 1 172   1.51497005989E-002  7.56690954199E-016  9.55033036161E-016 -4.98475108513E-005  3.88033549334E-001  2.01555846354E-007
1 1 173   1.51796407187E-002  7.29403787803E-016  9.05932230275E-016 -4.62167480799E-005  3.87028687194E-001  1.97825964753E-007
1 1 174   1.52095808384E-002  7.02971277651E-016  8.59653738168E-016 -4.25859853064E-005  3.86023825054E-001  1.94096083195E-007
1 1 175   1.52395209582E-002  6.77375636051E-016  8.16116244680E-016 -3.89552225308E-005  3.85018962914E-001  1.90366201683E-007
1 1 176   1.52694610779E-002  6.52150994882E-016  7.74872516412E-016 -3.53244597530E-005  3.84014100774E-001  1.86636320215E-007
1 1 177   1.52994011977E-002  6.27944487315E-016  7.36735704995E-016 -3.16936969732E-005  3.83009238634E-001  1.82906438792E-007
1 1 178   1.53293413174E-002  6.04510473796E-016  7.01072229783E-016 -2.80629341912E-005  3.82004376494E-001  1.79176557413E-007
1 1 179   1.53592814372E-002  5.81601620705E-016  6.67997287259E-016 -2.44321714072E-005  3.80999514354E-001  1.75446676080E-007
1 1 180   1.53892215569E-002  5.59553353088E-016  6.37585416321E-016 -2.08014086210E-005  3.79994652215E-001  1.71716794790E-007
1 1 181   1.54191616767E-002  5.38099702600E-016  6.09728196752E-016 -1.71706458327E-005  3.78989790075E-001  1.67986913546E-007
1 1 182   1.54491017965E-002  5.17320290338E-016  5.84554377559E-016 -1.35398830423E-005  3.77984927935E-001  1.64257032346E-007
1 1 183   1.54790419162E-002  4.97452285527E-016  5.62321456760E-016 -9.90912024984E-006  3.76980065795E-001  1.60527151191E-007
1 1 184   1.55089820360E-002  4.78187368175E-016  5.42385689313E-016 -6.27835745523E-006  3.75975203655E-001  1.56797270081E-007
1 1 185   1.55389221557E-002  4.59728826188E-016  5.25417925314E-016 -2.64759465853E-006  3.74970341516E-001  1.53067389015E-007
1 1 186   1.55688622755E-002  4.41829325947E-016  5.10760867194E-016  9.83168140290E-007  3.73965479376E-001  1.49337507994E-007
1 1 187   1.55988023952E-002  4.24732812939E-016  4.98936287251E-016  4.61393094121E-006  3.72960617236E-001  1.45607627017E-007
1 1 188   1.56287425150E-002  4.08434204968E-016  4.89747673839E-016  8.24469374425E-006  3.71955755096E-001  1.41877746085E-007
1 1 189   1.56586826348E-002  3.92730214126E-016  4.83154369377E-016  1.18754565494E-005  3.70950892957E-001  1.38147865198E-007
1 1 190   1.56886227545E-002  3.77764836014E-016  4.79163150130E-016  1.55062193566E-005  3.69946030817E-001  1.34417984356E-007
1 1 191   1.57185628743E-002  3.63495718985E-016  4.78048454771E-016  1.91369821660E-005  3.68941168677E-001  1.30688103558E-007
1 1 192   1.57485029940E-002  3.50048223914E-016  4.79420648146E-016  2.27677449774E-005  3.67936306537E-001  1.26958222805E-007
1 1 193   1.57784431138E-002  3.37222451027E-016  4.83316999703E-016  2.63985077910E-005  3.66931444398E-001  1.23228342097E-007
1 1 194   1.58083832335E-002  3.25212370868E-016  4.90086487018E-016  3.00292706067E-005  3.65926582258E-001  1.19498461433E-007
1 1 195   1.58383233533E-002  3.13807072233E-016  4.99242913178E-016  3.36600334245E-005  3.64921720118E-001  1.15768580814E-007
1 1 196   1.58682634731E-002  3.03203066766E-016  5.11383436411E-016  3.72907962444E-005  3.63916857979E-001  1.12038700240E-007
1 1 197   1.58982035928E-002  2.93199607659E-016  5.25848959205E-016  4.09215590664E-005  3.62911995839E-001  1.08308819710E-007
1 1 198   1.59281437126E-002 -1.37017065987E-015  1.78844569362E-015 -1.46619579157E-006  3.61890971223E-001  1.57815391987E-007
1 1 199   1.59580838323E-002 -1.35908977486E-015  1.85588306875E-015 -2.61235021544E-006  3.60882985557E-001  1.61500355767E-007
1 1 200   1.59880239521E-002 -1.34775139183E-015  1.92454017132E-015 -3.75850464011E-006  3.59874999892E-001  1.65185319472E-007
1 1 201   1.60179640719E-002 -1.33650957055E-015  1.99490489232E-015 -4.90465906559E-006  3.58867014226E-001  1.68870283103E-007
1 1 202   1.60479041916E-002 -1.32434448336E-015  2.06676039130E-015 -6.05081349187E-006  3.57859028561E-001  1.72555246659E-007
1 1 203   1.60778443114E-002 -1.31263848803E-015  2.13991693289E-015 -7.19696791896E-006  3.56851042896E-001  1.76240210140E-007
1 1 204   1.61077844311E-002 -1.30039547381E-015  2.21440162214E-015 -8.34312234685E-006  3.55843057230E-001  1.79925173547E-007
1 1 205   1.61377245509E-002 -1.28712585566E-015  2.29029577421E-015 -9.48927677554E-006  3.54835071565E-001  1.83610136880E-007
1 1 206   1.61676646707E-002 -1.27369445421E-015  2.36713860319E-015 -1.06354312050E-005  3.53827085899E-001  1.87295100137E-007
1 1 207   1.61976047904E-002 -1.26104062902E-015  2.44609562640E-015 -1.17815856353E-005  3.52819100234E-001  1.90980063320E-007
1 1 208   1.62275449102E-002 -1.24703663330E-015  2.52589290629E-015 -1.29277400664E-005  3.51811114569E-001  1.94665026429E-007
1 1 209   1.62574850299E-002 -1.26095084352E-015  2.49557929118E-015  5.03585283904E-005  3.50219138880E-001  7.85342296925E-008
1 1 210   1.62874251497E-002 -1.29278403575E-015  2.38680670822E-015  4.75721429671E-005  3.49369814318E-001  8.43431332183E-008
1 1 211   1.63173652695E-002 -1.32467482621E-015  2.27891165140E-015  4.47857575447E-005  3.48520489756E-001  9.01520368223E-008
1 1 212   1.63473053892E-002 -1.35660796832E-015  2.17173149039E-015  4.19993721234E-005  3.47671165194E-001  9.59609405044E-008
1 1 213   1.63772455090E-002 -1.38705710871E-015  2.06471395970E-015  3.92129867030E-005  3.46821840632E-001  1.01769844265E-007
1 1 214   1.64071856287E-002 -1.41762144558E-015  1.95852990943E-015  3.64266012836E-005  3.45972516070E-001  1.07578748103E-007
1 1 215   1.64371257485E-002 -1.44696944314E-015  1.85258980465E-015  3.36402158653E-005  3.45123191508E-001  1.13387652019E-007
1 1 216   1.64670658683E-002 -1.47669691145E-015  1.74750350908E-015  3.08538304479E-005  3.44273866946E-001  1.19196556014E-007
1 1 217   1.64970059880E-002 -1.50584839737E-015  1.64308128735E-015  2.80674450315E-005  3.43424542385E-001  1.25005460087E-007
1 1 218   1.65269461078E-002 -1.53406475890E-015  1.53902498384E-015  2.52810596160E-005  3.42575217823E-001  1.30814364237E-007
1 1 219   1.65568862275E-002 -1.56182033452E-015  1.43556499153E-015  2.24946742016E-005  3.41725893261E-001  1.36623268466E-007
1 1 220   1.65868263473E-002 -1.58911512421E-015  1.33278262558E-015  1.97082887882E-005  3.40876568699E-001  1.42432172773E-007
1 1 221   1.66167664671E-002 -1.61631504621E-015  1.23016288996E-015  1.69219033757E-005  3.40027244137E-001  1.48241077159E-007
1 1 222   1.66467065868E-002 -1.64244431857E-015  1.12835630596E-015  1.41355179643E-005  3.39177919575E-001  1.54049981622E-007
1 1 223   1.66766467066E-002 -1.66805859490E-015  1.02687498262E-015  1.13491325538E-005  3.38328595013E-001  1.59858886163E-007
1 1 224   1.67065868263E-002 -1.69356445100E-015  9.26233915954E-016  8.56274714430E-006  3.37479270451E-001  1.65667790783E-007
1 1 225   1.67365269461E-002 -1.71873149393E-015  8.26162055434E-016  5.77636173581E-006  3.36629945889E-001  1.71476695480E-007
1 1 226   1.67664670658E-002 -1.74309893776E-015  7.26794926326E-016  2.98997632830E-006  3.35780621327E-001  1.77285600256E-007
1 1 227   1.67964071856E-002 -1.76678875523E-015  6.27698847760E-016  2.03590921786E-007  3.34931296765E-001  1.83094505110E-007
1 1 228   1.68263473054E-002 -1.79032949490E-015  5.29144870282E-016 -2.58279448374E-006  3.34081972203E-001  1.88903410042E-007
1 1 229   1.68562874251E-002 -1.81294866272E-015  4.31187203997E-016 -5.36917988828E-006  3.33232647641E-001  1.94712315052E-007
1 1 230   1.68862275449E-002 -1.83552717296E-015  3.33880059017E-016 -8.15556529183E-006  3.32383323079E-001  2.00521220140E-007
1 1 231   1.69161676646E-002 -1.85703503356E-015  2.36871069634E-016 -1.09419506944E-005  3.31533998517E-001  2.06330125306E-007
1 1 232   1.69461077844E-002 -1.87839381636E-015  1.40837862206E-016 -1.37283360960E-005  3.30684673954E-001  2.12139030551E-007
1 1 233   1.69760479041E-002 -1.89915628796E-015  4.50486002668E-017 -1.65147214965E-005  3.29835349392E-001  2.17947935873E-007
1 1 234   1.70059880239E-002 -7.33738055394E-017  1.18615529318E-016 -3.18259088571E-005  3.28987012854E-001  4.36453158854E-007
1 1 235   1.70359281436E-002 -7.24831503954E-017  1.10596244890E-016 -2.78408362319E-005  3.28135850908E-001  4.54002205056E-007
1 1 236   1.70658682634E-002 -7.07238629639E-017  1.03456604178E-016 -2.38557636101E-005  3.27284688962E-001  4.71551251352E-007
1 1 237   1.70958083832E-002 -6.83860520295E-017  9.68632997162E-017 -1.98706909918E-005  3.26433527017E-001  4.89100297740E-007
1 1 238   1.71257485029E-002 -6.52012081478E-017  9.12847407256E-017 -1.58856183770E-005  3.25582365071E-001  5.06649344221E-007
1 1 239   1.71556886227E-002 -6.14539343892E-017  8.61195338132E-017 -1.19005457657E-005  3.24731203125E-001  5.24198390795E-007
1 1 240   1.71856287424E-002 -5.74085050331E-017  8.08713176721E-017 -7.91547315788E-006  3.23880041179E-001  5.41747437462E-007
1 1 241   1.72155688622E-002 -5.21975583416E-017  7.72426285260E-017 -3.93040055352E-006  3.23028879233E-001  5.59296484222E-007
1 1 242   1.72455089819E-002 -4.64919444089E-017  7.38240035509E-017  5.46720473687E-008  3.22177717287E-001  5.76845531074E-007
1 1 243   1.72754491017E-002 -4.03187682893E-017  7.06933697778E-017  4.03974464478E-006  3.21326555341E-001  5.94394578020E-007
1 1 244   1.73053892214E-002 -3.35018471298E-017  6.81692115950E-017  8.02481723871E-006  3.20475393395E-001  6.11943625058E-007
1 1 245   1.73353293412E-002 -2.57904591780E-017  6.66919861350E-017  1.20098898292E-005  3.19624231449E-001  6.29492672189E-007
1 1 246   1.73652694610E-002 -1.75369701400E-017  6.55942314354E-017  1.59949624161E-005  3.18773069503E-001  6.47041719413E-007
1 1 247   1.73952095807E-002 -8.72782748851E-018  6.50656828763E-017  1.99800349996E-005  3.17921907557E-001  6.64590766730E-007
1 1 316   1.94610778443E-002 -8.99602988334E-017  1.10270719541E-016 -2.50812357969E-004  2.64079895833E-001  2.61461915122E-007
1 1 317   1.94910179641E-002 -9.13141751205E-017  1.10781321589E-016 -2.43791366436E-004  2.63456473615E-001  2.50289458144E-007
1 1 318   1.95209580838E-002 -9.22363822418E-017  1.11347139598E-016 -2.36770374905E-004  2.62833051397E-001  2.39117001165E-007
1 1 319   1.95508982036E-002 -9.23968949853E-017  1.11752444863E-016 -2.29749383374E-004  2.62209629179E-001  2.27944544187E-007
1 1 320   1.95808383234E-002 -9.20750224654E-017  1.12283534521E-016 -2.22728391844E-004  2.61586206961E-001  2.16772087207E-007
1 1 321   1.96107784431E-002 -9.12720352314E-017  1.12826482640E-016 -2.15707400314E-004  2.60962784743E-001  2.05599630227E-007
1 1 322   1.96407185629E-002 -8.97278941685E-017  1.13416017571E-016 -2.08686408785E-004  2.60339362525E-001  1.94427173247E-007
1 1 323   1.96706586826E-002 -8.76475812501E-017  1.13814123057E-016 -2.01665417257E-004  2.59715940307E-001  1.83254716267E-007
1 1 324   1.97005988024E-002 -8.49235232917E-017  1.14491749414E-016 -1.94644425729E-004  2.59092518089E-001  1.72082259285E-007
1 1 325   1.97305389222E-002 -8.16573642471E-017  1.14925430283E-016 -1.87623434203E-004  2.58469095871E-001  1.60909802304E-007
1 1 326   1.97604790419E-002 -7.78253871937E-017  1.15535294005E-016 -1.80602442677E-004  2.57845673653E-001  1.49737345322E-007
1 1 327   1.97904191617E-002 -7.34445327905E-017  1.16067230696E-016 -1.73581451151E-004  2.57222251435E-001  1.38564888340E-007
1 1 328   1.98203592815E-002 -6.82844080759E-017  1.16585614860E-016 -1.66560459626E-004  2.56598829217E-001  1.27392431357E-007
1 1 329   1.98502994012E-002 -6.27854701823E-017  1.17063341442E-016 -1.59539468102E-004  2.55975406999E-001  1.16219974374E-007
1 1 330   1.98802395210E-002 -5.66089059309E-017  1.17656264505E-016 -1.52518476579E-004  2.55351984781E-001  1.05047517390E-007
1 1 331   1.99101796407E-002 -4.98360304847E-017  1.18293233282E-016 -1.45497485056E-004  2.54728562563E-001  9.38750604061E-008
1 1 332   1.99401197605E-002 -4.23821405488E-017  1.18665927779E-016 -1.38476493534E-004  2.54105140345E-001  8.27026034217E-008
1 1 333   1.99700598803E-002 -3.45013460076E-017  1.19289344028E-016 -1.31455502013E-004  2.53481718127E-001  7.15301464368E-008
1 1 334   2.00000000000E-002 -2.59056556588E-017  1.19770458742E-016 -1.24434510492E-004  2.52858295909E-001  6.03576894515E-008
1 1 335   2.00299401198E-002 -1.67373710377E-017  1.20299007301E-016 -1.17413518972E-004  2.52234873691E-001  4.91852324658E-008
1 1 336   2.00598802395E-002 -7.08797170262E-018  1.20942752341E-016 -1.10392527453E-004  2.51611451473E-001  3.80127754796E-008
1 1 337   2.00898203593E-002  3.27293530819E-018  1.21471300900E-016 -1.03371535935E-004  2.50988029255E-001  2.68403184930E-008
1 1 338   2.01197604791E-002  1.41962721960E-017  1.21979520668E-016 -9.63505444169E-005  2.50364607037E-001  1.56678615061E-008
1 1 339   2.01497005988E-002  2.56617101700E-017  1.22467411646E-016 -8.93295528997E-005  2.49741184819E-001  4.49540451864E-009
1 1 340   2.01796407186E-002  3.77505643932E-017  1.23124709213E-016 -8.23085613832E-005  2.49117762601E-001 -6.67705246920E-009
1 1 341   2.02095808383E-002  5.04628348656E-017  1.23504179973E-016 -7.52875698675E-005  2.48494340383E-001 -1.78495094575E-008
1 1 342   2.02395209581E-002  6.35681286255E-017  1.24236016440E-016 -6.82665783524E-005  2.47870918165E-001 -2.90219664462E-008
1 1 343   2.02694610779E-002  7.75136790691E-017  1.24710354890E-016 -6.12455868380E-005  2.47247495947E-001 -4.01944234353E-008
1 1 344   2.02994011976E-002  9.19132391725E-017  1.25211798395E-016 -5.42245953243E-005  2.46624073729E-001 -5.13668804248E-008
1 1 345   2.03293413174E-002  1.06936215525E-016  1.25781004535E-016 -4.72036038112E-005  2.46000651511E-001 -6.25393374148E-008
1 1 346   2.03592814371E-002  1.22480964173E-016  1.26472183420E-016 -4.01826122989E-005  2.45377229293E-001 -7.37117944051E-008
1 1 347   2.03892215569E-002  1.38723667970E-016  1.26878759235E-016 -3.31616207873E-005  2.44753807075E-001 -8.48842513959E-008
1 1 348   2.04191616767E-002  1.55447486480E-016  1.27529280539E-016 -2.61406292763E-005  2.44130384857E-001 -9.60567083872E-008
1 1 349   2.04491017964E-002  1.72889588930E-016  1.28084934152E-016 -1.91196377660E-005  2.43506962639E-001 -1.07229165379E-007
1 1 350   2.04790419162E-002  1.90738267195E-016  1.28681245347E-016 -1.20986462564E-005  2.42883540421E-001 -1.18401622371E-007
1 1 351   2.05089820359E-002  2.09413649616E-016  1.29114926216E-016 -5.07765474756E-006  2.42260118203E-001 -1.29574079363E-007
1 1 352   2.05389221557E-002  2.28427845216E-016  1.29860315209E-016  1.94333676064E-006  2.41636695985E-001 -1.40746536356E-007
1 1 353   2.05688622755E-002  2.48187429809E-016  1.30293996078E-016  8.96432826815E-006  2.41013273767E-001 -1.51918993350E-007
1 1 354   2.05988023952E-002  2.68462010435E-016  1.30917412328E-016  1.59853197750E-005  2.40389851549E-001 -1.63091450343E-007
1 1 355   2.06287425150E-002  2.89305797201E-016  1.31418855832E-016  2.30063112811E-005  2.39766429331E-001 -1.74263907338E-007
1 1 356   2.06586826347E-002  3.10976288123E-016  1.31866089229E-016  3.00273027865E-005  2.39143007113E-001 -1.85436364332E-007
1 1 357   2.06886227545E-002  3.32822961899E-016  1.32570820641E-016  3.70482942913E-005  2.38519584895E-001 -1.96608821327E-007
1 1 358   2.07185628743E-002  3.55536997412E-016  1.33140026781E-016  4.40692857954E-005  2.37896162677E-001 -2.07781278323E-007
1 1 359   2.07485029940E-002  3.78860896648E-016  1.33682127867E-016  5.10902772987E-005  2.37272740459E-001 -2.18953735319E-007
1 1 360   2.07784431138E-002  4.02632029280E-016  1.34197123899E-016  5.81112688014E-005  2.36649318241E-001 -2.30126192315E-007
1 1 361   2.08083832336E-002  4.26972368052E-016  1.34793435094E-016  6.51322603034E-005  2.36025896023E-001 -2.41298649312E-007
1 1 362   2.08383233533E-002  4.51963228128E-016  1.35416851343E-016  7.21532518047E-005  2.35402473805E-001 -2.52471106309E-007
1 1 363   2.08682634731E-002  4.77591056980E-016  1.36040267593E-016  7.91742433054E-005  2.34779051587E-001 -2.63643563306E-007
1 1 364   2.08982035928E-002  5.03666119228E-016  1.36582368679E-016  8.61952348053E-005  2.34155629369E-001 -2.74816020304E-007
1 1 365   2.09281437126E-002  5.30500122997E-016  1.37070259656E-016  9.32162263045E-005  2.33532207151E-001 -2.85988477303E-007
1 1 366   2.09580838324E-002  5.57849122798E-016  1.37639465797E-016  1.00237217803E-004  2.32908784933E-001 -2.97160934302E-007
1 1 367   2.09880239521E-002  5.85686013577E-016  1.38452617426E-016  1.07258209301E-004  2.32285362715E-001 -3.08333391301E-007
1 1 368   2.10179640719E-002  6.14227635767E-016  1.38967613458E-016  1.14279200798E-004  2.31661940497E-001 -3.19505848301E-007
1 1 369   2.10479041916E-002  6.43419779262E-016  1.39455504436E-016  1.21300192295E-004  2.31038518279E-001 -3.30678305301E-007
1 1 405   2.21257485032E-002  6.75882740482E-016  3.79091289610E-016 -2.65641798460E-004  2.11779281811E-001  1.83197032518E-007
1 1 406   2.21556886229E-002  6.38349228281E-016  3.81259693955E-016 -2.50297417681E-004  2.11357293646E-001  1.80106286993E-007
1 1 407   2.21856287427E-002  6.01462002219E-016  3.83482308408E-016 -2.34953036900E-004  2.10935305480E-001  1.77015541467E-007
1 1 408   2.22155688625E-002  5.65438538006E-016  3.85677817807E-016 -2.19608656117E-004  2.10513317315E-001  1.73924795938E-007
1 1 409   2.22455089822E-002  5.30197732235E-016  3.87927537315E-016 -2.04264275332E-004  2.10091329149E-001  1.70834050409E-007
1 1 410   2.22754491020E-002  4.96064210285E-016  3.90014626497E-016 -1.88919894545E-004  2.09669340984E-001  1.67743304877E-007
1 1 411   2.23053892217E-002  4.62279242392E-016  3.92318556114E-016 -1.73575513755E-004  2.09247352818E-001  1.64652559344E-007
1 1 412   2.23353293415E-002  4.29222299318E-016  3.94649590785E-016 -1.58231132964E-004  2.08825364653E-001  1.61561813809E-007
1 1 413   2.23652694612E-002  3.97408377094E-016  3.96655364804E-016 -1.42886752171E-004  2.08403376487E-001  1.58471068273E-007
1 1 414   2.23952095810E-002  3.65932421016E-016  3.99094819692E-016 -1.27542371376E-004  2.07981388321E-001  1.55380322735E-007
1 1 415   2.24251497007E-002  3.35331026456E-016  4.01425854363E-016 -1.12197990579E-004  2.07559400156E-001  1.52289577195E-007
1 1 416   2.24550898205E-002  3.05688049675E-016  4.03702678925E-016 -9.68536097802E-005  2.07137411990E-001  1.49198831654E-007
1 1 417   2.24850299403E-002  2.76694641286E-016  4.05843978216E-016 -8.15092289792E-005  2.06715423825E-001  1.46108086111E-007
1 1 418   2.25149700600E-002  2.48575476778E-016  4.08093697724E-016 -6.61648481762E-005  2.06293435659E-001  1.43017340566E-007
1 1 419   2.25449101798E-002  2.21103339562E-016  4.10451837449E-016 -5.08204673712E-005  2.05871447494E-001  1.39926595020E-007
1 1 420   2.25748502995E-002  1.94480988151E-016  4.12809977174E-016 -3.54760865643E-005  2.05449459328E-001  1.36835849472E-007
1 1 421   2.26047904193E-002  1.68559556504E-016  4.15086801736E-016 -2.01317057554E-005  2.05027471163E-001  1.33745103922E-007
1 1 422   2.26347305390E-002  1.43488228298E-016  4.17363626298E-016 -4.78732494445E-006  2.04605482997E-001  1.30654358370E-007
1 1 423   2.26646706588E-002  1.19293790951E-016  4.19613345806E-016  1.05570558685E-005  2.04183494832E-001  1.27563612817E-007
1 1 424   2.26946107786E-002  9.57195934792E-017  4.22134115857E-016  2.59014366833E-005  2.03761506666E-001  1.24472867263E-007
1 1 425   2.27245508983E-002  7.29710413730E-017  4.24383835365E-016  4.12458175002E-005  2.03339518501E-001  1.21382121706E-007
1 1 426   2.27544910181E-002  5.10019713365E-017  4.26796185199E-016  5.65901983191E-005  2.02917530335E-001  1.18291376148E-007
1 1 427   2.27844311378E-002  2.98418177647E-017  4.29045904707E-016  7.19345791399E-005  2.02495542170E-001  1.15200630589E-007
1 1 428   2.28143712576E-002  9.33239725461E-018  4.31553122231E-016  8.72789599627E-005  2.02073554004E-001  1.12109885027E-007
1 1 429   2.28443113773E-002 -1.03036264078E-017  4.33911261956E-016  1.02623340787E-004  2.01651565839E-001  1.09019139464E-007
1 1 430   2.28742514971E-002 -2.91845201976E-017  4.36242296627E-016  1.17967721614E-004  2.01229577673E-001  1.05928393900E-007
1 1 431   2.29041916168E-002 -4.70525743409E-017  4.38586883825E-016  1.33312102443E-004  2.00807589507E-001  1.02837648333E-007
1 1 432   2.29341317366E-002 -6.44771008571E-017  4.40972128604E-016  1.48656483274E-004  2.00385601342E-001  9.97469027652E-008
1 1 433   2.29640718564E-002 -8.09567621206E-017  4.43452241074E-016  1.64000864107E-004  1.99963613176E-001  9.66561571955E-008
1 1 434   2.29940119761E-002 -9.66880697752E-017  4.45851038380E-016  1.79345244941E-004  1.99541625011E-001  9.35654116242E-008
1 1 435   2.30239520959E-002 -1.11691299672E-016  4.48222730633E-016  1.94689625778E-004  1.99119636845E-001  9.04746660512E-008
1 1 436   2.30538922156E-002 -1.25800115716E-016  4.50716395629E-016  2.10034006617E-004  1.98697648680E-001  8.73839204765E-008
1 1 437   2.30838323354E-002 -1.39204888563E-016  4.53155850517E-016  2.25378387457E-004  1.98275660514E-001  8.42931749002E-008
1 1 438   2.31137724551E-002 -1.51800268488E-016  4.55486885188E-016  2.40722768300E-004  1.97853672349E-001  8.12024293222E-008
1 1 439   2.31437125749E-002 -1.63636706893E-016  4.58014431503E-016  2.56067149145E-004  1.97431684183E-001  7.81116837426E-008
1 1 440   2.31736526947E-002 -1.74701392404E-016  4.60433557600E-016  2.71411529991E-004  1.97009696018E-001  7.50209381613E-008
1 1 441   2.32035928144E-002 -1.84865099557E-016  4.62886565016E-016  2.86755910840E-004  1.96587707852E-001  7.19301925783E-008
1 1 442   2.32335329342E-002 -1.94463332808E-016  4.65427663857E-016  3.02100291690E-004  1.96165719687E-001  6.88394469937E-008
1 1 443   2.32634730539E-002 -2.03201483511E-016  4.67826461164E-016  3.17444672543E-004  1.95743731521E-001  6.57487014074E-008
1 1 444   2.32934131737E-002 -2.11106444961E-016  4.70333678688E-016  3.32789053398E-004  1.95321743356E-001  6.26579558194E-008
1 1 445   2.33233532935E-002 -2.18261358736E-016  4.72840896212E-016  3.48133434254E-004  1.94899755191E-001  5.95672102298E-008
1 1 446   2.33532934132E-002 -2.24566142600E-016  4.75273574836E-016  3.63477815113E-004  1.94477767025E-001  5.64764646385E-008
1 1 447   2.33832335330E-002 -2.30223740352E-016  4.77921399829E-016  3.78822195973E-004  1.94055778860E-001  5.33857190455E-008
1 1 448   2.34131736527E-002 -2.34919466019E-016  4.80366783948E-016  3.94166576836E-004  1.93633790694E-001  5.02949734509E-008
1 1 463   2.38622754491E-002 -1.38972960354E-016  1.97254491658E-016 -3.06935907842E-005  1.91437912656E-001  1.81948051747E-007
1 1 464   2.38922155689E-002 -1.44285498059E-016  1.29589264666E-016 -3.22379237740E-005  1.91203617826E-001  1.77335976981E-007
1 1 465   2.39221556886E-002 -1.50647350768E-016  6.71527720583E-017 -3.37822567629E-005  1.90969322996E-001  1.72723902306E-007
1 1 466   2.39520958084E-002 -1.58015266860E-016  1.07064964533E-017 -3.53265897508E-005  1.90735028166E-001  1.68111827722E-007
1 1 467   2.39820359281E-002 -1.66604604461E-016 -4.00477177462E-017 -3.68709227377E-005  1.90500733337E-001  1.63499753229E-007
1 1 468   2.40119760479E-002 -1.76469150165E-016 -8.47710573612E-017 -3.84152557236E-005  1.90266438507E-001  1.58887678828E-007
1 1 469   2.40419161677E-002 -1.87184116948E-016 -1.24263121494E-016 -3.99595887085E-005  1.90032143677E-001  1.54275604517E-007
1 1 470   2.40718562874E-002 -1.99165397987E-016 -1.57480365554E-016 -4.15039216924E-005  1.89797848848E-001  1.49663530298E-007
1 1 471   2.41017964072E-002 -2.12311349328E-016 -1.85052982053E-016 -4.30482546753E-005  1.89563554018E-001  1.45051456170E-007
1 1 472   2.41317365269E-002 -2.26637641082E-016 -2.07048733627E-016 -4.45925876573E-005  1.89329259188E-001  1.40439382133E-007
1 1 473   2.41616766467E-002 -2.42010018525E-016 -2.23135583361E-016 -4.61369206382E-005  1.89094964359E-001  1.35827308187E-007
1 1 474   2.41916167665E-002 -2.58594076599E-016 -2.33618463116E-016 -4.76812536182E-005  1.88860669529E-001  1.31215234332E-007
1 1 475   2.42215568862E-002 -2.76199021133E-016 -2.38266979931E-016 -4.92255865971E-005  1.88626374699E-001  1.26603160569E-007
1 1 476   2.42514970060E-002 -2.94998917397E-016 -2.37203106549E-016 -5.07699195751E-005  1.88392079870E-001  1.21991086896E-007
1 1 477   2.42814371257E-002 -3.01828332293E-016 -2.34702665289E-016 -3.39240016636E-005  1.88180310632E-001 -5.49631406076E-007
1 1 478   2.43113772455E-002 -2.48214534863E-016 -2.49583340106E-016 -3.25073471860E-005  1.87956110682E-001 -5.35878304028E-007
1 1 479   2.43413173653E-002 -1.89139068990E-016 -2.64003229000E-016 -3.10906927083E-005  1.87731910732E-001 -5.22125201963E-007
1 1 480   2.43712574850E-002 -1.25062720596E-016 -2.78206277460E-016 -2.96740382306E-005  1.87507710782E-001 -5.08372099882E-007
1 1 481   2.44011976048E-002 -5.51452329980E-017 -2.92029855159E-016 -2.82573837530E-005  1.87283510832E-001 -4.94618997785E-007
1 1 482   2.44311377246E-002  2.00848452453E-017 -3.05663697478E-016 -2.68407292753E-005  1.87059310882E-001 -4.80865895673E-007
1 1 483   2.44610778443E-002  1.00397121172E-016 -3.18836753874E-016 -2.54240747977E-005  1.86835110932E-001 -4.67112793544E-007
1 1 484   2.44910179641E-002  1.86184618070E-016 -3.31738759726E-016 -2.40074203200E-005  1.86610910982E-001 -4.53359691399E-007
1 1 485   2.45209580838E-002  2.77745491536E-016 -3.44261294818E-016 -2.25907658423E-005  1.86386711033E-001 -4.39606589239E-007
1 1 486   2.45508982036E-002  3.74334352578E-016 -3.56485674313E-016 -2.11741113647E-005  1.86162511083E-001 -4.25853487062E-007
1 1 487   2.45808383234E-002  4.76276461846E-016 -3.68628738645E-016 -1.97574568870E-005  1.85938311133E-001 -4.12100384870E-007
1 1 488   2.46107784431E-002  5.83775107248E-016 -3.80094176619E-016 -1.83408024094E-005  1.85714111183E-001 -3.98347282661E-007
1 1 489   2.46407185629E-002  6.96437265496E-016 -3.91532509539E-016 -1.69241479317E-005  1.85489911233E-001 -3.84594180437E-007
1 1 490   2.46706586826E-002  8.14452671971E-016 -4.02428741372E-016 -1.55074934540E-005  1.85265711283E-001 -3.70841078196E-007
1 1 491   2.47005988024E-002  9.38187244906E-016 -4.13162342880E-016 -1.40908389764E-005  1.85041511333E-001 -3.57087975940E-007
1 1 492   2.47305389222E-002  1.06661099224E-015 -4.23543578681E-016 -1.26741844987E-005  1.84817311383E-001 -3.43334873667E-007
1 1 493   2.47604790419E-002  1.20116048184E-015 -4.33572448777E-016 -1.12575300210E-005  1.84593111433E-001 -3.29581771379E-007
1 1 494   2.47904191617E-002  1.34056177617E-015 -4.43330268329E-016 -9.84087554338E-006  1.84368911483E-001 -3.15828669075E-007
1 1 495   2.48203592814E-002  1.48587197234E-015 -4.52627301958E-016 -8.42422106572E-006  1.84144711533E-001 -3.02075566754E-007
1 1 496   2.48502994012E-002  1.63611528839E-015 -4.61870125479E-016 -7.00756658806E-006  1.83920511583E-001 -2.88322464418E-007
1 1 497   2.48802395210E-002  1.79167119509E-015 -4.70652163076E-016 -5.59091211039E-006  1.83696311633E-001 -2.74569362066E-007
1 1 498   2.49101796407E-002  1.95270232276E-015 -4.79217360239E-016 -4.17425763273E-006  1.83472111683E-001 -2.60816259698E-007
1 1 499   2.49401197605E-002  2.11939840677E-015 -4.87511506858E-016 -2.75760315506E-006  1.83247911733E-001 -2.47063157314E-007
1 1 500   2.49700598802E-002  2.29137997639E-015 -4.94992501848E-016 -1.34094867740E-006  1.83023711783E-001 -2.33310054914E-007
1 1 501   2.50000000000E-002 -1.45144855336E-015  2.18954628733E-016  7.57058002990E-008  9.37876177682E-006  9.68569996588E-008
