1 1 5   1.00749250749E-002  2.03287907341E-020 -2.03287907341E-020  1.85071632464E-008 -1.35628748819E-001 -2.15464274989E-005
1 1 6   1.00899100899E-002  0.00000000000E+000 -1.35525271561E-020  1.85071632464E-008 -1.35628748819E-001 -2.15464274989E-005
1 1 7   1.01048951049E-002  3.38813178902E-020 -7.11507675694E-020  1.85071632464E-008 -1.35628748819E-001 -2.15464274989E-005
1 1 8   1.01198801199E-002  4.06575814682E-020  1.69406589451E-020  1.85071632464E-008 -1.35628748819E-001 -2.15464274989E-005
1 1 9   1.01348651349E-002  0.00000000000E+000  4.06575814682E-020  1.85071632464E-008 -1.35628748819E-001 -2.15464274989E-005
1 1 10   1.01498501499E-002  1.35525271561E-020  3.38813178902E-021  1.85071632464E-008 -1.35628748819E-001 -2.15464274989E-005
1 1 11   1.01648351648E-002  5.42101086243E-020 -6.77626357803E-021  1.85071632464E-008 -1.35628748819E-001 -2.15464274989E-005
1 1 12   1.01798201798E-002  0.00000000000E+000 -1.69406589451E-020  1.85071632464E-008 -1.35628748819E-001 -2.15464274989E-005
1 1 13   1.01948051948E-002 -1.35525271561E-020  4.40457132572E-020  1.85071632464E-008 -1.35628748819E-001 -2.15464274989E-005
1 1 14   1.02097902098E-002  0.00000000000E+000  3.38813178902E-021  1.85071632464E-008 -1.35628748819E-001 -2.15464274989E-005
1 1 15   1.02247752248E-002  5.42101086243E-020 -4.40457132572E-020  1.85071632464E-008 -1.35628748819E-001 -2.15464274989E-005
1 1 16   1.02397602398E-002 -1.35525271561E-020  0.00000000000E+000  1.85071632464E-008 -1.35628748819E-001 -2.15464274989E-005
1 1 17   1.02547452547E-002  1.35525271561E-020  1.35525271561E-020  1.85071632464E-008 -1.35628748819E-001 -2.15464274989E-005
1 1 18   1.02697302697E-002 -5.42101086243E-020  3.38813178902E-021  1.85071632464E-008 -1.35628748819E-001 -2.15464274989E-005
1 1 19   1.02847152847E-002  6.77626357803E-020 -2.03287907341E-020  1.85071632464E-008 -1.35628748819E-001 -2.15464274989E-005
1 1 20   1.02997002997E-002  2.71050543121E-020 -8.13151629364E-020  1.85071632464E-008 -1.35628748819E-001 -2.15464274989E-005
1 1 21   1.03146853147E-002  1.35525271561E-020  1.35525271561E-020  1.85071632464E-008 -1.35628748819E-001 -2.15464274989E-005
1 1 22   1.03296703297E-002  4.06575814682E-020 -1.01643953671E-020  1.85071632464E-008 -1.35628748819E-001 -2.15464274989E-005
1 1 23   1.03446553447E-002  1.35525271561E-020 -2.03287907341E-020  1.85071632464E-008 -1.35628748819E-001 -2.15464274989E-005
1 1 24   1.03596403596E-002 -5.42101086243E-020 -2.37169225231E-020  1.85071632464E-008 -1.35628748819E-001 -2.15464274989E-005
1 1 25   1.03746253746E-002 -5.42101086243E-020 -3.72694496792E-020  1.85071632464E-008 -1.35628748819E-001 -2.15464274989E-005
1 1 26   1.03896103896E-002  4.06575814682E-020 -1.35525271561E-020  1.85071632464E-008 -1.35628748819E-001 -2.15464274989E-005
1 1 27   1.04045954046E-002  0.00000000000E+000 -4.74338450462E-020  1.85071632464E-008 -1.35628748819E-001 -2.15464274989E-005
1 1 28   1.04195804196E-002 -1.35525271561E-020 -2.71050543121E-020  1.85071632464E-008 -1.35628748819E-001 -2.15464274989E-005
1 1 29   1.04345654346E-002  5.42101086243E-020  5.42101086243E-020  1.85071632464E-008 -1.35628748819E-001 -2.15464274989E-005
1 1 30   1.04495504496E-002  4.06575814682E-020  4.74338450462E-020  1.85071632464E-008 -1.35628748819E-001 -2.15464274989E-005
1 1 31   1.04645354645E-002  0.00000000000E+000  3.38813178902E-021  1.85071632464E-008 -1.35628748819E-001 -2.15464274989E-005
1 1 32   1.04795204795E-002 -2.71050543121E-020 -2.71050543121E-020  1.85071632464E-008 -1.35628748819E-001 -2.15464274989E-005
1 1 33   1.04945054945E-002  1.35525271561E-020 -4.74338450462E-020  1.85071632464E-008 -1.35628748819E-001 -2.15464274989E-005
1 1 34   1.05094905095E-002  1.35525271561E-020 -1.35525271561E-020  1.85071632464E-008 -1.35628748819E-001 -2.15464274989E-005
1 1 35   1.05244755245E-002 -4.06575814682E-020 -3.04931861012E-020  1.85071632464E-008 -1.35628748819E-001 -2.15464274989E-005
1 1 36   1.05394605395E-002 -1.35525271561E-020  0.00000000000E+000  1.85071632464E-008 -1.35628748819E-001 -2.15464274989E-005
1 1 37   1.05544455544E-002 -1.35525271561E-020  4.06575814682E-020  1.85071632464E-008 -1.35628748819E-001 -2.15464274989E-005
1 1 38   1.05694305694E-002 -1.35525271561E-020  1.35525271561E-020  1.85071632464E-008 -1.35628748819E-001 -2.15464274989E-005
1 1 39   1.05844155844E-002 -2.71050543121E-020  3.38813178902E-020  1.85071632464E-008 -1.35628748819E-001 -2.15464274989E-005
1 1 40   1.05994005994E-002 -1.35525271561E-020 -1.35525271561E-020  1.85071632464E-008 -1.35628748819E-001 -2.15464274989E-005
1 1 41   1.06143856144E-002  2.71050543121E-020 -4.74338450462E-020  1.85071632464E-008 -1.35628748819E-001 -2.15464274989E-005
1 1 42   1.06293706294E-002  0.00000000000E+000  2.71050543121E-020  1.85071632464E-008 -1.35628748819E-001 -2.15464274989E-005
1 1 43   1.06443556444E-002 -6.77626357803E-020  0.00000000000E+000  1.85071632464E-008 -1.35628748819E-001 -2.15464274989E-005
1 1 44   1.06593406593E-002 -2.71050543121E-020 -2.03287907341E-020  1.85071632464E-008 -1.35628748819E-001 -2.15464274989E-005
1 1 45   1.06743256743E-002 -2.71050543121E-020  1.35525271561E-020  1.85071632464E-008 -1.35628748819E-001 -2.15464274989E-005
1 1 46   1.06893106893E-002  2.71050543121E-020 -5.42101086243E-020  1.85071632464E-008 -1.35628748819E-001 -2.15464274989E-005
1 1 47   1.07042957043E-002  6.77626357803E-020 -1.35525271561E-020  1.85071632464E-008 -1.35628748819E-001 -2.15464274989E-005
1 1 48   1.07192807193E-002  6.77626357803E-020 -4.06575814682E-020  1.85071632464E-008 -1.35628748819E-001 -2.15464274989E-005
1 1 49   1.07342657343E-002 -2.71050543121E-020 -2.71050543121E-020  1.85071632464E-008 -1.35628748819E-001 -2.15464274989E-005
1 1 50   1.07492507493E-002 -4.06575814682E-020  6.77626357803E-021  1.85071632464E-008 -1.35628748819E-001 -2.15464274989E-005
1 1 51   1.07642357642E-002 -2.71050543121E-020 -4.74338450462E-020  1.85071632464E-008 -1.35628748819E-001 -2.15464274989E-005
1 1 52   1.07792207792E-002 -1.35525271561E-020 -3.38813178902E-020  1.85071632464E-008 -1.35628748819E-001 -2.15464274989E-005
1 1 53   1.07942057942E-002 -1.35525271561E-020  1.35525271561E-020  1.85071632464E-008 -1.35628748819E-001 -2.15464274989E-005
1 1 54   1.08091908092E-002 -6.77626357803E-020  2.71050543121E-020  1.85071632464E-008 -1.35628748819E-001 -2.15464274989E-005
1 1 55   1.08241758242E-002  6.77626357803E-020 -8.80914265144E-020  1.85071632464E-008 -1.35628748819E-001 -2.15464274989E-005
1 1 56   1.08391608392E-002  2.71050543121E-020 -1.35525271561E-020  1.85071632464E-008 -1.35628748819E-001 -2.15464274989E-005
1 1 57   1.08541458541E-002  1.35525271561E-020 -3.38813178902E-020  1.85071632464E-008 -1.35628748819E-001 -2.15464274989E-005
1 1 58   1.08691308691E-002 -2.71050543121E-020 -4.74338450462E-020  1.85071632464E-008 -1.35628748819E-001 -2.15464274989E-005
1 1 59   1.08841158841E-002 -5.42101086243E-020  2.71050543121E-020  1.85071632464E-008 -1.35628748819E-001 -2.15464274989E-005
1 1 60   1.08991008991E-002  4.06575814682E-020  6.77626357803E-021  1.85071632464E-008 -1.35628748819E-001 -2.15464274989E-005
1 1 61   1.09140859141E-002 -1.35525271561E-020  4.06575814682E-020  1.85071632464E-008 -1.35628748819E-001 -2.15464274989E-005
1 1 62   1.09290709291E-002 -6.77626357803E-020 -3.38813178902E-020  1.85071632464E-008 -1.35628748819E-001 -2.15464274989E-005
1 1 63   1.09440559441E-002  8.13151629364E-020 -3.38813178902E-020  1.85071632464E-008 -1.35628748819E-001 -2.15464274989E-005
1 1 64   1.09590409590E-002  4.06575814682E-020  4.06575814682E-020  1.85071632464E-008 -1.35628748819E-001 -2.15464274989E-005
1 1 65   1.09740259740E-002 -2.71050543121E-020  0.00000000000E+000  1.85071632464E-008 -1.35628748819E-001 -2.15464274989E-005
1 1 66   1.09890109890E-002  0.00000000000E+000 -7.45388993584E-020  1.85071632464E-008 -1.35628748819E-001 -2.15464274989E-005
1 1 67   1.10039960040E-002  6.77626357803E-020 -6.09863722023E-020  1.85071632464E-008 -1.35628748819E-001 -2.15464274989E-005
1 1 68   1.10189810190E-002  8.13151629364E-020 -4.74338450462E-020  1.85071632464E-008 -1.35628748819E-001 -2.15464274989E-005
1 1 69   1.10339660340E-002  2.71050543121E-020 -1.35525271561E-020  1.85071632464E-008 -1.35628748819E-001 -2.15464274989E-005
1 1 70   1.10489510490E-002 -6.77626357803E-020  5.42101086243E-020  1.85071632464E-008 -1.35628748819E-001 -2.15464274989E-005
1 1 71   1.10639360639E-002  9.99498877760E-020 -6.35274710441E-020  2.00327931537E-005 -1.35816792721E-001 -1.97840220413E-005
1 1 72   1.10789210789E-002  1.55854062295E-019  6.77626357803E-021  2.00327931537E-005 -1.35816792721E-001 -1.97840220413E-005
1 1 73   1.10939060939E-002  1.59242194084E-019 -7.11507675694E-020  2.00327931537E-005 -1.35816792721E-001 -1.97840220413E-005
1 1 74   1.11088911089E-002  4.74338450462E-020 -6.77626357803E-021  2.00327931537E-005 -1.35816792721E-001 -1.97840220413E-005
1 1 75   1.11238761239E-002  2.67662411332E-019 -6.09863722023E-020  2.00327931537E-005 -1.35816792721E-001 -1.97840220413E-005
1 1 76   1.11388611389E-002  1.28749007983E-019 -9.48676900925E-020  2.00327931537E-005 -1.35816792721E-001 -1.97840220413E-005
1 1 77   1.11538461538E-002  2.10064170919E-019  2.71050543121E-020  2.00327931537E-005 -1.35816792721E-001 -1.97840220413E-005
1 1 78   1.11688311688E-002 -6.77626357803E-021  5.42101086243E-020  2.00327931537E-005 -1.35816792721E-001 -1.97840220413E-005
1 1 79   1.11838161838E-002 -7.45388993584E-020  4.06575814682E-020  2.00327931537E-005 -1.35816792721E-001 -1.97840220413E-005
1 1 80   1.11988011988E-002  0.00000000000E+000  1.62630325873E-019  2.00327931537E-005 -1.35816792721E-001 -1.97840220413E-005
1 1 81   1.12137862138E-002  0.00000000000E+000  0.00000000000E+000  2.00327931537E-005 -1.35816792721E-001 -1.97840220413E-005
1 1 82   1.12287712288E-002  4.06575814682E-020  2.71050543121E-020  2.00327931537E-005 -1.35816792721E-001 -1.97840220413E-005
1 1 83   1.12437562438E-002  2.84603070277E-019  2.71050543121E-020  2.00327931537E-005 -1.35816792721E-001 -1.97840220413E-005
1 1 84   1.12587412587E-002 -5.42101086243E-020  0.00000000000E+000  2.00327931537E-005 -1.35816792721E-001 -1.97840220413E-005
1 1 85   1.12737262737E-002  1.35525271561E-020 -2.71050543121E-020  2.00327931537E-005 -1.35816792721E-001 -1.97840220413E-005
1 1 86   1.12887112887E-002  8.13151629364E-020  1.08420217249E-019  2.00327931537E-005 -1.35816792721E-001 -1.97840220413E-005
1 1 87   1.13036963037E-002 -9.48676900925E-020  0.00000000000E+000  2.00327931537E-005 -1.35816792721E-001 -1.97840220413E-005
1 1 88   1.13186813187E-002  1.35525271561E-019  2.71050543121E-020  2.00327931537E-005 -1.35816792721E-001 -1.97840220413E-005
1 1 89   1.13336663337E-002  2.71050543121E-020  0.00000000000E+000  2.00327931537E-005 -1.35816792721E-001 -1.97840220413E-005
1 1 90   1.13486513487E-002 -1.62630325873E-019  5.42101086243E-020  2.00327931537E-005 -1.35816792721E-001 -1.97840220413E-005
1 1 91   1.13636363636E-002  8.13151629364E-020  1.08420217249E-019  2.00327931537E-005 -1.35816792721E-001 -1.97840220413E-005
1 1 92   1.13786213786E-002  1.35525271561E-019  8.13151629364E-020  2.00327931537E-005 -1.35816792721E-001 -1.97840220413E-005
1 1 93   1.13936063936E-002  2.71050543121E-020  1.08420217249E-019  2.00327931537E-005 -1.35816792721E-001 -1.97840220413E-005
1 1 94   1.14085914086E-002  4.60785923306E-019  1.62630325873E-019  2.00327931537E-005 -1.35816792721E-001 -1.97840220413E-005
1 1 95   1.14235764236E-002 -1.08420217249E-019  1.62630325873E-019  2.00327931537E-005 -1.35816792721E-001 -1.97840220413E-005
1 1 96   1.14385614386E-002  2.71050543121E-019  0.00000000000E+000  2.00327931537E-005 -1.35816792721E-001 -1.97840220413E-005
1 1 97   1.14535464535E-002 -2.71050543121E-020  5.42101086243E-020  2.00327931537E-005 -1.35816792721E-001 -1.97840220413E-005
1 1 98   1.14685314685E-002  2.71050543121E-020  5.42101086243E-020  2.00327931537E-005 -1.35816792721E-001 -1.97840220413E-005
1 1 99   1.14835164835E-002  1.08420217249E-019  5.42101086243E-020  2.00327931537E-005 -1.35816792721E-001 -1.97840220413E-005
1 1 100   1.14985014985E-002 -5.42101086243E-020  5.42101086243E-020  2.00327931537E-005 -1.35816792721E-001 -1.97840220413E-005
1 1 101   1.15134865135E-002  1.89735380185E-019  1.62630325873E-019  2.00327931537E-005 -1.35816792721E-001 -1.97840220413E-005
1 1 102   1.15284715285E-002  2.16840434497E-019  1.08420217249E-019  2.00327931537E-005 -1.35816792721E-001 -1.97840220413E-005
1 1 103   1.15434565435E-002  1.62630325873E-019  2.16840434497E-019  2.00327931537E-005 -1.35816792721E-001 -1.97840220413E-005
1 1 104   1.15584415584E-002  1.89735380185E-019  1.62630325873E-019  2.00327931537E-005 -1.35816792721E-001 -1.97840220413E-005
1 1 105   1.15734265734E-002  0.00000000000E+000  1.62630325873E-019  2.00327931537E-005 -1.35816792721E-001 -1.97840220413E-005
1 1 106   1.15884115884E-002  5.42101086243E-020  2.16840434497E-019  2.00327931537E-005 -1.35816792721E-001 -1.97840220413E-005
1 1 107   1.16033966034E-002  2.16840434497E-019  1.08420217249E-019  2.00327931537E-005 -1.35816792721E-001 -1.97840220413E-005
1 1 108   1.16183816184E-002 -5.42101086243E-020 -1.08420217249E-019  5.88906261852E-005 -1.36018965932E-001 -1.60745407268E-005
1 1 109   1.16333666334E-002  1.62630325873E-019 -5.42101086243E-020  5.88906261852E-005 -1.36018965932E-001 -1.60745407268E-005
1 1 110   1.16483516484E-002 -1.35525271561E-019 -1.08420217249E-019  5.88906261852E-005 -1.36018965932E-001 -1.60745407268E-005
1 1 111   1.16633366633E-002 -2.71050543121E-020 -5.42101086243E-020  5.88906261852E-005 -1.36018965932E-001 -1.60745407268E-005
1 1 112   1.16783216783E-002 -2.16840434497E-019  5.42101086243E-020  5.88906261852E-005 -1.36018965932E-001 -1.60745407268E-005
1 1 113   1.16933066933E-002 -1.89735380185E-019  0.00000000000E+000  5.88906261852E-005 -1.36018965932E-001 -1.60745407268E-005
1 1 114   1.17082917083E-002 -2.43945488809E-019  0.00000000000E+000  5.88906261852E-005 -1.36018965932E-001 -1.60745407268E-005
1 1 115   1.17232767233E-002 -2.98155597434E-019  0.00000000000E+000  5.88906261852E-005 -1.36018965932E-001 -1.60745407268E-005
1 1 116   1.17382617383E-002 -5.42101086243E-020  0.00000000000E+000  5.88906261852E-005 -1.36018965932E-001 -1.60745407268E-005
1 1 117   1.17532467532E-002 -2.43945488809E-019 -5.42101086243E-020  5.88906261852E-005 -1.36018965932E-001 -1.60745407268E-005
1 1 118   1.17682317682E-002 -2.43945488809E-019  0.00000000000E+000  5.88906261852E-005 -1.36018965932E-001 -1.60745407268E-005
1 1 119   1.17832167832E-002 -3.25260651746E-019  5.42101086243E-020  5.88906261852E-005 -1.36018965932E-001 -1.60745407268E-005
1 1 120   1.17982017982E-002 -2.71050543121E-019 -5.42101086243E-020  5.88906261852E-005 -1.36018965932E-001 -1.60745407268E-005
1 1 121   1.18131868132E-002  1.08420217249E-019 -5.42101086243E-020  5.88906261852E-005 -1.36018965932E-001 -1.60745407268E-005
1 1 122   1.18281718282E-002 -1.08420217249E-019  0.00000000000E+000  5.88906261852E-005 -1.36018965932E-001 -1.60745407268E-005
1 1 123   1.18431568432E-002  1.35525271561E-019  0.00000000000E+000  2.42652735351E-005 -1.36055793891E-001 -4.23733484445E-006
1 1 124   1.18581418581E-002 -2.71050543121E-020 -5.42101086243E-020  2.42652735351E-005 -1.36055793891E-001 -4.23733484445E-006
1 1 125   1.18731268731E-002 -2.71050543121E-020 -5.42101086243E-020  2.42652735351E-005 -1.36055793891E-001 -4.23733484445E-006
1 1 126   1.18881118881E-002 -2.71050543121E-020 -1.08420217249E-019  2.42652735351E-005 -1.36055793891E-001 -4.23733484445E-006
1 1 127   1.19030969031E-002  0.00000000000E+000  0.00000000000E+000  2.42652735351E-005 -1.36055793891E-001 -4.23733484445E-006
1 1 128   1.19180819181E-002 -2.71050543121E-020 -5.42101086243E-020  2.42652735351E-005 -1.36055793891E-001 -4.23733484445E-006
1 1 129   1.19330669331E-002  5.42101086243E-020 -5.42101086243E-020  2.42652735351E-005 -1.36055793891E-001 -4.23733484445E-006
1 1 130   1.19480519481E-002  8.13151629364E-020  1.62630325873E-019  2.42652735351E-005 -1.36055793891E-001 -4.23733484445E-006
1 1 131   1.19630369630E-002  5.42101086243E-020  1.08420217249E-019  2.42652735351E-005 -1.36055793891E-001 -4.23733484445E-006
1 1 132   1.19780219780E-002  0.00000000000E+000  5.42101086243E-020  2.42652735351E-005 -1.36055793891E-001 -4.23733484445E-006
1 1 133   1.19930069930E-002 -2.71050543121E-020  2.16840434497E-019  2.42652735351E-005 -1.36055793891E-001 -4.23733484445E-006
1 1 134   1.20079920080E-002 -5.42101086243E-020  0.00000000000E+000  2.42652735351E-005 -1.36055793891E-001 -4.23733484445E-006
1 1 135   1.20229770230E-002 -5.42101086243E-020 -5.42101086243E-020  2.42652735351E-005 -1.36055793891E-001 -4.23733484445E-006
1 1 136   1.20379620380E-002  5.42101086243E-020 -1.08420217249E-019  2.42652735351E-005 -1.36055793891E-001 -4.23733484445E-006
1 1 137   1.20529470529E-002  2.71050543121E-020  5.42101086243E-020  2.42652735351E-005 -1.36055793891E-001 -4.23733484445E-006
1 1 138   1.20679320679E-002  5.42101086243E-020 -2.71050543121E-020  2.42652735351E-005 -1.36055793891E-001 -4.23733484445E-006
1 1 139   1.20829170829E-002  2.71050543121E-020 -2.71050543121E-020  2.42652735351E-005 -1.36055793891E-001 -4.23733484445E-006
1 1 140   1.20979020979E-002  0.00000000000E+000  2.16840434497E-019  2.42652735351E-005 -1.36055793891E-001 -4.23733484445E-006
1 1 141   1.21128871129E-002 -2.71050543121E-020 -2.71050543121E-020  2.42652735351E-005 -1.36055793891E-001 -4.23733484445E-006
1 1 142   1.21278721279E-002 -2.71050543121E-020  1.89735380185E-019  2.42652735351E-005 -1.36055793891E-001 -4.23733484445E-006
1 1 143   1.21428571429E-002  8.13151629364E-020  1.08420217249E-019  2.42652735351E-005 -1.36055793891E-001 -4.23733484445E-006
1 1 144   1.21578421578E-002  4.06575814682E-020  8.13151629364E-020  2.42652735351E-005 -1.36055793891E-001 -4.23733484445E-006
1 1 145   1.21728271728E-002  5.42101086243E-020 -8.13151629364E-020  2.42652735351E-005 -1.36055793891E-001 -4.23733484445E-006
1 1 146   1.21878121878E-002  2.71050543121E-020 -8.13151629364E-020  2.42652735351E-005 -1.36055793891E-001 -4.23733484445E-006
1 1 147   1.22027972028E-002  1.35525271561E-020  8.13151629364E-020  2.42652735351E-005 -1.36055793891E-001 -4.23733484445E-006
1 1 148   1.22177822178E-002 -1.35525271561E-020  1.08420217249E-019  2.42652735351E-005 -1.36055793891E-001 -4.23733484445E-006
1 1 149   1.22327672328E-002  4.06575814682E-020  2.71050543121E-020  2.42652735351E-005 -1.36055793891E-001 -4.23733484445E-006
1 1 150   1.22477522478E-002  1.62630325873E-019  1.08420217249E-019  2.42652735351E-005 -1.36055793891E-001 -4.23733484445E-006
1 1 151   1.22627372627E-002  5.42101086243E-020  1.89735380185E-019  2.42652735351E-005 -1.36055793891E-001 -4.23733484445E-006
1 1 152   1.22777222777E-002  1.35525271561E-019  2.16840434497E-019  2.42652735351E-005 -1.36055793891E-001 -4.23733484445E-006
1 1 153   1.22927072927E-002  1.35525271561E-020  5.42101086243E-020  2.42652735351E-005 -1.36055793891E-001 -4.23733484445E-006
1 1 154   1.23076923077E-002 -6.77626357803E-020  1.62630325873E-019  2.42652735351E-005 -1.36055793891E-001 -4.23733484445E-006
1 1 155   1.23226773227E-002  5.42101086243E-020  1.21972744405E-019  2.42652735351E-005 -1.36055793891E-001 -4.23733484445E-006
1 1 156   1.23376623377E-002  9.48676900925E-020  9.48676900925E-020  2.42652735351E-005 -1.36055793891E-001 -4.23733484445E-006
1 1 157   1.23526473526E-002  4.74338450462E-020  5.42101086243E-020  2.42652735351E-005 -1.36055793891E-001 -4.23733484445E-006
1 1 158   1.23676323676E-002 -2.03287907341E-020 -8.13151629364E-020  2.42652735351E-005 -1.36055793891E-001 -4.23733484445E-006
1 1 159   1.23826173826E-002  6.77626357803E-020 -1.35525271561E-020  2.42652735351E-005 -1.36055793891E-001 -4.23733484445E-006
1 1 160   1.23976023976E-002  6.77626357803E-021 -4.06575814682E-020  2.42652735351E-005 -1.36055793891E-001 -4.23733484445E-006
1 1 161   1.24125874126E-002 -4.06575814682E-020 -1.35525271561E-019  2.42652735351E-005 -1.36055793891E-001 -4.23733484445E-006
1 1 162   1.24275724276E-002 -6.77626357803E-020  1.01643953671E-019  2.42652735351E-005 -1.36055793891E-001 -4.23733484445E-006
1 1 163   1.24425574426E-002  1.01643953671E-020  8.13151629364E-020  2.42652735351E-005 -1.36055793891E-001 -4.23733484445E-006
1 1 164   1.24575424575E-002  4.74338450462E-020  4.74338450462E-020  2.42652735351E-005 -1.36055793891E-001 -4.23733484445E-006
1 1 165   1.24725274725E-002  4.40457132572E-020 -1.08420217249E-019  2.42652735351E-005 -1.36055793891E-001 -4.23733484445E-006
1 1 166   1.24875124875E-002  2.20228566286E-020  6.77626357803E-020  2.42652735351E-005 -1.36055793891E-001 -4.23733484445E-006
1 1 167   1.25024975025E-002  1.86347248396E-020  7.45388993584E-020  2.42652735351E-005 -1.36055793891E-001 -4.23733484445E-006
1 1 168   1.25174825175E-002 -1.77876918923E-020  4.74338450462E-020  2.42652735351E-005 -1.36055793891E-001 -4.23733484445E-006
1 1 169   1.25324675325E-002  2.04346698525E-020  1.63053842346E-020  2.42652735351E-005 -1.36055793891E-001 -4.23733484445E-006
1 1 170   1.25474525475E-002  4.10810979418E-020  9.74087889342E-020 -1.79326425857E-005 -1.36119296048E-001 -1.36061407536E-005
1 1 171   1.25624375624E-002  7.45388993584E-020  4.40457132572E-020 -1.79326425857E-005 -1.36119296048E-001 -1.36061407536E-005
1 1 172   1.25774225774E-002 -1.69406589451E-021  9.82558218815E-020 -1.79326425857E-005 -1.36119296048E-001 -1.36061407536E-005
1 1 173   1.25924075924E-002  4.74338450462E-020  1.69406589451E-020 -1.79326425857E-005 -1.36119296048E-001 -1.36061407536E-005
1 1 174   1.26073926074E-002 -3.38813178902E-021  1.01643953671E-020 -1.79326425857E-005 -1.36119296048E-001 -1.36061407536E-005
1 1 175   1.26223776224E-002  8.47032947254E-020  1.35525271561E-020 -1.79326425857E-005 -1.36119296048E-001 -1.36061407536E-005
1 1 176   1.26373626374E-002  1.32137139772E-019  1.28749007983E-019 -1.79326425857E-005 -1.36119296048E-001 -1.36061407536E-005
1 1 177   1.26523476523E-002  7.45388993584E-020  2.10064170919E-019 -1.79326425857E-005 -1.36119296048E-001 -1.36061407536E-005
1 1 178   1.26673326673E-002  0.00000000000E+000 -5.42101086243E-020 -1.79326425857E-005 -1.36119296048E-001 -1.36061407536E-005
1 1 179   1.26823176823E-002  2.71050543121E-020  1.08420217249E-019 -1.79326425857E-005 -1.36119296048E-001 -1.36061407536E-005
1 1 180   1.26973026973E-002 -9.48676900925E-020 -1.35525271561E-020 -1.79326425857E-005 -1.36119296048E-001 -1.36061407536E-005
1 1 181   1.27122877123E-002 -6.77626357803E-021  6.77626357803E-020 -1.79326425857E-005 -1.36119296048E-001 -1.36061407536E-005
1 1 182   1.27272727273E-002  4.74338450462E-020  6.77626357803E-020 -1.79326425857E-005 -1.36119296048E-001 -1.36061407536E-005
1 1 183   1.27422577423E-002  4.06575814682E-020  9.48676900925E-020 -1.79326425857E-005 -1.36119296048E-001 -1.36061407536E-005
1 1 184   1.27572427572E-002  0.00000000000E+000  9.48676900925E-020 -1.79326425857E-005 -1.36119296048E-001 -1.36061407536E-005
1 1 185   1.27722277722E-002  1.21972744405E-019  1.35525271561E-020 -1.79326425857E-005 -1.36119296048E-001 -1.36061407536E-005
1 1 186   1.27872127872E-002  8.13151629364E-020  8.13151629364E-020 -1.79326425857E-005 -1.36119296048E-001 -1.36061407536E-005
1 1 187   1.28021978022E-002  4.06575814682E-020 -2.71050543121E-020 -1.79326425857E-005 -1.36119296048E-001 -1.36061407536E-005
1 1 188   1.28171828172E-002  4.06575814682E-020  6.77626357803E-020 -1.79326425857E-005 -1.36119296048E-001 -1.36061407536E-005
1 1 189   1.28321678322E-002  5.42101086243E-020 -1.35525271561E-020 -1.79326425857E-005 -1.36119296048E-001 -1.36061407536E-005
1 1 190   1.28471528472E-002  6.77626357803E-020  0.00000000000E+000 -1.79326425857E-005 -1.36119296048E-001 -1.36061407536E-005
1 1 191   1.28621378621E-002  5.42101086243E-020 -8.13151629364E-020 -1.79326425857E-005 -1.36119296048E-001 -1.36061407536E-005
1 1 192   1.28771228771E-002  1.21972744405E-019 -5.42101086243E-020 -1.79326425857E-005 -1.36119296048E-001 -1.36061407536E-005
1 1 193   1.28921078921E-002  9.48676900925E-020 -1.08420217249E-019 -1.79326425857E-005 -1.36119296048E-001 -1.36061407536E-005
1 1 194   1.29070929071E-002  1.35525271561E-019 -5.42101086243E-020 -1.79326425857E-005 -1.36119296048E-001 -1.36061407536E-005
1 1 195   1.29220779221E-002  8.13151629364E-020  1.08420217249E-019 -1.79326425857E-005 -1.36119296048E-001 -1.36061407536E-005
1 1 196   1.29370629371E-002 -1.35525271561E-020  5.42101086243E-020 -1.79326425857E-005 -1.36119296048E-001 -1.36061407536E-005
1 1 197   1.29520479520E-002  8.13151629364E-020  8.13151629364E-020 -1.79326425857E-005 -1.36119296048E-001 -1.36061407536E-005
1 1 198   1.29670329670E-002  0.00000000000E+000  8.13151629364E-020 -1.79326425857E-005 -1.36119296048E-001 -1.36061407536E-005
1 1 199   1.29820179820E-002  5.42101086243E-020 -5.42101086243E-020 -1.79326425857E-005 -1.36119296048E-001 -1.36061407536E-005
1 1 200   1.29970029970E-002 -2.71050543121E-020 -5.42101086243E-020 -1.79326425857E-005 -1.36119296048E-001 -1.36061407536E-005
1 1 201   1.30119880120E-002  5.42101086243E-020  1.08420217249E-019 -1.79326425857E-005 -1.36119296048E-001 -1.36061407536E-005
1 1 202   1.30269730270E-002  0.00000000000E+000  2.71050543121E-020 -1.79326425857E-005 -1.36119296048E-001 -1.36061407536E-005
1 1 203   1.30419580420E-002  1.62630325873E-019 -2.71050543121E-020 -1.79326425857E-005 -1.36119296048E-001 -1.36061407536E-005
1 1 204   1.30569430569E-002  1.08420217249E-019  8.13151629364E-020 -1.79326425857E-005 -1.36119296048E-001 -1.36061407536E-005
1 1 205   1.30719280719E-002  0.00000000000E+000  1.08420217249E-019 -1.79326425857E-005 -1.36119296048E-001 -1.36061407536E-005
1 1 206   1.30869130869E-002  8.13151629364E-020  2.71050543121E-020 -1.79326425857E-005 -1.36119296048E-001 -1.36061407536E-005
1 1 207   1.31018981019E-002  2.71050543121E-020  1.08420217249E-019 -1.79326425857E-005 -1.36119296048E-001 -1.36061407536E-005
1 1 208   1.31168831169E-002 -2.71050543121E-020  1.62630325873E-019 -1.79326425857E-005 -1.36119296048E-001 -1.36061407536E-005
1 1 209   1.31318681319E-002  0.00000000000E+000  1.89735380185E-019 -1.79326425857E-005 -1.36119296048E-001 -1.36061407536E-005
1 1 210   1.31468531469E-002  1.35525271561E-019  0.00000000000E+000 -1.79326425857E-005 -1.36119296048E-001 -1.36061407536E-005
1 1 211   1.31618381618E-002 -5.42101086243E-020  1.62630325873E-019 -1.92361620972E-005 -1.36160282683E-001 -1.45149929555E-005
1 1 212   1.31768231768E-002  8.13151629364E-020  5.42101086243E-020 -1.92361620972E-005 -1.36160282683E-001 -1.45149929555E-005
1 1 213   1.31918081918E-002  0.00000000000E+000  5.42101086243E-020 -1.92361620972E-005 -1.36160282683E-001 -1.45149929555E-005
1 1 214   1.32067932068E-002  0.00000000000E+000  0.00000000000E+000 -1.92361620972E-005 -1.36160282683E-001 -1.45149929555E-005
1 1 215   1.32217782218E-002 -8.13151629364E-020  5.42101086243E-020 -1.92361620972E-005 -1.36160282683E-001 -1.45149929555E-005
1 1 216   1.32367632368E-002  0.00000000000E+000  5.42101086243E-020 -1.92361620972E-005 -1.36160282683E-001 -1.45149929555E-005
1 1 217   1.32517482517E-002  2.71050543121E-020  1.08420217249E-019 -1.92361620972E-005 -1.36160282683E-001 -1.45149929555E-005
1 1 218   1.32667332667E-002  5.42101086243E-020  5.42101086243E-020 -1.92361620972E-005 -1.36160282683E-001 -1.45149929555E-005
1 1 219   1.32817182817E-002  1.08420217249E-019  1.08420217249E-019 -1.92361620972E-005 -1.36160282683E-001 -1.45149929555E-005
1 1 220   1.32967032967E-002 -5.42101086243E-020  1.08420217249E-019 -1.92361620972E-005 -1.36160282683E-001 -1.45149929555E-005
1 1 221   1.33116883117E-002  5.42101086243E-020  1.89735380185E-019 -1.92361620972E-005 -1.36160282683E-001 -1.45149929555E-005
1 1 222   1.33266733267E-002  1.08420217249E-019  1.62630325873E-019 -1.92361620972E-005 -1.36160282683E-001 -1.45149929555E-005
1 1 223   1.33416583417E-002 -2.71050543121E-020  5.42101086243E-020 -1.92361620972E-005 -1.36160282683E-001 -1.45149929555E-005
1 1 224   1.33566433566E-002  2.71050543121E-020  0.00000000000E+000 -1.92361620972E-005 -1.36160282683E-001 -1.45149929555E-005
1 1 225   1.33716283716E-002 -5.42101086243E-020  2.71050543121E-020 -1.92361620972E-005 -1.36160282683E-001 -1.45149929555E-005
1 1 226   1.33866133866E-002  1.08420217249E-019  0.00000000000E+000 -1.92361620972E-005 -1.36160282683E-001 -1.45149929555E-005
1 1 227   1.34015984016E-002 -2.71050543121E-020  5.42101086243E-020 -1.92361620972E-005 -1.36160282683E-001 -1.45149929555E-005
1 1 228   1.34165834166E-002  2.71050543121E-020  1.89735380185E-019 -1.92361620972E-005 -1.36160282683E-001 -1.45149929555E-005
1 1 229   1.34315684316E-002  2.71050543121E-020  5.42101086243E-020 -1.92361620972E-005 -1.36160282683E-001 -1.45149929555E-005
1 1 230   1.34465534466E-002  0.00000000000E+000  1.35525271561E-019 -1.92361620972E-005 -1.36160282683E-001 -1.45149929555E-005
1 1 231   1.34615384615E-002  0.00000000000E+000  1.35525271561E-019 -1.92361620972E-005 -1.36160282683E-001 -1.45149929555E-005
1 1 232   1.34765234765E-002 -5.42101086243E-020  1.08420217249E-019 -1.92361620972E-005 -1.36160282683E-001 -1.45149929555E-005
1 1 233   1.34915084915E-002  2.71050543121E-020  5.42101086243E-020 -1.92361620972E-005 -1.36160282683E-001 -1.45149929555E-005
1 1 234   1.35064935065E-002 -1.35525271561E-019 -5.42101086243E-020 -1.92361620972E-005 -1.36160282683E-001 -1.45149929555E-005
1 1 235   1.35214785215E-002  0.00000000000E+000 -5.42101086243E-020 -1.92361620972E-005 -1.36160282683E-001 -1.45149929555E-005
1 1 236   1.35364635365E-002 -2.71050543121E-020 -2.71050543121E-020 -1.92361620972E-005 -1.36160282683E-001 -1.45149929555E-005
1 1 237   1.35514485514E-002 -5.42101086243E-020  2.71050543121E-020 -1.92361620972E-005 -1.36160282683E-001 -1.45149929555E-005
1 1 238   1.35664335664E-002  1.35525271561E-020  5.42101086243E-020 -1.92361620972E-005 -1.36160282683E-001 -1.45149929555E-005
1 1 239   1.35814185814E-002  9.48676900925E-020  1.35525271561E-019 -1.92361620972E-005 -1.36160282683E-001 -1.45149929555E-005
1 1 240   1.35964035964E-002 -1.76182853029E-019  1.35525271561E-019 -1.92361620972E-005 -1.36160282683E-001 -1.45149929555E-005
1 1 241   1.36113886114E-002  0.00000000000E+000  8.13151629364E-020 -1.92361620972E-005 -1.36160282683E-001 -1.45149929555E-005
1 1 242   1.36263736264E-002 -8.13151629364E-020  1.35525271561E-019 -1.92361620972E-005 -1.36160282683E-001 -1.45149929555E-005
1 1 243   1.36413586414E-002 -1.35525271561E-020  5.42101086243E-020 -1.92361620972E-005 -1.36160282683E-001 -1.45149929555E-005
1 1 244   1.36563436563E-002  8.13151629364E-020  1.89735380185E-019 -1.92361620972E-005 -1.36160282683E-001 -1.45149929555E-005
1 1 245   1.36713286713E-002 -8.13151629364E-020 -5.42101086243E-020 -1.92361620972E-005 -1.36160282683E-001 -1.45149929555E-005
1 1 246   1.36863136863E-002  1.35525271561E-020  1.62630325873E-019 -1.92361620972E-005 -1.36160282683E-001 -1.45149929555E-005
1 1 247   1.37012987013E-002 -1.35525271561E-020 -8.13151629364E-020 -1.92361620972E-005 -1.36160282683E-001 -1.45149929555E-005
1 1 248   1.37162837163E-002  2.71050543121E-020  0.00000000000E+000 -1.92361620972E-005 -1.36160282683E-001 -1.45149929555E-005
1 1 249   1.37312687313E-002  8.13151629364E-020  1.08420217249E-019 -1.92361620972E-005 -1.36160282683E-001 -1.45149929555E-005
1 1 250   1.37462537463E-002  6.77626357803E-020  1.35525271561E-019 -1.92361620972E-005 -1.36160282683E-001 -1.45149929555E-005
1 1 251   1.37612387612E-002  0.00000000000E+000  5.42101086243E-020 -1.92361620972E-005 -1.36160282683E-001 -1.45149929555E-005
1 1 252   1.37762237762E-002 -1.35525271561E-020  1.08420217249E-019 -1.92361620972E-005 -1.36160282683E-001 -1.45149929555E-005
1 1 253   1.37912087912E-002  5.42101086243E-020  6.77626357803E-020 -1.92361620972E-005 -1.36160282683E-001 -1.45149929555E-005
1 1 254   1.38061938062E-002  1.35525271561E-020  9.48676900925E-020 -1.92361620972E-005 -1.36160282683E-001 -1.45149929555E-005
1 1 255   1.38211788212E-002  0.00000000000E+000  1.35525271561E-020 -1.92361620972E-005 -1.36160282683E-001 -1.45149929555E-005
1 1 256   1.38361638362E-002  0.00000000000E+000  5.42101086243E-020 -1.92361620972E-005 -1.36160282683E-001 -1.45149929555E-005
1 1 257   1.38511488511E-002 -2.71050543121E-020  5.42101086243E-020 -1.92361620972E-005 -1.36160282683E-001 -1.45149929555E-005
1 1 258   1.38661338661E-002  5.42101086243E-020  1.08420217249E-019 -1.92361620972E-005 -1.36160282683E-001 -1.45149929555E-005
1 1 259   1.38811188811E-002  8.13151629364E-020  1.35525271561E-019 -1.92361620972E-005 -1.36160282683E-001 -1.45149929555E-005
1 1 260   1.38961038961E-002 -5.42101086243E-020  6.77626357803E-020 -1.92361620972E-005 -1.36160282683E-001 -1.45149929555E-005
1 1 261   1.39110889111E-002 -1.35525271561E-020  5.42101086243E-020 -1.92361620972E-005 -1.36160282683E-001 -1.45149929555E-005
1 1 262   1.39260739261E-002 -4.06575814682E-020  4.06575814682E-020 -1.92361620972E-005 -1.36160282683E-001 -1.45149929555E-005
1 1 263   1.39410589411E-002 -8.13151629364E-020  6.77626357803E-020 -1.92361620972E-005 -1.36160282683E-001 -1.45149929555E-005
1 1 264   1.39560439560E-002 -1.35525271561E-020  6.77626357803E-020 -1.92361620972E-005 -1.36160282683E-001 -1.45149929555E-005
1 1 265   1.39710289710E-002  4.06575814682E-020  9.48676900925E-020 -1.92361620972E-005 -1.36160282683E-001 -1.45149929555E-005
1 1 266   1.39860139860E-002  0.00000000000E+000  2.23616698075E-019 -8.08055764844E-006 -1.36169856391E-001 -1.90923172590E-005
1 1 267   1.40009990010E-002  0.00000000000E+000 -6.77626357803E-021 -8.08055764844E-006 -1.36169856391E-001 -1.90923172590E-005
1 1 268   1.40159840160E-002  5.42101086243E-020  2.03287907341E-020 -8.08055764844E-006 -1.36169856391E-001 -1.90923172590E-005
1 1 269   1.40309690310E-002 -5.42101086243E-020  2.23616698075E-019 -8.08055764844E-006 -1.36169856391E-001 -1.90923172590E-005
1 1 270   1.40459540460E-002  5.42101086243E-020  6.77626357803E-020 -8.08055764844E-006 -1.36169856391E-001 -1.90923172590E-005
1 1 271   1.40609390609E-002  0.00000000000E+000  7.45388993584E-020 -8.08055764844E-006 -1.36169856391E-001 -1.90923172590E-005
1 1 272   1.40759240759E-002  5.42101086243E-020  7.45388993584E-020 -8.08055764844E-006 -1.36169856391E-001 -1.90923172590E-005
1 1 273   1.40909090909E-002  0.00000000000E+000  9.48676900925E-020 -8.08055764844E-006 -1.36169856391E-001 -1.90923172590E-005
1 1 274   1.41058941059E-002 -1.08420217249E-019  1.62630325873E-019 -8.08055764844E-006 -1.36169856391E-001 -1.90923172590E-005
1 1 275   1.41208791209E-002  1.08420217249E-019 -2.03287907341E-020 -8.08055764844E-006 -1.36169856391E-001 -1.90923172590E-005
1 1 276   1.41358641359E-002 -1.08420217249E-019 -3.38813178902E-020  2.30573830740E-005 -1.36203095849E-001  6.03236705950E-006
1 1 277   1.41508491508E-002  5.42101086243E-020 -1.35525271561E-020  2.30573830740E-005 -1.36203095849E-001  6.03236705950E-006
1 1 278   1.41658341658E-002 -5.42101086243E-020 -4.06575814682E-020  2.30573830740E-005 -1.36203095849E-001  6.03236705950E-006
1 1 279   1.41808191808E-002 -5.42101086243E-020 -2.71050543121E-020  2.30573830740E-005 -1.36203095849E-001  6.03236705950E-006
1 1 280   1.41958041958E-002  5.42101086243E-020  1.35525271561E-020  2.30573830740E-005 -1.36203095849E-001  6.03236705950E-006
1 1 281   1.42107892108E-002  0.00000000000E+000 -2.71050543121E-020  2.30573830740E-005 -1.36203095849E-001  6.03236705950E-006
1 1 282   1.42257742258E-002  0.00000000000E+000 -6.77626357803E-021  2.30573830740E-005 -1.36203095849E-001  6.03236705950E-006
1 1 283   1.42407592408E-002  0.00000000000E+000 -3.38813178902E-020  2.30573830740E-005 -1.36203095849E-001  6.03236705950E-006
1 1 284   1.42557442557E-002 -1.62630325873E-019 -7.45388993584E-020  2.30573830740E-005 -1.36203095849E-001  6.03236705950E-006
1 1 285   1.42707292707E-002  5.42101086243E-020  1.35525271561E-020  2.30573830740E-005 -1.36203095849E-001  6.03236705950E-006
1 1 286   1.42857142857E-002  0.00000000000E+000 -6.09863722023E-020  2.30573830740E-005 -1.36203095849E-001  6.03236705950E-006
1 1 287   1.43006993007E-002  2.71050543121E-020 -2.71050543121E-020  2.30573830740E-005 -1.36203095849E-001  6.03236705950E-006
1 1 288   1.43156843157E-002  2.71050543121E-020  2.03287907341E-020  2.30573830740E-005 -1.36203095849E-001  6.03236705950E-006
1 1 289   1.43306693307E-002 -5.42101086243E-020 -2.71050543121E-020  2.30573830740E-005 -1.36203095849E-001  6.03236705950E-006
1 1 290   1.43456543457E-002  2.71050543121E-020 -3.38813178902E-020  2.30573830740E-005 -1.36203095849E-001  6.03236705950E-006
1 1 291   1.43606393606E-002  0.00000000000E+000  6.77626357803E-021  2.30573830740E-005 -1.36203095849E-001  6.03236705950E-006
1 1 292   1.43756243756E-002 -2.71050543121E-020 -3.38813178902E-020  2.30573830740E-005 -1.36203095849E-001  6.03236705950E-006
1 1 293   1.43906093906E-002 -5.42101086243E-020 -2.03287907341E-020  2.30573830740E-005 -1.36203095849E-001  6.03236705950E-006
1 1 294   1.44055944056E-002  5.42101086243E-020  0.00000000000E+000  2.30573830740E-005 -1.36203095849E-001  6.03236705950E-006
1 1 295   1.44205794206E-002  8.13151629364E-020 -2.03287907341E-020  2.30573830740E-005 -1.36203095849E-001  6.03236705950E-006
1 1 296   1.44355644356E-002  5.42101086243E-020 -1.01643953671E-020  2.30573830740E-005 -1.36203095849E-001  6.03236705950E-006
1 1 297   1.44505494505E-002 -8.13151629364E-020 -2.37169225231E-020  2.30573830740E-005 -1.36203095849E-001  6.03236705950E-006
1 1 298   1.44655344655E-002  1.35525271561E-019  0.00000000000E+000  2.30573830740E-005 -1.36203095849E-001  6.03236705950E-006
1 1 299   1.44805194805E-002  0.00000000000E+000 -2.71050543121E-020  2.30573830740E-005 -1.36203095849E-001  6.03236705950E-006
1 1 300   1.44955044955E-002  1.35525271561E-020 -2.03287907341E-020  2.30573830740E-005 -1.36203095849E-001  6.03236705950E-006
1 1 301   1.45104895105E-002 -2.71050543121E-020 -2.03287907341E-020  2.30573830740E-005 -1.36203095849E-001  6.03236705950E-006
1 1 302   1.45254745255E-002  8.13151629364E-020  1.35525271561E-020  2.30573830740E-005 -1.36203095849E-001  6.03236705950E-006
1 1 303   1.45404595405E-002  0.00000000000E+000 -1.01643953671E-020  2.30573830740E-005 -1.36203095849E-001  6.03236705950E-006
1 1 304   1.45554445554E-002  5.42101086243E-020 -2.03287907341E-020  2.30573830740E-005 -1.36203095849E-001  6.03236705950E-006
1 1 305   1.45704295704E-002  6.77626357803E-020  1.18584612616E-020  2.30573830740E-005 -1.36203095849E-001  6.03236705950E-006
1 1 306   1.45854145854E-002 -2.71050543121E-020  1.69406589451E-021  2.30573830740E-005 -1.36203095849E-001  6.03236705950E-006
1 1 307   1.46003996004E-002  2.71050543121E-020 -3.38813178902E-020  2.30573830740E-005 -1.36203095849E-001  6.03236705950E-006
1 1 308   1.46153846154E-002  4.74338450462E-020 -2.87991202066E-020  2.30573830740E-005 -1.36203095849E-001  6.03236705950E-006
1 1 309   1.46303696304E-002  0.00000000000E+000 -5.08219768353E-020  2.30573830740E-005 -1.36203095849E-001  6.03236705950E-006
1 1 310   1.46453546454E-002  8.13151629364E-020 -3.47283508374E-020  2.30573830740E-005 -1.36203095849E-001  6.03236705950E-006
1 1 311   1.46603396603E-002 -6.77626357803E-020 -8.47032947254E-021  2.30573830740E-005 -1.36203095849E-001  6.03236705950E-006
1 1 312   1.46753246753E-002  1.60936259978E-019  2.54109884176E-021  2.30573830740E-005 -1.36203095849E-001  6.03236705950E-006
1 1 313   1.46903096903E-002  7.62329652529E-020  1.72582963003E-020  2.30573830740E-005 -1.36203095849E-001  6.03236705950E-006
1 1 314   1.47052947053E-002  1.35525271561E-019 -1.08420217249E-019  3.20939486295E-005 -1.36160257830E-001 -2.47698376049E-005
1 1 315   1.47202797203E-002  8.13151629364E-020 -1.35525271561E-019  3.20939486295E-005 -1.36160257830E-001 -2.47698376049E-005
1 1 316   1.47352647353E-002  2.71050543121E-020 -8.13151629364E-020  3.20939486295E-005 -1.36160257830E-001 -2.47698376049E-005
1 1 317   1.47502497502E-002  1.62630325873E-019 -8.13151629364E-020  3.20939486295E-005 -1.36160257830E-001 -2.47698376049E-005
1 1 318   1.47652347652E-002 -2.03287907341E-020 -2.71050543121E-020  3.20939486295E-005 -1.36160257830E-001 -2.47698376049E-005
1 1 319   1.47802197802E-002 -1.08420217249E-019 -5.42101086243E-020  3.20939486295E-005 -1.36160257830E-001 -2.47698376049E-005
1 1 320   1.47952047952E-002 -9.48676900925E-020  0.00000000000E+000  3.20939486295E-005 -1.36160257830E-001 -2.47698376049E-005
1 1 321   1.48101898102E-002 -6.77626357803E-021  2.71050543121E-020  3.20939486295E-005 -1.36160257830E-001 -2.47698376049E-005
1 1 322   1.48251748252E-002  2.03287907341E-020 -5.42101086243E-020  3.20939486295E-005 -1.36160257830E-001 -2.47698376049E-005
1 1 323   1.48401598402E-002  1.49077798717E-019 -1.62630325873E-019  3.20939486295E-005 -1.36160257830E-001 -2.47698376049E-005
1 1 324   1.48551448551E-002  8.13151629364E-020  0.00000000000E+000  3.20939486295E-005 -1.36160257830E-001 -2.47698376049E-005
1 1 325   1.48701298701E-002 -3.38813178902E-020  2.71050543121E-020  3.20939486295E-005 -1.36160257830E-001 -2.47698376049E-005
1 1 326   1.48851148851E-002 -2.03287907341E-020 -6.77626357803E-020  3.20939486295E-005 -1.36160257830E-001 -2.47698376049E-005
1 1 327   1.49000999001E-002  1.69406589451E-019 -1.35525271561E-019  3.20939486295E-005 -1.36160257830E-001 -2.47698376049E-005
1 1 328   1.49150849151E-002  0.00000000000E+000  0.00000000000E+000  3.20939486295E-005 -1.36160257830E-001 -2.47698376049E-005
1 1 329   1.49300699301E-002  1.15196480827E-019  0.00000000000E+000  3.20939486295E-005 -1.36160257830E-001 -2.47698376049E-005
1 1 330   1.49450549451E-002  8.47032947254E-020 -9.48676900925E-020  3.20939486295E-005 -1.36160257830E-001 -2.47698376049E-005
1 1 331   1.49600399600E-002  1.25360876194E-019  0.00000000000E+000  3.20939486295E-005 -1.36160257830E-001 -2.47698376049E-005
1 1 332   1.49750249750E-002  1.72794721240E-019 -4.74338450462E-020  3.20939486295E-005 -1.36160257830E-001 -2.47698376049E-005
1 1 333   1.49900099900E-002  2.20228566286E-019 -4.06575814682E-020  3.20939486295E-005 -1.36160257830E-001 -2.47698376049E-005
1 1 334   1.50049950050E-002  7.28448334639E-020 -1.21972744405E-019  3.20939486295E-005 -1.36160257830E-001 -2.47698376049E-005
1 1 335   1.50199800200E-002  1.88041314290E-019 -1.08420217249E-019  3.20939486295E-005 -1.36160257830E-001 -2.47698376049E-005
1 1 336   1.50349650350E-002  3.07472959853E-019 -1.21972744405E-019  3.20939486295E-005 -1.36160257830E-001 -2.47698376049E-005
1 1 337   1.50499500500E-002  6.05628557287E-020 -5.16690097825E-020  3.20939486295E-005 -1.36160257830E-001 -2.47698376049E-005
1 1 338   1.50649350649E-002 -2.87991202066E-020  3.00696696275E-020  3.84141947729E-005 -1.36131801966E-001 -2.66292065039E-005
1 1 339   1.50799200799E-002 -1.05455601933E-019 -1.86347248396E-019  3.84141947729E-005 -1.36131801966E-001 -2.66292065039E-005
1 1 340   1.50949050949E-002 -7.87740640946E-020  2.03287907341E-020  3.84141947729E-005 -1.36131801966E-001 -2.66292065039E-005
1 1 341   1.51098901099E-002  4.82808779935E-020  0.00000000000E+000  3.84141947729E-005 -1.36131801966E-001 -2.66292065039E-005
1 1 342   1.51248751249E-002 -1.35525271561E-020 -6.77626357803E-021  3.84141947729E-005 -1.36131801966E-001 -2.66292065039E-005
1 1 343   1.51398601399E-002  5.42101086243E-020  4.74338450462E-020  3.84141947729E-005 -1.36131801966E-001 -2.66292065039E-005
1 1 344   1.51548451548E-002 -3.89635155737E-020 -2.71050543121E-020  3.84141947729E-005 -1.36131801966E-001 -2.66292065039E-005
1 1 345   1.51698301698E-002 -3.04931861012E-020 -9.48676900925E-020  3.84141947729E-005 -1.36131801966E-001 -2.66292065039E-005
1 1 346   1.51848151848E-002 -8.47032947254E-020 -1.15196480827E-019  3.84141947729E-005 -1.36131801966E-001 -2.66292065039E-005
1 1 347   1.51998001998E-002 -3.38813178902E-020  8.13151629364E-020  3.84141947729E-005 -1.36131801966E-001 -2.66292065039E-005
1 1 348   1.52147852148E-002  0.00000000000E+000  4.06575814682E-020  3.84141947729E-005 -1.36131801966E-001 -2.66292065039E-005
1 1 349   1.52297702298E-002 -5.75982404133E-020  1.35525271561E-020  3.84141947729E-005 -1.36131801966E-001 -2.66292065039E-005
1 1 350   1.52447552448E-002 -1.05032085460E-019 -1.35525271561E-019  3.84141947729E-005 -1.36131801966E-001 -2.66292065039E-005
1 1 351   1.52597402597E-002 -1.35525271561E-019 -8.13151629364E-020  3.84141947729E-005 -1.36131801966E-001 -2.66292065039E-005
1 1 352   1.52747252747E-002  8.13151629364E-020  9.48676900925E-020  3.84141947729E-005 -1.36131801966E-001 -2.66292065039E-005
1 1 353   1.52897102897E-002  6.77626357803E-020  1.35525271561E-020  3.84141947729E-005 -1.36131801966E-001 -2.66292065039E-005
1 1 354   1.53046953047E-002  2.71050543121E-020  8.13151629364E-020  3.84141947729E-005 -1.36131801966E-001 -2.66292065039E-005
1 1 355   1.53196803197E-002 -4.06575814682E-020 -8.13151629364E-020  3.84141947729E-005 -1.36131801966E-001 -2.66292065039E-005
1 1 356   1.53346653347E-002  2.03287907341E-020  0.00000000000E+000  3.84141947729E-005 -1.36131801966E-001 -2.66292065039E-005
1 1 357   1.53496503497E-002  2.03287907341E-020 -2.71050543121E-020  3.84141947729E-005 -1.36131801966E-001 -2.66292065039E-005
1 1 358   1.53646353646E-002 -6.09863722023E-020  5.42101086243E-020  3.84141947729E-005 -1.36131801966E-001 -2.66292065039E-005
1 1 359   1.53796203796E-002 -4.74338450462E-020 -2.71050543121E-020  3.84141947729E-005 -1.36131801966E-001 -2.66292065039E-005
1 1 360   1.53946053946E-002  6.77626357803E-020  1.08420217249E-019  3.84141947729E-005 -1.36131801966E-001 -2.66292065039E-005
1 1 361   1.54095904096E-002  2.03287907341E-020  5.42101086243E-020  3.84141947729E-005 -1.36131801966E-001 -2.66292065039E-005
1 1 362   1.54245754246E-002  6.77626357803E-021  2.71050543121E-020  3.84141947729E-005 -1.36131801966E-001 -2.66292065039E-005
1 1 363   1.54395604396E-002  2.03287907341E-020  8.13151629364E-020  3.84141947729E-005 -1.36131801966E-001 -2.66292065039E-005
1 1 364   1.54545454545E-002 -1.35525271561E-020 -5.42101086243E-020  3.84141947729E-005 -1.36131801966E-001 -2.66292065039E-005
1 1 365   1.54695304695E-002 -4.74338450462E-020 -8.13151629364E-020  3.84141947729E-005 -1.36131801966E-001 -2.66292065039E-005
1 1 366   1.54845154845E-002  4.06575814682E-020  8.13151629364E-020  3.84141947729E-005 -1.36131801966E-001 -2.66292065039E-005
1 1 367   1.54995004995E-002 -2.71050543121E-020 -2.71050543121E-020  3.84141947729E-005 -1.36131801966E-001 -2.66292065039E-005
1 1 368   1.55144855145E-002 -8.13151629364E-020 -5.42101086243E-020  3.84141947729E-005 -1.36131801966E-001 -2.66292065039E-005
1 1 369   1.55294705295E-002  6.77626357803E-020  5.42101086243E-020  3.84141947729E-005 -1.36131801966E-001 -2.66292065039E-005
1 1 370   1.55444555445E-002  0.00000000000E+000  2.71050543121E-020  3.84141947729E-005 -1.36131801966E-001 -2.66292065039E-005
1 1 371   1.55594405594E-002  1.35525271561E-020 -5.42101086243E-020  3.84141947729E-005 -1.36131801966E-001 -2.66292065039E-005
1 1 372   1.55744255744E-002  5.42101086243E-020  0.00000000000E+000  3.84141947729E-005 -1.36131801966E-001 -2.66292065039E-005
1 1 373   1.55894105894E-002 -6.77626357803E-020 -1.62630325873E-019  3.84141947729E-005 -1.36131801966E-001 -2.66292065039E-005
1 1 374   1.56043956044E-002 -8.13151629364E-020 -1.08420217249E-019  3.84141947729E-005 -1.36131801966E-001 -2.66292065039E-005
1 1 375   1.56193806194E-002 -1.35525271561E-020  0.00000000000E+000  3.84141947729E-005 -1.36131801966E-001 -2.66292065039E-005
1 1 376   1.56343656344E-002 -2.71050543121E-020 -5.42101086243E-020  3.84141947729E-005 -1.36131801966E-001 -2.66292065039E-005
1 1 377   1.56493506494E-002 -2.71050543121E-020 -5.42101086243E-020  3.84141947729E-005 -1.36131801966E-001 -2.66292065039E-005
1 1 378   1.56643356643E-002  2.71050543121E-020  5.42101086243E-020  3.84141947729E-005 -1.36131801966E-001 -2.66292065039E-005
1 1 379   1.56793206793E-002 -2.71050543121E-020 -1.08420217249E-019  3.84141947729E-005 -1.36131801966E-001 -2.66292065039E-005
1 1 380   1.56943056943E-002  1.35525271561E-020  5.42101086243E-020  3.84141947729E-005 -1.36131801966E-001 -2.66292065039E-005
1 1 381   1.57092907093E-002 -8.13151629364E-020 -2.16840434497E-019  3.84141947729E-005 -1.36131801966E-001 -2.66292065039E-005
1 1 382   1.57242757243E-002  4.06575814682E-020  5.42101086243E-020  3.84141947729E-005 -1.36131801966E-001 -2.66292065039E-005
1 1 383   1.57392607393E-002  5.42101086243E-020  5.42101086243E-020  3.84141947729E-005 -1.36131801966E-001 -2.66292065039E-005
1 1 384   1.57542457542E-002  0.00000000000E+000 -1.08420217249E-019  3.84141947729E-005 -1.36131801966E-001 -2.66292065039E-005
1 1 385   1.57692307692E-002  0.00000000000E+000 -5.42101086243E-020  3.84141947729E-005 -1.36131801966E-001 -2.66292065039E-005
1 1 386   1.57842157842E-002  4.06575814682E-020  5.42101086243E-020  3.84141947729E-005 -1.36131801966E-001 -2.66292065039E-005
1 1 387   1.57992007992E-002  0.00000000000E+000  5.42101086243E-020  3.84141947729E-005 -1.36131801966E-001 -2.66292065039E-005
1 1 388   1.58141858142E-002  6.77626357803E-020  1.08420217249E-019  3.84141947729E-005 -1.36131801966E-001 -2.66292065039E-005
1 1 389   1.58291708292E-002  0.00000000000E+000  5.42101086243E-020  3.84141947729E-005 -1.36131801966E-001 -2.66292065039E-005
1 1 390   1.58441558442E-002 -2.71050543121E-020  0.00000000000E+000  3.84141947729E-005 -1.36131801966E-001 -2.66292065039E-005
1 1 391   1.58591408591E-002 -4.06575814682E-020 -1.62630325873E-019  3.84141947729E-005 -1.36131801966E-001 -2.66292065039E-005
1 1 392   1.58741258741E-002 -4.06575814682E-020 -1.62630325873E-019  3.84141947729E-005 -1.36131801966E-001 -2.66292065039E-005
1 1 393   1.58891108891E-002 -1.35525271561E-020  0.00000000000E+000  3.84141947729E-005 -1.36131801966E-001 -2.66292065039E-005
1 1 394   1.59040959041E-002  4.06575814682E-020  0.00000000000E+000 -8.70872768992E-005 -1.36166042290E-001 -1.09698504576E-005
1 1 395   1.59190809191E-002  2.43945488809E-019 -5.42101086243E-020 -8.70872768992E-005 -1.36166042290E-001 -1.09698504576E-005
1 1 396   1.59340659341E-002  8.13151629364E-020 -1.08420217249E-019 -8.70872768992E-005 -1.36166042290E-001 -1.09698504576E-005
1 1 397   1.59490509491E-002 -2.71050543121E-020 -5.42101086243E-020 -8.70872768992E-005 -1.36166042290E-001 -1.09698504576E-005
1 1 398   1.59640359640E-002  5.42101086243E-020 -1.08420217249E-019 -8.70872768992E-005 -1.36166042290E-001 -1.09698504576E-005
1 1 399   1.59790209790E-002  1.08420217249E-019 -5.42101086243E-020 -8.70872768992E-005 -1.36166042290E-001 -1.09698504576E-005
1 1 400   1.59940059940E-002  1.89735380185E-019 -5.42101086243E-020 -8.70872768992E-005 -1.36166042290E-001 -1.09698504576E-005
1 1 401   1.60089910090E-002  1.89735380185E-019  0.00000000000E+000 -8.70872768992E-005 -1.36166042290E-001 -1.09698504576E-005
1 1 402   1.60239760240E-002  5.42101086243E-020 -5.42101086243E-020 -8.70872768992E-005 -1.36166042290E-001 -1.09698504576E-005
1 1 403   1.60389610390E-002  2.43945488809E-019 -5.42101086243E-020 -8.70872768992E-005 -1.36166042290E-001 -1.09698504576E-005
1 1 404   1.60539460539E-002  5.42101086243E-020  0.00000000000E+000 -8.70872768992E-005 -1.36166042290E-001 -1.09698504576E-005
1 1 405   1.60689310689E-002  2.43945488809E-019 -5.42101086243E-020 -8.70872768992E-005 -1.36166042290E-001 -1.09698504576E-005
1 1 406   1.60839160839E-002  8.13151629364E-020 -5.42101086243E-020 -8.70872768992E-005 -1.36166042290E-001 -1.09698504576E-005
1 1 407   1.60989010989E-002  1.62630325873E-019 -1.08420217249E-019 -8.70872768992E-005 -1.36166042290E-001 -1.09698504576E-005
1 1 408   1.61138861139E-002  0.00000000000E+000 -1.62630325873E-019 -8.70872768992E-005 -1.36166042290E-001 -1.09698504576E-005
1 1 409   1.61288711289E-002  2.43945488809E-019 -5.42101086243E-020 -8.70872768992E-005 -1.36166042290E-001 -1.09698504576E-005
1 1 410   1.61438561439E-002  1.35525271561E-019  1.08420217249E-019 -8.70872768992E-005 -1.36166042290E-001 -1.09698504576E-005
1 1 411   1.61588411588E-002  2.71050543121E-019 -5.42101086243E-020 -8.70872768992E-005 -1.36166042290E-001 -1.09698504576E-005
1 1 412   1.61738261738E-002  1.08420217249E-019 -1.08420217249E-019 -8.70872768992E-005 -1.36166042290E-001 -1.09698504576E-005
1 1 413   1.61888111888E-002  2.43945488809E-019  1.08420217249E-019 -8.70872768992E-005 -1.36166042290E-001 -1.09698504576E-005
1 1 414   1.62037962038E-002  2.16840434497E-019  1.08420217249E-019 -8.70872768992E-005 -1.36166042290E-001 -1.09698504576E-005
1 1 415   1.62187812188E-002  1.62630325873E-019  0.00000000000E+000 -8.70872768992E-005 -1.36166042290E-001 -1.09698504576E-005
1 1 416   1.62337662338E-002  1.89735380185E-019 -1.08420217249E-019 -8.70872768992E-005 -1.36166042290E-001 -1.09698504576E-005
1 1 417   1.62487512488E-002  3.14990377260E-019  3.08108234564E-020 -9.54807695957E-005 -1.36073325051E-001  5.46395280288E-006
1 1 418   1.62637362637E-002  1.82959116607E-019 -3.34578014165E-020 -9.54807695957E-005 -1.36073325051E-001  5.46395280288E-006
1 1 419   1.62787212787E-002 -1.77876918923E-019  1.10961316090E-019 -9.54807695957E-005 -1.36073325051E-001  5.46395280288E-006
1 1 420   1.62937062937E-002  2.43098455862E-019  8.89384594617E-020 -9.54807695957E-005 -1.36073325051E-001  5.46395280288E-006
1 1 421   1.63086913087E-002  2.05829006183E-019  1.43995601033E-020 -9.54807695957E-005 -1.36073325051E-001  5.46395280288E-006
1 1 422   1.63236763237E-002  2.49027686493E-019  1.03338019565E-019 -9.54807695957E-005 -1.36073325051E-001  5.46395280288E-006
1 1 423   1.63386613387E-002  1.86347248396E-019 -1.32137139772E-019 -9.54807695957E-005 -1.36073325051E-001  5.46395280288E-006
1 1 424   1.63536463536E-002  2.55803950071E-019  6.43745039913E-020 -9.54807695957E-005 -1.36073325051E-001  5.46395280288E-006
1 1 425   1.63686313686E-002  4.06575814682E-019 -6.60685698858E-020 -9.54807695957E-005 -1.36073325051E-001  5.46395280288E-006
1 1 426   1.63836163836E-002  3.15096256379E-019  7.62329652529E-020 -9.54807695957E-005 -1.36073325051E-001  5.46395280288E-006
1 1 427   1.63986013986E-002  4.40457132572E-019  3.38813178902E-021 -9.54807695957E-005 -1.36073325051E-001  5.46395280288E-006
1 1 428   1.64135864136E-002  2.37169225231E-020 -7.11507675694E-020 -9.54807695957E-005 -1.36073325051E-001  5.46395280288E-006
1 1 429   1.64285714286E-002  2.03287907341E-020 -3.38813178902E-020 -9.54807695957E-005 -1.36073325051E-001  5.46395280288E-006
1 1 430   1.64435564436E-002  2.30392961653E-019  3.38813178902E-021 -9.54807695957E-005 -1.36073325051E-001  5.46395280288E-006
1 1 431   1.64585414585E-002  2.23616698075E-019  9.82558218815E-020 -9.54807695957E-005 -1.36073325051E-001  5.46395280288E-006
1 1 432   1.64735264735E-002  3.99799551104E-019 -1.45689666928E-019 -9.54807695957E-005 -1.36073325051E-001  5.46395280288E-006
1 1 433   1.64885114885E-002  1.76182853029E-019  3.38813178902E-021 -9.54807695957E-005 -1.36073325051E-001  5.46395280288E-006
1 1 434   1.65034965035E-002  3.01543729223E-019 -2.03287907341E-020 -9.54807695957E-005 -1.36073325051E-001  5.46395280288E-006
1 1 435   1.65184815185E-002  2.91379333855E-019  1.69406589451E-020 -9.54807695957E-005 -1.36073325051E-001  5.46395280288E-006
1 1 436   1.65334665335E-002  2.23616698075E-019 -6.77626357803E-021 -9.54807695957E-005 -1.36073325051E-001  5.46395280288E-006
1 1 437   1.65484515485E-002  2.43945488809E-019  3.04931861012E-020 -9.54807695957E-005 -1.36073325051E-001  5.46395280288E-006
1 1 438   1.65634365634E-002 -2.71050543121E-020  7.45388993584E-020 -9.54807695957E-005 -1.36073325051E-001  5.46395280288E-006
1 1 439   1.65784215784E-002  2.57498015965E-019  0.00000000000E+000 -9.54807695957E-005 -1.36073325051E-001  5.46395280288E-006
1 1 440   1.65934065934E-002  6.77626357803E-020  1.49077798717E-019 -9.54807695957E-005 -1.36073325051E-001  5.46395280288E-006
1 1 441   1.66083916084E-002  1.55854062295E-019 -4.06575814682E-020 -9.54807695957E-005 -1.36073325051E-001  5.46395280288E-006
1 1 442   1.66233766234E-002  3.32036915324E-019 -1.21972744405E-019 -9.54807695957E-005 -1.36073325051E-001  5.46395280288E-006
1 1 443   1.66383616384E-002  1.69406589451E-019  8.13151629364E-020 -9.54807695957E-005 -1.36073325051E-001  5.46395280288E-006
1 1 444   1.66533466533E-002  1.01643953671E-019  6.09863722023E-020 -9.54807695957E-005 -1.36073325051E-001  5.46395280288E-006
1 1 445   1.66683316683E-002  6.77626357803E-020  1.01643953671E-019 -9.54807695957E-005 -1.36073325051E-001  5.46395280288E-006
1 1 446   1.66833166833E-002  3.99799551104E-019 -3.38813178902E-020 -9.54807695957E-005 -1.36073325051E-001  5.46395280288E-006
1 1 447   1.66983016983E-002 -3.38813178902E-020  0.00000000000E+000 -9.54807695957E-005 -1.36073325051E-001  5.46395280288E-006
1 1 448   1.67132867133E-002  4.06575814682E-020 -1.35525271561E-020 -9.54807695957E-005 -1.36073325051E-001  5.46395280288E-006
1 1 449   1.67282717283E-002  1.62630325873E-019  7.45388993584E-020 -9.54807695957E-005 -1.36073325051E-001  5.46395280288E-006
1 1 450   1.67432567433E-002 -2.71050543121E-020  0.00000000000E+000 -9.54807695957E-005 -1.36073325051E-001  5.46395280288E-006
1 1 451   1.67582417582E-002  1.08420217249E-019 -2.03287907341E-020 -9.54807695957E-005 -1.36073325051E-001  5.46395280288E-006
1 1 452   1.67732267732E-002  1.35525271561E-019 -4.06575814682E-020 -9.54807695957E-005 -1.36073325051E-001  5.46395280288E-006
1 1 453   1.67882117882E-002  1.08420217249E-019  0.00000000000E+000 -9.54807695957E-005 -1.36073325051E-001  5.46395280288E-006
1 1 454   1.68031968032E-002  3.86247023948E-019 -8.13151629364E-020 -9.54807695957E-005 -1.36073325051E-001  5.46395280288E-006
1 1 455   1.68181818182E-002  1.01643953671E-019  2.03287907341E-020 -9.54807695957E-005 -1.36073325051E-001  5.46395280288E-006
1 1 456   1.68331668332E-002  2.57498015965E-019 -6.09863722023E-020 -9.54807695957E-005 -1.36073325051E-001  5.46395280288E-006
1 1 457   1.68481518482E-002  2.43945488809E-019  2.71050543121E-020 -9.54807695957E-005 -1.36073325051E-001  5.46395280288E-006
1 1 458   1.68631368631E-002 -1.35525271561E-020 -3.38813178902E-020 -9.54807695957E-005 -1.36073325051E-001  5.46395280288E-006
1 1 459   1.68781218781E-002  2.57498015965E-019 -4.06575814682E-020 -9.54807695957E-005 -1.36073325051E-001  5.46395280288E-006
1 1 460   1.68931068931E-002  1.62630325873E-019 -5.42101086243E-020 -9.54807695957E-005 -1.36073325051E-001  5.46395280288E-006
1 1 461   1.69080919081E-002  1.08420217249E-019  1.35525271561E-020 -9.54807695957E-005 -1.36073325051E-001  5.46395280288E-006
1 1 462   1.69230769231E-002  2.30392961653E-019  4.06575814682E-020 -9.54807695957E-005 -1.36073325051E-001  5.46395280288E-006
1 1 463   1.69380619381E-002  9.48676900925E-020  5.42101086243E-020 -9.54807695957E-005 -1.36073325051E-001  5.46395280288E-006
1 1 464   1.69530469530E-002  9.48676900925E-020 -1.35525271561E-020 -9.54807695957E-005 -1.36073325051E-001  5.46395280288E-006
1 1 465   1.69680319680E-002 -1.35525271561E-020  8.13151629364E-020 -9.54807695957E-005 -1.36073325051E-001  5.46395280288E-006
1 1 466   1.69830169830E-002  1.35525271561E-020  4.06575814682E-020  1.03061247494E-004 -1.36094307377E-001  2.37842984722E-005
1 1 467   1.69980019980E-002  9.48676900925E-020  1.76182853029E-019  1.03061247494E-004 -1.36094307377E-001  2.37842984722E-005
1 1 468   1.70129870130E-002  8.13151629364E-020  1.35525271561E-019  1.03061247494E-004 -1.36094307377E-001  2.37842984722E-005
1 1 469   1.70279720280E-002 -1.35525271561E-020 -2.71050543121E-020  1.03061247494E-004 -1.36094307377E-001  2.37842984722E-005
1 1 470   1.70429570430E-002 -4.06575814682E-020 -4.06575814682E-020  1.03061247494E-004 -1.36094307377E-001  2.37842984722E-005
1 1 471   1.70579420579E-002  1.35525271561E-020  1.35525271561E-020  1.03061247494E-004 -1.36094307377E-001  2.37842984722E-005
1 1 472   1.70729270729E-002  1.35525271561E-020  1.35525271561E-020  1.03061247494E-004 -1.36094307377E-001  2.37842984722E-005
1 1 473   1.70879120879E-002 -1.35525271561E-020  0.00000000000E+000  1.03061247494E-004 -1.36094307377E-001  2.37842984722E-005
1 1 474   1.71028971029E-002  9.48676900925E-020  1.62630325873E-019  1.03061247494E-004 -1.36094307377E-001  2.37842984722E-005
1 1 475   1.71178821179E-002  1.35525271561E-020  1.35525271561E-019  1.03061247494E-004 -1.36094307377E-001  2.37842984722E-005
1 1 476   1.71328671329E-002 -2.71050543121E-020  0.00000000000E+000  1.03061247494E-004 -1.36094307377E-001  2.37842984722E-005
1 1 477   1.71478521479E-002  1.35525271561E-020 -9.48676900925E-020  1.03061247494E-004 -1.36094307377E-001  2.37842984722E-005
1 1 478   1.71628371628E-002  2.71050543121E-020  5.42101086243E-020  1.03061247494E-004 -1.36094307377E-001  2.37842984722E-005
1 1 479   1.71778221778E-002  5.42101086243E-020  2.71050543121E-020  1.03061247494E-004 -1.36094307377E-001  2.37842984722E-005
1 1 480   1.71928071928E-002  2.71050543121E-020  8.13151629364E-020  1.03061247494E-004 -1.36094307377E-001  2.37842984722E-005
1 1 481   1.72077922078E-002  8.13151629364E-020  1.08420217249E-019  1.03061247494E-004 -1.36094307377E-001  2.37842984722E-005
1 1 482   1.72227772228E-002  0.00000000000E+000  6.77626357803E-020  1.03061247494E-004 -1.36094307377E-001  2.37842984722E-005
1 1 483   1.72377622378E-002 -5.42101086243E-020 -4.06575814682E-020  1.03061247494E-004 -1.36094307377E-001  2.37842984722E-005
1 1 484   1.72527472527E-002  5.42101086243E-020  1.21972744405E-019  1.03061247494E-004 -1.36094307377E-001  2.37842984722E-005
1 1 485   1.72677322677E-002 -1.35525271561E-020  8.13151629364E-020  1.03061247494E-004 -1.36094307377E-001  2.37842984722E-005
1 1 486   1.72827172827E-002 -4.06575814682E-020 -1.21972744405E-019  1.03061247494E-004 -1.36094307377E-001  2.37842984722E-005
1 1 487   1.72977022977E-002  8.13151629364E-020  5.42101086243E-020  1.03061247494E-004 -1.36094307377E-001  2.37842984722E-005
1 1 488   1.73126873127E-002 -4.06575814682E-020 -6.77626357803E-020  1.03061247494E-004 -1.36094307377E-001  2.37842984722E-005
1 1 489   1.73276723277E-002  0.00000000000E+000 -4.06575814682E-020  1.03061247494E-004 -1.36094307377E-001  2.37842984722E-005
1 1 490   1.73426573427E-002  5.42101086243E-020  5.42101086243E-020  1.03061247494E-004 -1.36094307377E-001  2.37842984722E-005
1 1 491   1.73576423576E-002  1.35525271561E-020  1.35525271561E-020  1.03061247494E-004 -1.36094307377E-001  2.37842984722E-005
1 1 492   1.73726273726E-002  0.00000000000E+000 -4.06575814682E-020  1.03061247494E-004 -1.36094307377E-001  2.37842984722E-005
1 1 493   1.73876123876E-002  5.42101086243E-020  8.13151629364E-020  1.03061247494E-004 -1.36094307377E-001  2.37842984722E-005
1 1 632   1.94705294705E-002 -5.03984603616E-020  6.07746139655E-020  1.15340418835E-004 -1.35714890003E-001  5.54103688449E-006
1 1 633   1.94855144855E-002  3.38813178902E-021 -2.41404389967E-020  1.15340418835E-004 -1.35714890003E-001  5.54103688449E-006
1 1 634   1.95004995005E-002 -1.69406589451E-020  2.28698895759E-020  1.15340418835E-004 -1.35714890003E-001  5.54103688449E-006
1 1 635   1.95154845155E-002 -5.08219768353E-020  4.91279109407E-020  1.15340418835E-004 -1.35714890003E-001  5.54103688449E-006
1 1 636   1.95304695305E-002  2.03287907341E-020 -1.69406589451E-020  1.15340418835E-004 -1.35714890003E-001  5.54103688449E-006
1 1 637   1.95454545455E-002  3.38813178902E-021  6.77626357803E-021  1.15340418835E-004 -1.35714890003E-001  5.54103688449E-006
1 1 638   1.95604395604E-002 -5.75982404133E-020  4.74338450462E-020  1.15340418835E-004 -1.35714890003E-001  5.54103688449E-006
1 1 639   1.95754245754E-002 -1.69406589451E-020  3.38813178902E-021  1.15340418835E-004 -1.35714890003E-001  5.54103688449E-006
1 1 640   1.95904095904E-002 -3.72694496792E-020  3.72694496792E-020  1.15340418835E-004 -1.35714890003E-001  5.54103688449E-006
1 1 641   1.96053946054E-002  0.00000000000E+000 -4.57397791517E-020  1.15340418835E-004 -1.35714890003E-001  5.54103688449E-006
1 1 642   1.96203796204E-002 -3.38813178902E-020  5.42101086243E-020  1.15340418835E-004 -1.35714890003E-001  5.54103688449E-006
1 1 643   1.96353646354E-002  6.77626357803E-021  3.38813178902E-021  1.15340418835E-004 -1.35714890003E-001  5.54103688449E-006
1 1 644   1.96503496503E-002 -1.35525271561E-020  1.35525271561E-020  1.15340418835E-004 -1.35714890003E-001  5.54103688449E-006
1 1 645   1.96653346653E-002 -6.77626357803E-021 -4.06575814682E-020  1.15340418835E-004 -1.35714890003E-001  5.54103688449E-006
1 1 646   1.96803196803E-002  1.35525271561E-020  6.77626357803E-021  1.15340418835E-004 -1.35714890003E-001  5.54103688449E-006
1 1 647   1.96953046953E-002 -4.74338450462E-020  6.09863722023E-020  1.15340418835E-004 -1.35714890003E-001  5.54103688449E-006
1 1 648   1.97102897103E-002 -4.74338450462E-020  0.00000000000E+000  1.15340418835E-004 -1.35714890003E-001  5.54103688449E-006
1 1 649   1.97252747253E-002  2.03287907341E-020 -1.01643953671E-020  1.15340418835E-004 -1.35714890003E-001  5.54103688449E-006
1 1 650   1.97402597403E-002  2.03287907341E-020 -5.08219768353E-020  1.15340418835E-004 -1.35714890003E-001  5.54103688449E-006
1 1 651   1.97552447552E-002 -4.74338450462E-020  2.03287907341E-020  1.15340418835E-004 -1.35714890003E-001  5.54103688449E-006
1 1 652   1.97702297702E-002  0.00000000000E+000  2.03287907341E-020  1.15340418835E-004 -1.35714890003E-001  5.54103688449E-006
1 1 653   1.97852147852E-002 -4.06575814682E-020  5.42101086243E-020  1.15340418835E-004 -1.35714890003E-001  5.54103688449E-006
1 1 654   1.98001998002E-002 -1.35525271561E-020  1.35525271561E-020  1.15340418835E-004 -1.35714890003E-001  5.54103688449E-006
1 1 655   1.98151848152E-002  2.71050543121E-020 -2.03287907341E-020  1.15340418835E-004 -1.35714890003E-001  5.54103688449E-006
1 1 656   1.98301698302E-002 -2.71050543121E-020 -2.03287907341E-020  1.15340418835E-004 -1.35714890003E-001  5.54103688449E-006
1 1 657   1.98451548452E-002  2.71050543121E-020 -2.03287907341E-020  1.15340418835E-004 -1.35714890003E-001  5.54103688449E-006
1 1 658   1.98601398601E-002 -4.06575814682E-020  4.74338450462E-020  1.15340418835E-004 -1.35714890003E-001  5.54103688449E-006
1 1 659   1.98751248751E-002 -4.06575814682E-020  2.71050543121E-020  1.15340418835E-004 -1.35714890003E-001  5.54103688449E-006
1 1 660   1.98901098901E-002  0.00000000000E+000  3.38813178902E-020  1.15340418835E-004 -1.35714890003E-001  5.54103688449E-006
1 1 661   1.99050949051E-002 -5.42101086243E-020  4.06575814682E-020  1.15340418835E-004 -1.35714890003E-001  5.54103688449E-006
1 1 662   1.99200799201E-002 -4.06575814682E-020  0.00000000000E+000  1.15340418835E-004 -1.35714890003E-001  5.54103688449E-006
1 1 663   1.99350649351E-002  0.00000000000E+000 -2.03287907341E-020  1.15340418835E-004 -1.35714890003E-001  5.54103688449E-006
1 1 664   1.99500499500E-002 -5.42101086243E-020 -2.03287907341E-020  1.15340418835E-004 -1.35714890003E-001  5.54103688449E-006
1 1 665   1.99650349650E-002 -4.06575814682E-020  5.42101086243E-020  1.15340418835E-004 -1.35714890003E-001  5.54103688449E-006
1 1 666   1.99800199800E-002 -5.42101086243E-020  2.03287907341E-020  1.15340418835E-004 -1.35714890003E-001  5.54103688449E-006
1 1 667   1.99950049950E-002 -4.06575814682E-020  1.35525271561E-020  1.15340418835E-004 -1.35714890003E-001  5.54103688449E-006
1 1 668   2.00099900100E-002 -4.06575814682E-020  2.71050543121E-020  1.15340418835E-004 -1.35714890003E-001  5.54103688449E-006
1 1 669   2.00249750250E-002 -2.71050543121E-020  6.77626357803E-021  1.15340418835E-004 -1.35714890003E-001  5.54103688449E-006
1 1 670   2.00399600400E-002  0.00000000000E+000 -6.77626357803E-021  1.15340418835E-004 -1.35714890003E-001  5.54103688449E-006
1 1 671   2.00549450549E-002 -2.71050543121E-020  4.06575814682E-020  1.15340418835E-004 -1.35714890003E-001  5.54103688449E-006
1 1 672   2.00699300699E-002 -9.48676900925E-020  1.35525271561E-020  1.15340418835E-004 -1.35714890003E-001  5.54103688449E-006
1 1 673   2.00849150849E-002  0.00000000000E+000  0.00000000000E+000  1.15340418835E-004 -1.35714890003E-001  5.54103688449E-006
1 1 674   2.00999000999E-002 -2.71050543121E-020  6.77626357803E-020  1.15340418835E-004 -1.35714890003E-001  5.54103688449E-006
1 1 675   2.01148851149E-002 -5.42101086243E-020  2.71050543121E-020  1.15340418835E-004 -1.35714890003E-001  5.54103688449E-006
1 1 676   2.01298701299E-002  0.00000000000E+000  4.06575814682E-020  1.15340418835E-004 -1.35714890003E-001  5.54103688449E-006
1 1 677   2.01448551449E-002 -2.71050543121E-020  8.13151629364E-020  1.15340418835E-004 -1.35714890003E-001  5.54103688449E-006
1 1 678   2.01598401598E-002 -2.71050543121E-020  2.71050543121E-020  1.15340418835E-004 -1.35714890003E-001  5.54103688449E-006
1 1 679   2.01748251748E-002  0.00000000000E+000 -2.71050543121E-020  1.15340418835E-004 -1.35714890003E-001  5.54103688449E-006
1 1 680   2.01898101898E-002 -2.71050543121E-020 -6.77626357803E-020  1.15340418835E-004 -1.35714890003E-001  5.54103688449E-006
1 1 681   2.02047952048E-002  5.42101086243E-020 -2.71050543121E-020  1.15340418835E-004 -1.35714890003E-001  5.54103688449E-006
1 1 682   2.02197802198E-002 -2.71050543121E-020  2.71050543121E-020  1.15340418835E-004 -1.35714890003E-001  5.54103688449E-006
1 1 683   2.02347652348E-002  0.00000000000E+000  2.71050543121E-020  1.15340418835E-004 -1.35714890003E-001  5.54103688449E-006
1 1 684   2.02497502498E-002 -8.13151629364E-020  2.71050543121E-020  1.15340418835E-004 -1.35714890003E-001  5.54103688449E-006
1 1 685   2.02647352647E-002 -2.71050543121E-020  2.71050543121E-020  1.15340418835E-004 -1.35714890003E-001  5.54103688449E-006
1 1 686   2.02797202797E-002 -2.71050543121E-020 -1.35525271561E-020  1.15340418835E-004 -1.35714890003E-001  5.54103688449E-006
1 1 687   2.02947052947E-002 -2.71050543121E-020 -5.42101086243E-020  1.15340418835E-004 -1.35714890003E-001  5.54103688449E-006
1 1 688   2.03096903097E-002 -2.71050543121E-020 -6.77626357803E-020  1.15340418835E-004 -1.35714890003E-001  5.54103688449E-006
1 1 689   2.03246753247E-002 -2.71050543121E-020 -4.06575814682E-020  1.15340418835E-004 -1.35714890003E-001  5.54103688449E-006
1 1 690   2.03396603397E-002 -5.42101086243E-020  0.00000000000E+000  1.15340418835E-004 -1.35714890003E-001  5.54103688449E-006
1 1 691   2.03546453546E-002  2.71050543121E-020 -4.06575814682E-020  1.15340418835E-004 -1.35714890003E-001  5.54103688449E-006
1 1 692   2.03696303696E-002 -2.71050543121E-020  1.35525271561E-020  1.15340418835E-004 -1.35714890003E-001  5.54103688449E-006
1 1 693   2.03846153846E-002 -8.13151629364E-020  2.71050543121E-020  1.15340418835E-004 -1.35714890003E-001  5.54103688449E-006
1 1 694   2.03996003996E-002 -8.13151629364E-020 -1.35525271561E-020  1.15340418835E-004 -1.35714890003E-001  5.54103688449E-006
1 1 695   2.04145854146E-002 -2.71050543121E-020 -4.06575814682E-020  1.15340418835E-004 -1.35714890003E-001  5.54103688449E-006
1 1 696   2.04295704296E-002 -2.71050543121E-020  0.00000000000E+000  1.15340418835E-004 -1.35714890003E-001  5.54103688449E-006
1 1 697   2.04445554446E-002 -5.42101086243E-020  1.35525271561E-020  1.15340418835E-004 -1.35714890003E-001  5.54103688449E-006
1 1 698   2.04595404595E-002 -8.13151629364E-020  0.00000000000E+000  1.15340418835E-004 -1.35714890003E-001  5.54103688449E-006
1 1 699   2.04745254745E-002 -5.42101086243E-020  0.00000000000E+000  1.15340418835E-004 -1.35714890003E-001  5.54103688449E-006
1 1 700   2.04895104895E-002  0.00000000000E+000  0.00000000000E+000  1.15340418835E-004 -1.35714890003E-001  5.54103688449E-006
1 1 701   2.05044955045E-002 -2.71050543121E-020  2.71050543121E-020  1.15340418835E-004 -1.35714890003E-001  5.54103688449E-006
1 1 702   2.05194805195E-002  0.00000000000E+000 -5.42101086243E-020  1.15340418835E-004 -1.35714890003E-001  5.54103688449E-006
1 1 703   2.05344655345E-002 -2.71050543121E-020  1.35525271561E-020  1.15340418835E-004 -1.35714890003E-001  5.54103688449E-006
1 1 704   2.05494505495E-002  0.00000000000E+000 -1.35525271561E-020  1.15340418835E-004 -1.35714890003E-001  5.54103688449E-006
1 1 705   2.05644355644E-002 -5.42101086243E-020  0.00000000000E+000  1.15340418835E-004 -1.35714890003E-001  5.54103688449E-006
1 1 706   2.05794205794E-002  0.00000000000E+000  1.35525271561E-020  1.15340418835E-004 -1.35714890003E-001  5.54103688449E-006
1 1 707   2.05944055944E-002 -5.42101086243E-020  1.35525271561E-020  1.15340418835E-004 -1.35714890003E-001  5.54103688449E-006
1 1 708   2.06093906094E-002 -2.71050543121E-020  0.00000000000E+000  1.15340418835E-004 -1.35714890003E-001  5.54103688449E-006
1 1 709   2.06243756244E-002 -5.42101086243E-020  1.35525271561E-020  1.15340418835E-004 -1.35714890003E-001  5.54103688449E-006
1 1 710   2.06393606394E-002  2.71050543121E-020  1.35525271561E-020  1.15340418835E-004 -1.35714890003E-001  5.54103688449E-006
1 1 711   2.06543456543E-002  0.00000000000E+000 -4.06575814682E-020  1.15340418835E-004 -1.35714890003E-001  5.54103688449E-006
1 1 712   2.06693306693E-002  0.00000000000E+000  1.35525271561E-020  1.15340418835E-004 -1.35714890003E-001  5.54103688449E-006
1 1 713   2.06843156843E-002 -5.42101086243E-020  0.00000000000E+000  1.15340418835E-004 -1.35714890003E-001  5.54103688449E-006
1 1 714   2.06993006993E-002 -2.71050543121E-020 -1.35525271561E-020  1.15340418835E-004 -1.35714890003E-001  5.54103688449E-006
1 1 715   2.07142857143E-002 -5.42101086243E-020  5.42101086243E-020  1.15340418835E-004 -1.35714890003E-001  5.54103688449E-006
1 1 716   2.07292707293E-002 -8.13151629364E-020  2.71050543121E-020  1.15340418835E-004 -1.35714890003E-001  5.54103688449E-006
1 1 717   2.07442557443E-002 -5.42101086243E-020  0.00000000000E+000  1.15340418835E-004 -1.35714890003E-001  5.54103688449E-006
1 1 718   2.07592407592E-002 -2.71050543121E-020  5.42101086243E-020  1.15340418835E-004 -1.35714890003E-001  5.54103688449E-006
1 1 719   2.07742257742E-002 -1.08420217249E-019  2.71050543121E-020  1.15340418835E-004 -1.35714890003E-001  5.54103688449E-006
1 1 720   2.07892107892E-002  0.00000000000E+000 -2.71050543121E-020  1.15340418835E-004 -1.35714890003E-001  5.54103688449E-006
1 1 721   2.08041958042E-002 -5.42101086243E-020 -5.42101086243E-020  1.15340418835E-004 -1.35714890003E-001  5.54103688449E-006
1 1 722   2.08191808192E-002 -5.42101086243E-020  8.13151629364E-020  1.15340418835E-004 -1.35714890003E-001  5.54103688449E-006
1 1 723   2.08341658342E-002  5.42101086243E-020  2.71050543121E-020  1.15340418835E-004 -1.35714890003E-001  5.54103688449E-006
1 1 724   2.08491508492E-002  5.42101086243E-020  2.71050543121E-020  1.15340418835E-004 -1.35714890003E-001  5.54103688449E-006
1 1 725   2.08641358641E-002 -5.42101086243E-020  2.71050543121E-020  1.15340418835E-004 -1.35714890003E-001  5.54103688449E-006
1 1 726   2.08791208791E-002 -5.42101086243E-020 -2.71050543121E-020  1.15340418835E-004 -1.35714890003E-001  5.54103688449E-006
1 1 727   2.08941058941E-002  5.42101086243E-020 -2.71050543121E-020  1.15340418835E-004 -1.35714890003E-001  5.54103688449E-006
1 1 728   2.09090909091E-002 -5.42101086243E-020 -5.42101086243E-020  1.15340418835E-004 -1.35714890003E-001  5.54103688449E-006
1 1 729   2.09240759241E-002  5.42101086243E-020 -5.42101086243E-020  1.15340418835E-004 -1.35714890003E-001  5.54103688449E-006
1 1 730   2.09390609391E-002 -5.42101086243E-020  8.13151629364E-020  1.15340418835E-004 -1.35714890003E-001  5.54103688449E-006
1 1 731   2.09540459540E-002 -5.42101086243E-020  5.42101086243E-020  1.15340418835E-004 -1.35714890003E-001  5.54103688449E-006
1 1 732   2.09690309690E-002  0.00000000000E+000  2.71050543121E-020  1.15340418835E-004 -1.35714890003E-001  5.54103688449E-006
1 1 733   2.09840159840E-002  0.00000000000E+000  2.71050543121E-020  1.15340418835E-004 -1.35714890003E-001  5.54103688449E-006
1 1 734   2.09990009990E-002  0.00000000000E+000 -5.42101086243E-020  1.15340418835E-004 -1.35714890003E-001  5.54103688449E-006
1 1 735   2.10139860140E-002 -1.08420217249E-019  0.00000000000E+000  1.15340418835E-004 -1.35714890003E-001  5.54103688449E-006
1 1 736   2.10289710290E-002 -1.08420217249E-019 -2.71050543121E-020  1.15340418835E-004 -1.35714890003E-001  5.54103688449E-006
1 1 737   2.10439560440E-002 -5.42101086243E-020 -2.71050543121E-020  1.15340418835E-004 -1.35714890003E-001  5.54103688449E-006
1 1 770   2.15384615385E-002  1.08420217249E-019 -1.35525271561E-019  2.61534234244E-005 -1.35660387990E-001 -2.10728194572E-005
1 1 808   2.21078921079E-002  1.08420217249E-019  0.00000000000E+000  4.09775443812E-005 -1.35520621478E-001  7.59681848081E-006
1 1 809   2.21228771229E-002  5.42101086243E-020 -2.71050543121E-020  4.09775443812E-005 -1.35520621478E-001  7.59681848081E-006
1 1 810   2.21378621379E-002  5.42101086243E-020  2.71050543121E-020  4.09775443812E-005 -1.35520621478E-001  7.59681848081E-006
1 1 811   2.21528471528E-002  1.08420217249E-019 -8.13151629364E-020  4.09775443812E-005 -1.35520621478E-001  7.59681848081E-006
1 1 812   2.21678321678E-002  1.08420217249E-019  0.00000000000E+000  4.09775443812E-005 -1.35520621478E-001  7.59681848081E-006
1 1 813   2.21828171828E-002  5.42101086243E-020  0.00000000000E+000  4.09775443812E-005 -1.35520621478E-001  7.59681848081E-006
1 1 814   2.21978021978E-002  5.42101086243E-020  0.00000000000E+000  4.09775443812E-005 -1.35520621478E-001  7.59681848081E-006
1 1 815   2.22127872128E-002  1.08420217249E-019  2.71050543121E-020  4.09775443812E-005 -1.35520621478E-001  7.59681848081E-006
1 1 816   2.22277722278E-002  5.42101086243E-020  5.42101086243E-020  4.09775443812E-005 -1.35520621478E-001  7.59681848081E-006
1 1 817   2.22427572428E-002  5.42101086243E-020  0.00000000000E+000  4.09775443812E-005 -1.35520621478E-001  7.59681848081E-006
1 1 818   2.22577422577E-002  5.42101086243E-020  2.71050543121E-020  4.09775443812E-005 -1.35520621478E-001  7.59681848081E-006
1 1 819   2.22727272727E-002  5.42101086243E-020  2.71050543121E-020  4.09775443812E-005 -1.35520621478E-001  7.59681848081E-006
1 1 820   2.22877122877E-002  1.08420217249E-019  5.42101086243E-020  4.09775443812E-005 -1.35520621478E-001  7.59681848081E-006
1 1 821   2.23026973027E-002  8.13151629364E-020 -5.42101086243E-020  4.09775443812E-005 -1.35520621478E-001  7.59681848081E-006
1 1 822   2.23176823177E-002  1.35525271561E-019 -1.35525271561E-020  4.09775443812E-005 -1.35520621478E-001  7.59681848081E-006
1 1 823   2.23326673327E-002  8.13151629364E-020 -4.06575814682E-020  4.09775443812E-005 -1.35520621478E-001  7.59681848081E-006
1 1 824   2.23476523477E-002  8.13151629364E-020  2.71050543121E-020  4.09775443812E-005 -1.35520621478E-001  7.59681848081E-006
1 1 825   2.23626373626E-002  5.42101086243E-020 -2.71050543121E-020  4.09775443812E-005 -1.35520621478E-001  7.59681848081E-006
1 1 826   2.23776223776E-002  8.13151629364E-020 -6.77626357803E-020  4.09775443812E-005 -1.35520621478E-001  7.59681848081E-006
1 1 827   2.23926073926E-002  1.08420217249E-019 -1.35525271561E-020  4.09775443812E-005 -1.35520621478E-001  7.59681848081E-006
1 1 828   2.24075924076E-002  5.42101086243E-020 -1.35525271561E-020  4.09775443812E-005 -1.35520621478E-001  7.59681848081E-006
1 1 829   2.24225774226E-002  1.08420217249E-019  0.00000000000E+000  4.09775443812E-005 -1.35520621478E-001  7.59681848081E-006
1 1 830   2.24375624376E-002  1.62630325873E-019 -2.71050543121E-020  4.09775443812E-005 -1.35520621478E-001  7.59681848081E-006
1 1 831   2.24525474525E-002  1.08420217249E-019 -1.35525271561E-020  4.09775443812E-005 -1.35520621478E-001  7.59681848081E-006
1 1 832   2.24675324675E-002  2.71050543121E-020 -1.35525271561E-020  4.09775443812E-005 -1.35520621478E-001  7.59681848081E-006
1 1 833   2.24825174825E-002  8.13151629364E-020 -2.71050543121E-020  4.09775443812E-005 -1.35520621478E-001  7.59681848081E-006
1 1 834   2.24975024975E-002  1.08420217249E-019  2.71050543121E-020  4.09775443812E-005 -1.35520621478E-001  7.59681848081E-006
1 1 835   2.25124875125E-002  2.71050543121E-020 -1.35525271561E-020  4.09775443812E-005 -1.35520621478E-001  7.59681848081E-006
1 1 836   2.25274725275E-002  2.71050543121E-020  1.35525271561E-020  4.09775443812E-005 -1.35520621478E-001  7.59681848081E-006
1 1 837   2.25424575425E-002  1.08420217249E-019 -4.06575814682E-020  4.09775443812E-005 -1.35520621478E-001  7.59681848081E-006
1 1 838   2.25574425574E-002  8.13151629364E-020  5.42101086243E-020  4.09775443812E-005 -1.35520621478E-001  7.59681848081E-006
1 1 839   2.25724275724E-002  1.08420217249E-019  1.35525271561E-020  4.09775443812E-005 -1.35520621478E-001  7.59681848081E-006
1 1 840   2.25874125874E-002  8.13151629364E-020  2.71050543121E-020  4.09775443812E-005 -1.35520621478E-001  7.59681848081E-006
1 1 841   2.26023976024E-002  1.35525271561E-019 -2.71050543121E-020  4.09775443812E-005 -1.35520621478E-001  7.59681848081E-006
1 1 842   2.26173826174E-002  5.42101086243E-020  8.13151629364E-020  4.09775443812E-005 -1.35520621478E-001  7.59681848081E-006
1 1 843   2.26323676324E-002 -2.71050543121E-020  2.71050543121E-020  4.09775443812E-005 -1.35520621478E-001  7.59681848081E-006
1 1 844   2.26473526474E-002  8.13151629364E-020  4.06575814682E-020  4.09775443812E-005 -1.35520621478E-001  7.59681848081E-006
1 1 845   2.26623376623E-002  1.08420217249E-019 -2.71050543121E-020  4.09775443812E-005 -1.35520621478E-001  7.59681848081E-006
1 1 846   2.26773226773E-002  8.13151629364E-020  1.35525271561E-020  4.09775443812E-005 -1.35520621478E-001  7.59681848081E-006
1 1 847   2.26923076923E-002  5.42101086243E-020  1.35525271561E-020  4.09775443812E-005 -1.35520621478E-001  7.59681848081E-006
1 1 848   2.27072927073E-002  5.42101086243E-020  2.71050543121E-020  4.09775443812E-005 -1.35520621478E-001  7.59681848081E-006
1 1 849   2.27222777223E-002  1.08420217249E-019  0.00000000000E+000  4.09775443812E-005 -1.35520621478E-001  7.59681848081E-006
1 1 850   2.27372627373E-002  1.08420217249E-019 -1.35525271561E-020  4.09775443812E-005 -1.35520621478E-001  7.59681848081E-006
1 1 851   2.27522477522E-002  2.71050543121E-020  2.71050543121E-020  4.09775443812E-005 -1.35520621478E-001  7.59681848081E-006
1 1 852   2.27672327672E-002  1.08420217249E-019 -1.35525271561E-020  4.09775443812E-005 -1.35520621478E-001  7.59681848081E-006
1 1 853   2.27822177822E-002  1.35525271561E-019 -6.77626357803E-020  4.09775443812E-005 -1.35520621478E-001  7.59681848081E-006
1 1 854   2.27972027972E-002  1.35525271561E-019 -1.35525271561E-020  4.09775443812E-005 -1.35520621478E-001  7.59681848081E-006
1 1 855   2.28121878122E-002  1.08420217249E-019 -9.48676900925E-020  4.09775443812E-005 -1.35520621478E-001  7.59681848081E-006
1 1 856   2.28271728272E-002  1.08420217249E-019  1.35525271561E-020  4.09775443812E-005 -1.35520621478E-001  7.59681848081E-006
1 1 857   2.28421578422E-002  1.35525271561E-019 -6.77626357803E-020  4.09775443812E-005 -1.35520621478E-001  7.59681848081E-006
1 1 858   2.28571428571E-002  8.13151629364E-020  0.00000000000E+000  4.09775443812E-005 -1.35520621478E-001  7.59681848081E-006
1 1 859   2.28721278721E-002  9.48676900925E-020  3.38813178902E-020  4.09775443812E-005 -1.35520621478E-001  7.59681848081E-006
1 1 860   2.28871128871E-002  9.48676900925E-020  0.00000000000E+000  4.09775443812E-005 -1.35520621478E-001  7.59681848081E-006
1 1 861   2.29020979021E-002  9.48676900925E-020 -7.45388993584E-020  4.09775443812E-005 -1.35520621478E-001  7.59681848081E-006
1 1 862   2.29170829171E-002  8.13151629364E-020  0.00000000000E+000  4.09775443812E-005 -1.35520621478E-001  7.59681848081E-006
1 1 863   2.29320679321E-002  2.71050543121E-020 -6.77626357803E-021  4.09775443812E-005 -1.35520621478E-001  7.59681848081E-006
1 1 864   2.29470529471E-002  1.08420217249E-019 -8.80914265144E-020  4.09775443812E-005 -1.35520621478E-001  7.59681848081E-006
1 1 865   2.29620379620E-002  8.13151629364E-020  1.35525271561E-020  4.09775443812E-005 -1.35520621478E-001  7.59681848081E-006
1 1 866   2.29770229770E-002  1.08420217249E-019 -6.77626357803E-020  4.09775443812E-005 -1.35520621478E-001  7.59681848081E-006
1 1 867   2.29920079920E-002  9.48676900925E-020  2.71050543121E-020  4.09775443812E-005 -1.35520621478E-001  7.59681848081E-006
1 1 868   2.30069930070E-002  1.21972744405E-019  6.77626357803E-021  4.09775443812E-005 -1.35520621478E-001  7.59681848081E-006
1 1 869   2.30219780220E-002  9.48676900925E-020  6.77626357803E-021  4.09775443812E-005 -1.35520621478E-001  7.59681848081E-006
1 1 870   2.30369630370E-002  6.77626357803E-020  3.38813178902E-020  4.09775443812E-005 -1.35520621478E-001  7.59681848081E-006
1 1 871   2.30519480519E-002  9.48676900925E-020  2.71050543121E-020  4.09775443812E-005 -1.35520621478E-001  7.59681848081E-006
1 1 872   2.30669330669E-002  1.76182853029E-019 -6.77626357803E-021  4.09775443812E-005 -1.35520621478E-001  7.59681848081E-006
1 1 873   2.30819180819E-002  8.13151629364E-020 -6.77626357803E-021  4.09775443812E-005 -1.35520621478E-001  7.59681848081E-006
1 1 874   2.30969030969E-002  5.42101086243E-020  2.03287907341E-020  4.09775443812E-005 -1.35520621478E-001  7.59681848081E-006
1 1 875   2.31118881119E-002  1.21972744405E-019 -3.38813178902E-020  4.09775443812E-005 -1.35520621478E-001  7.59681848081E-006
1 1 876   2.31268731269E-002  9.48676900925E-020 -6.77626357803E-021  4.09775443812E-005 -1.35520621478E-001  7.59681848081E-006
1 1 877   2.31418581419E-002  0.00000000000E+000 -6.77626357803E-021  4.09775443812E-005 -1.35520621478E-001  7.59681848081E-006
1 1 878   2.31568431568E-002  6.09863722023E-020  2.03287907341E-020  4.09775443812E-005 -1.35520621478E-001  7.59681848081E-006
1 1 879   2.31718281718E-002  9.48676900925E-020  1.35525271561E-020  4.09775443812E-005 -1.35520621478E-001  7.59681848081E-006
1 1 880   2.31868131868E-002  1.15196480827E-019 -3.38813178902E-021  4.09775443812E-005 -1.35520621478E-001  7.59681848081E-006
1 1 881   2.32017982018E-002  2.03287907341E-020 -3.38813178902E-020  4.09775443812E-005 -1.35520621478E-001  7.59681848081E-006
1 1 882   2.32167832168E-002  1.01643953671E-019 -5.08219768353E-020  4.09775443812E-005 -1.35520621478E-001  7.59681848081E-006
1 1 883   2.32317682318E-002  6.77626357803E-020 -5.08219768353E-020  4.09775443812E-005 -1.35520621478E-001  7.59681848081E-006
1 1 884   2.32467532468E-002  6.77626357803E-020  0.00000000000E+000  4.09775443812E-005 -1.35520621478E-001  7.59681848081E-006
1 1 885   2.32617382617E-002  4.74338450462E-020  0.00000000000E+000  4.09775443812E-005 -1.35520621478E-001  7.59681848081E-006
1 1 886   2.32767232767E-002  9.48676900925E-020 -1.35525271561E-020  4.09775443812E-005 -1.35520621478E-001  7.59681848081E-006
1 1 887   2.32917082917E-002  1.01643953671E-019 -6.77626357803E-021  4.09775443812E-005 -1.35520621478E-001  7.59681848081E-006
1 1 888   2.33066933067E-002 -2.03287907341E-020 -6.77626357803E-021  4.09775443812E-005 -1.35520621478E-001  7.59681848081E-006
1 1 889   2.33216783217E-002  1.62630325873E-019 -1.86347248396E-020  4.09775443812E-005 -1.35520621478E-001  7.59681848081E-006
1 1 890   2.33366633367E-002  5.75982404133E-020  1.35525271561E-020  4.09775443812E-005 -1.35520621478E-001  7.59681848081E-006
1 1 891   2.33516483516E-002  4.06575814682E-020 -1.52465930506E-020  4.09775443812E-005 -1.35520621478E-001  7.59681848081E-006
1 1 892   2.33666333666E-002  7.62329652529E-020  3.38813178902E-020  4.09775443812E-005 -1.35520621478E-001  7.59681848081E-006
1 1 893   2.33816183816E-002  0.00000000000E+000 -1.77876918923E-020  4.09775443812E-005 -1.35520621478E-001  7.59681848081E-006
1 1 894   2.33966033966E-002  1.40607469244E-019 -2.20228566286E-020  4.09775443812E-005 -1.35520621478E-001  7.59681848081E-006
1 1 895   2.34115884116E-002  1.27901975035E-019 -2.41404389967E-020  4.09775443812E-005 -1.35520621478E-001  7.59681848081E-006
1 1 896   2.34265734266E-002  1.55430545821E-019 -2.62580213649E-020  4.09775443812E-005 -1.35520621478E-001  7.59681848081E-006
1 1 925   2.38611388611E-002 -1.35525271561E-020  0.00000000000E+000  6.23556751894E-006 -1.35495484760E-001 -2.51316917142E-007
1 1 926   2.38761238761E-002 -5.42101086243E-020 -1.62630325873E-019  6.23556751894E-006 -1.35495484760E-001 -2.51316917142E-007
1 1 927   2.38911088911E-002 -8.13151629364E-020  0.00000000000E+000  6.23556751894E-006 -1.35495484760E-001 -2.51316917142E-007
1 1 928   2.39060939061E-002  5.42101086243E-020  1.62630325873E-019  6.23556751894E-006 -1.35495484760E-001 -2.51316917142E-007
1 1 929   2.39210789211E-002  0.00000000000E+000 -1.08420217249E-019  6.23556751894E-006 -1.35495484760E-001 -2.51316917142E-007
1 1 930   2.39360639361E-002 -2.71050543121E-020  5.42101086243E-020  6.23556751894E-006 -1.35495484760E-001 -2.51316917142E-007
1 1 931   2.39510489510E-002  1.35525271561E-020 -1.35525271561E-019  6.23556751894E-006 -1.35495484760E-001 -2.51316917142E-007
1 1 932   2.39660339660E-002 -4.06575814682E-020 -8.13151629364E-020  6.23556751894E-006 -1.35495484760E-001 -2.51316917142E-007
1 1 933   2.39810189810E-002 -6.09863722023E-020 -8.13151629364E-020  6.23556751894E-006 -1.35495484760E-001 -2.51316917142E-007
1 1 934   2.39960039960E-002  4.74338450462E-020 -8.13151629364E-020  6.23556751894E-006 -1.35495484760E-001 -2.51316917142E-007
1 1 935   2.40109890110E-002 -4.06575814682E-020 -1.89735380185E-019  6.23556751894E-006 -1.35495484760E-001 -2.51316917142E-007
1 1 936   2.40259740260E-002  6.77626357803E-021  2.71050543121E-020  6.23556751894E-006 -1.35495484760E-001 -2.51316917142E-007
1 1 937   2.40409590410E-002 -6.77626357803E-020  2.71050543121E-020  6.23556751894E-006 -1.35495484760E-001 -2.51316917142E-007
1 1 938   2.40559440559E-002 -9.48676900925E-020 -1.08420217249E-019  6.23556751894E-006 -1.35495484760E-001 -2.51316917142E-007
1 1 939   2.40709290709E-002  0.00000000000E+000 -5.42101086243E-020  6.23556751894E-006 -1.35495484760E-001 -2.51316917142E-007
1 1 940   2.40859140859E-002  4.74338450462E-020  0.00000000000E+000  6.23556751894E-006 -1.35495484760E-001 -2.51316917142E-007
1 1 941   2.41008991009E-002 -2.03287907341E-020 -8.13151629364E-020  6.23556751894E-006 -1.35495484760E-001 -2.51316917142E-007
1 1 942   2.41158841159E-002 -4.06575814682E-020 -4.06575814682E-020  6.23556751894E-006 -1.35495484760E-001 -2.51316917142E-007
1 1 943   2.41308691309E-002  0.00000000000E+000 -1.49077798717E-019  6.23556751894E-006 -1.35495484760E-001 -2.51316917142E-007
1 1 944   2.41458541459E-002  3.38813178902E-020  5.42101086243E-020  6.23556751894E-006 -1.35495484760E-001 -2.51316917142E-007
1 1 945   2.41608391608E-002 -4.74338450462E-020  0.00000000000E+000  6.23556751894E-006 -1.35495484760E-001 -2.51316917142E-007
1 1 946   2.41758241758E-002 -3.38813178902E-021  1.35525271561E-020  6.23556751894E-006 -1.35495484760E-001 -2.51316917142E-007
1 1 947   2.41908091908E-002  2.71050543121E-020 -6.09863722023E-020  6.23556751894E-006 -1.35495484760E-001 -2.51316917142E-007
1 1 948   2.42057942058E-002  6.09863722023E-020  7.45388993584E-020  6.23556751894E-006 -1.35495484760E-001 -2.51316917142E-007
1 1 949   2.42207792208E-002 -1.01643953671E-020  1.08420217249E-019  6.23556751894E-006 -1.35495484760E-001 -2.51316917142E-007
1 1 950   2.42357642358E-002  3.38813178902E-020 -6.09863722023E-020  6.23556751894E-006 -1.35495484760E-001 -2.51316917142E-007
1 1 951   2.42507492507E-002  6.01393392551E-020 -6.43745039913E-020  6.23556751894E-006 -1.35495484760E-001 -2.51316917142E-007
1 1 952   2.42657342657E-002 -3.98105485210E-020 -1.13502414932E-019  6.23556751894E-006 -1.35495484760E-001 -2.51316917142E-007
1 1 953   2.42807192807E-002  5.42101086243E-020  8.13151629364E-020 -1.35533687551E-007 -1.35498170823E-001  9.04979302867E-006
1 1 954   2.42957042957E-002 -2.16840434497E-019  0.00000000000E+000 -1.35533687551E-007 -1.35498170823E-001  9.04979302867E-006
1 1 955   2.43106893107E-002 -2.71050543121E-019  0.00000000000E+000 -1.35533687551E-007 -1.35498170823E-001  9.04979302867E-006
1 1 956   2.43256743257E-002 -1.08420217249E-019  8.13151629364E-020 -1.35533687551E-007 -1.35498170823E-001  9.04979302867E-006
1 1 957   2.43406593407E-002 -1.62630325873E-019 -2.71050543121E-020 -1.35533687551E-007 -1.35498170823E-001  9.04979302867E-006
1 1 958   2.43556443556E-002 -1.08420217249E-019 -2.71050543121E-020 -1.35533687551E-007 -1.35498170823E-001  9.04979302867E-006
1 1 959   2.43706293706E-002  0.00000000000E+000  2.71050543121E-020 -1.35533687551E-007 -1.35498170823E-001  9.04979302867E-006
1 1 960   2.43856143856E-002 -5.42101086243E-020  8.13151629364E-020 -1.35533687551E-007 -1.35498170823E-001  9.04979302867E-006
1 1 961   2.44005994006E-002 -1.62630325873E-019  2.71050543121E-020 -1.35533687551E-007 -1.35498170823E-001  9.04979302867E-006
1 1 962   2.44155844156E-002 -1.08420217249E-019  0.00000000000E+000 -1.35533687551E-007 -1.35498170823E-001  9.04979302867E-006
1 1 963   2.44305694306E-002 -5.42101086243E-020  8.13151629364E-020 -1.35533687551E-007 -1.35498170823E-001  9.04979302867E-006
1 1 964   2.44455544456E-002 -1.08420217249E-019  2.71050543121E-020 -1.35533687551E-007 -1.35498170823E-001  9.04979302867E-006
1 1 965   2.44605394605E-002  0.00000000000E+000  1.62630325873E-019 -1.35533687551E-007 -1.35498170823E-001  9.04979302867E-006
1 1 966   2.44755244755E-002 -1.08420217249E-019  1.35525271561E-019 -1.35533687551E-007 -1.35498170823E-001  9.04979302867E-006
1 1 967   2.44905094905E-002  5.42101086243E-020  1.08420217249E-019 -1.35533687551E-007 -1.35498170823E-001  9.04979302867E-006
1 1 968   2.45054945055E-002  0.00000000000E+000  5.42101086243E-020 -1.35533687551E-007 -1.35498170823E-001  9.04979302867E-006
1 1 969   2.45204795205E-002 -1.62630325873E-019  8.13151629364E-020 -1.35533687551E-007 -1.35498170823E-001  9.04979302867E-006
1 1 970   2.45354645355E-002 -5.42101086243E-020  8.13151629364E-020 -1.35533687551E-007 -1.35498170823E-001  9.04979302867E-006
1 1 971   2.45504495504E-002  5.42101086243E-020  8.13151629364E-020 -1.35533687551E-007 -1.35498170823E-001  9.04979302867E-006
1 1 972   2.45654345654E-002 -1.62630325873E-019  1.35525271561E-019 -1.35533687551E-007 -1.35498170823E-001  9.04979302867E-006
1 1 973   2.45804195804E-002  0.00000000000E+000 -5.42101086243E-020 -1.35533687551E-007 -1.35498170823E-001  9.04979302867E-006
1 1 974   2.45954045954E-002 -5.42101086243E-020  1.08420217249E-019 -1.35533687551E-007 -1.35498170823E-001  9.04979302867E-006
1 1 975   2.46103896104E-002  0.00000000000E+000  8.13151629364E-020 -1.35533687551E-007 -1.35498170823E-001  9.04979302867E-006
1 1 976   2.46253746254E-002 -1.08420217249E-019  5.42101086243E-020 -1.35533687551E-007 -1.35498170823E-001  9.04979302867E-006
1 1 977   2.46403596404E-002 -1.62630325873E-019  5.42101086243E-020 -1.35533687551E-007 -1.35498170823E-001  9.04979302867E-006
1 1 978   2.46553446553E-002  1.08420217249E-019  1.08420217249E-019 -1.35533687551E-007 -1.35498170823E-001  9.04979302867E-006
1 1 979   2.46703296703E-002  0.00000000000E+000  5.42101086243E-020 -1.35533687551E-007 -1.35498170823E-001  9.04979302867E-006
1 1 980   2.46853146853E-002  0.00000000000E+000 -5.42101086243E-020 -1.35533687551E-007 -1.35498170823E-001  9.04979302867E-006
1 1 981   2.47002997003E-002  1.62630325873E-019  0.00000000000E+000 -1.35533687551E-007 -1.35498170823E-001  9.04979302867E-006
1 1 982   2.47152847153E-002  5.42101086243E-020  0.00000000000E+000 -1.35533687551E-007 -1.35498170823E-001  9.04979302867E-006
1 1 983   2.47302697303E-002  1.08420217249E-019  8.13151629364E-020 -1.35533687551E-007 -1.35498170823E-001  9.04979302867E-006
1 1 984   2.47452547453E-002  0.00000000000E+000  1.08420217249E-019 -1.35533687551E-007 -1.35498170823E-001  9.04979302867E-006
1 1 985   2.47602397602E-002  1.08420217249E-019  2.71050543121E-020 -1.35533687551E-007 -1.35498170823E-001  9.04979302867E-006
1 1 986   2.47752247752E-002 -2.71050543121E-019 -2.71050543121E-020 -1.35533687551E-007 -1.35498170823E-001  9.04979302867E-006
1 1 987   2.47902097902E-002 -2.16840434497E-019  2.71050543121E-020 -1.35533687551E-007 -1.35498170823E-001  9.04979302867E-006
1 1 988   2.48051948052E-002  0.00000000000E+000  5.42101086243E-020 -1.35533687551E-007 -1.35498170823E-001  9.04979302867E-006
1 1 989   2.48201798202E-002 -1.08420217249E-019  5.42101086243E-020 -1.35533687551E-007 -1.35498170823E-001  9.04979302867E-006
1 1 990   2.48351648352E-002  0.00000000000E+000  0.00000000000E+000 -1.35533687551E-007 -1.35498170823E-001  9.04979302867E-006
1 1 991   2.48501498501E-002 -1.08420217249E-019  1.62630325873E-019 -1.35533687551E-007 -1.35498170823E-001  9.04979302867E-006
1 1 992   2.48651348651E-002  2.16840434497E-019  1.62630325873E-019 -1.35533687551E-007 -1.35498170823E-001  9.04979302867E-006
1 1 993   2.48801198801E-002 -1.08420217249E-019  2.71050543121E-020 -1.35533687551E-007 -1.35498170823E-001  9.04979302867E-006
1 1 994   2.48951048951E-002 -1.08420217249E-019  1.08420217249E-019 -1.35533687551E-007 -1.35498170823E-001  9.04979302867E-006
1 1 995   2.49100899101E-002 -3.25260651746E-019 -5.42101086243E-020 -1.35533687551E-007 -1.35498170823E-001  9.04979302867E-006
1 1 996   2.49250749251E-002  1.08420217249E-019  1.08420217249E-019 -1.35533687551E-007 -1.35498170823E-001  9.04979302867E-006
1 1 997   2.49400599401E-002 -1.08420217249E-019  5.42101086243E-020 -1.35533687551E-007 -1.35498170823E-001  9.04979302867E-006
1 1 998   2.49550449550E-002 -3.25260651746E-019  0.00000000000E+000 -1.35533687551E-007 -1.35498170823E-001  9.04979302867E-006
1 1 999   2.49700299700E-002 -3.25260651746E-019  0.00000000000E+000 -1.35533687551E-007 -1.35498170823E-001  9.04979302867E-006
1 1 1000   2.49850149850E-002 -1.08420217249E-019 -5.42101086243E-020 -1.35533687551E-007 -1.35498170823E-001  9.04979302867E-006
1 1 1001   2.50000000000E-002  0.00000000000E+000  2.71050543121E-020 -1.35533687659E-007 -1.27222127647E-005  6.57480034721E-008
