   0.000000000000E+000   0.000000000000E+000   6.561973482701E-006   1.435937902129E-005   3.333333333330E-004   3.725658007762E-003   3.725655991699E-003   3.725654058461E-003   2.757331138133E+000   1.639287785723E-003   2.755691849445E+000   0.000000000000E+000   0.000000000000E+000   1.561512554113E-003   1.561511820616E-003   1.561510399341E-003   1.561512788893E+000   2.342265599011E-004  -1.561747026540E+000   0.000000000000E+000   0.000000000000E+000
   0.000000000000E+000   0.000000000000E+000   1.456373193494E-005   2.658350473580E-005   6.666666666660E-004   5.415363608690E-003   5.415362440652E-003   5.415361303213E-003   5.471177516545E+000   2.382758973414E-003   5.468794757545E+000   0.000000000000E+000   0.000000000000E+000   3.139996125144E-003   3.139996123641E-003   3.139996121507E-003   3.139996125254E+000   4.709994182260E-004  -3.140467124803E+000   0.000000000000E+000   0.000000000000E+000
   0.000000000000E+000   0.000000000000E+000   2.615044903275E-005   3.671844538870E-005   9.999999999990E-004   7.164801554733E-003   7.164820901209E-003   7.164787426086E-003   8.098740161545E+000   3.152506467478E-003   8.095587644505E+000   0.000000000000E+000   0.000000000000E+000   4.656185462885E-003   4.656185511794E-003   4.656184868618E-003   4.656185465941E+000   6.984277302927E-004  -4.656883903402E+000   0.000000000000E+000   0.000000000000E+000
   0.000000000000E+000   0.000000000000E+000   4.137452778808E-005   5.065505938594E-005   1.333333333332E-003   8.958693326538E-003   8.958687420680E-003   8.958643402741E-003   1.059858085485E+001   3.941803097206E-003   1.059463907175E+001   0.000000000000E+000   0.000000000000E+000   6.098579689004E-003   6.098579690306E-003   6.098579594570E-003   6.098579687038E+000   9.147869391855E-004  -6.099494471929E+000   0.000000000000E+000   0.000000000000E+000
   0.000000000000E+000   0.000000000000E+000   5.993539805128E-005   7.235383427548E-005   1.666666666665E-003   1.075857907730E-002   1.075857174829E-002   1.075856708454E-002   1.293127549913E+001   4.733769517199E-003   1.292654170040E+001   0.000000000000E+000   0.000000000000E+000   7.444675398320E-003   7.444675432481E-003   7.444675424091E-003   7.444675398949E+000   1.116701313614E-003  -7.445792103753E+000   0.000000000000E+000   0.000000000000E+000
   0.000000000000E+000   0.000000000000E+000   8.187881386776E-005   1.045941697139E-004   1.999999999998E-003   1.258133585024E-002   1.258122949440E-002   1.258122931085E-002   1.506003628203E+001   5.535740896773E-003   1.505450055431E+001   0.000000000000E+000   0.000000000000E+000   8.673121061430E-003   8.673121038818E-003   8.673121014329E-003   8.673121067652E+000   1.300968152149E-003  -8.674422041483E+000   0.000000000000E+000   0.000000000000E+000
   0.000000000000E+000   0.000000000000E+000   1.074514708048E-004   1.489364284340E-004   2.333333333331E-003   1.445166927577E-002   1.445156865707E-002   1.445152921859E-002   1.695129126133E+001   6.358672856179E-003   1.694493261401E+001   0.000000000000E+000   0.000000000000E+000   9.764436110617E-003   9.764436116059E-003   9.764436123671E-003   9.764436107051E+000   1.464665418551E-003  -9.765900769069E+000   0.000000000000E+000   0.000000000000E+000
   0.000000000000E+000   0.000000000000E+000   1.368445416132E-004   2.065376884749E-004   2.666666666664E-003   1.637898404678E-002   1.637904066907E-002   1.637908265559E-002   1.857521441151E+001   7.206796368461E-003   1.856800758088E+001   0.000000000000E+000   0.000000000000E+000   1.070142414491E-002   1.070142415644E-002   1.070142415890E-002   1.070142413317E+001   1.605213623835E-003  -1.070302933567E+001   0.000000000000E+000   0.000000000000E+000
   0.000000000000E+000   0.000000000000E+000   1.708124973046E-004   2.786297626317E-004   2.999999999997E-003   1.840290552203E-002   1.840282757414E-002   1.840278519116E-002   1.990619515790E+001   8.097225484112E-003   1.989809801370E+001   0.000000000000E+000   0.000000000000E+000   1.146913564536E-002   1.146913566423E-002   1.146913568264E-002   1.146913562180E+001   1.720370352396E-003  -1.147085596799E+001   0.000000000000E+000   0.000000000000E+000
   0.000000000000E+000   0.000000000000E+000   2.100396261284E-004   3.665037956814E-004   3.333333333330E-003   2.054034300496E-002   2.054009137599E-002   2.054017590827E-002   2.092324351343E+001   9.037677399638E-003   2.091420564281E+001   0.000000000000E+000   0.000000000000E+000   1.205560809086E-002   1.205560819360E-002   1.205560829304E-002   1.205560798666E+001   1.808341243956E-003  -1.205741622383E+001   0.000000000000E+000   0.000000000000E+000
   0.000000000000E+000   0.000000000000E+000   2.566584997814E-004   4.715856758598E-004   3.666666666663E-003   2.287025276761E-002   2.287009326292E-002   2.287031927638E-002   2.161031952247E+001   1.006294048161E-002   2.160025660977E+001   0.000000000000E+000   0.000000000000E+000   1.245105337559E-002   1.245105355077E-002   1.245105372684E-002   1.245105320093E+001   1.867658059026E-003  -1.245292068451E+001   0.000000000000E+000   0.000000000000E+000
   0.000000000000E+000   0.000000000000E+000   3.160470206885E-004   5.957923519754E-004   3.999999999996E-003   2.558111442590E-002   2.558083437060E-002   2.558065607261E-002   2.195658809496E+001   1.125548867195E-002   2.194533294158E+001   0.000000000000E+000   0.000000000000E+000   1.264862962865E-002   1.264862992453E-002   1.264863021800E-002   1.264862933292E+001   1.897294532700E-003  -1.265052633182E+001   0.000000000000E+000   0.000000000000E+000
   0.000000000000E+000   0.000000000000E+000   3.956744196243E-004   7.415110997766E-004   4.333333333329E-003   2.885695388709E-002   2.885642671163E-002   2.885623359937E-002   2.195658751093E+001   1.269674278372E-002   2.194389101989E+001   0.000000000000E+000   0.000000000000E+000   1.264518116815E-002   1.264518176812E-002   1.264518236839E-002   1.264518056832E+001   1.896777355258E-003  -1.264707674590E+001   0.000000000000E+000   0.000000000000E+000
   0.000000000000E+000   0.000000000000E+000   5.063719587865E-004   9.121168769068E-004   4.666666666662E-003   3.289741072922E-002   3.289735280985E-002   3.289746394918E-002   2.161031941603E+001   1.447488413764E-002   2.159584450490E+001   0.000000000000E+000   0.000000000000E+000   1.244005597301E-002   1.244005669158E-002   1.244005741046E-002   1.244005525468E+001   1.866008611570E-003  -1.244192054517E+001   0.000000000000E+000   0.000000000000E+000
   0.000000000000E+000   0.000000000000E+000   6.733969527493E-004   1.110050787053E-003   4.999999999995E-003   3.820307370966E-002   3.820315037264E-002   3.820340430954E-002   2.092324318526E+001   1.680949789620E-002   2.090643346046E+001   0.000000000000E+000   0.000000000000E+000   1.203579022836E-002   1.203579163123E-002   1.203579303498E-002   1.203578882638E+001   1.805368955246E-003  -1.203759279421E+001   0.000000000000E+000   0.000000000000E+000
   0.000000000000E+000   0.000000000000E+000   1.078127311143E-003   1.350126629348E-003   5.333333333328E-003   4.868810433055E-002   4.868824378722E-002   4.868811084074E-002   1.990619511402E+001   2.142276876992E-002   1.988477203428E+001   0.000000000000E+000   0.000000000000E+000   1.141392363680E-002   1.141392517474E-002   1.141392669531E-002   1.141392209866E+001   1.712089004297E-003  -1.141563264996E+001   0.000000000000E+000   0.000000000000E+000
   0.000000000000E+000   0.000000000000E+000   3.547051911181E-003   1.704324406361E-003   5.666666666661E-003   8.891299721882E-002   8.891206010372E-002   8.891199425339E-002   1.857521438635E+001   3.912127747149E-002   1.853609406833E+001   0.000000000000E+000   0.000000000000E+000   1.045689461463E-002   1.045689547503E-002   1.045689558813E-002   1.045689376534E+001   1.568534338220E-003  -1.045846146224E+001   0.000000000000E+000   0.000000000000E+000
   0.000000000000E+000   0.000000000000E+000   5.405183798800E-002   2.684704266807E-003   5.999999999994E-003   3.478458402272E-001   3.478461288778E-001   3.478466256445E-001   1.695129187219E+001   1.530525152836E-001   1.679823904929E+001   0.000000000000E+000   0.000000000000E+000   8.327189212852E-003   8.327189660855E-003   8.327188103125E-003   8.327188755520E+000   1.249078215469E-003  -8.328437393109E+000   0.000000000000E+000   0.000000000000E+000
   0.000000000000E+000   0.000000000000E+000   8.851593638763E-001   6.271657072624E-003   6.333333333327E-003   1.407778806581E+000   1.407777431790E+000   1.407776936394E+000   1.506003706355E+001   6.194218520133E-001   1.444061568319E+001   0.000000000000E+000   0.000000000000E+000   4.870438278950E-003   4.870439050628E-003   4.870439416493E-003   4.870437529312E+000   7.305659124740E-004  -4.871167330743E+000   0.000000000000E+000   0.000000000000E+000
   0.000000000000E+000   0.000000000000E+000   1.122035983780E+001   1.697178975792E-002   6.666666666660E-003   5.012187649701E+000   5.012188306729E+000   5.012188019223E+000   1.293127528137E+001   2.205362728458E+000   1.072591252863E+001   0.000000000000E+000   0.000000000000E+000   2.308367414990E-003   2.308369380499E-003   2.308370369838E-003   2.308365419806E+000   3.462555554757E-004  -2.308709686100E+000   0.000000000000E+000   0.000000000000E+000
   0.000000000000E+000   0.000000000000E+000   2.883841317224E+001   3.229863204966E-002   6.999999999993E-003   8.035439701461E+000   8.035439777406E+000   8.035439867995E+000   1.059858033221E+001   3.535593541918E+000   7.062986861421E+000   0.000000000000E+000   0.000000000000E+000   1.091636443584E-003   1.091637453591E-003   1.091642136856E-003   1.091635313697E+000   1.637463205283E-004  -1.091797891676E+000   0.000000000000E+000   0.000000000000E+000
   0.000000000000E+000   0.000000000000E+000   4.231853430847E+001   4.359620159007E-002   7.333333333326E-003   9.733954730332E+000   9.733954366506E+000   9.733953909423E+000   8.098739730687E+000   4.282939720146E+000   3.815799946776E+000   0.000000000000E+000   0.000000000000E+000   4.904829742043E-004   4.904836586175E-004   4.904960830867E-004   4.904812615433E-001   7.357441246300E-005  -4.905529721105E-001   0.000000000000E+000   0.000000000000E+000
   0.000000000000E+000   0.000000000000E+000   4.628610115644E+001   4.688845587769E-002   7.666666666659E-003   1.018003511124E+001   1.018003547720E+001   1.018003513676E+001   5.471177666377E+000   4.479215460175E+000   9.919617737768E-001   0.000000000000E+000   0.000000000000E+000   1.133942303908E-004   1.133965197553E-004   1.134140683775E-004   1.133937772269E-001   1.701211025663E-005  -1.134101081824E-001   0.000000000000E+000   0.000000000000E+000
   0.000000000000E+000   0.000000000000E+000   4.059763512769E+001   4.216503821063E-002   7.999999999992E-003   9.533982799645E+000   9.533982914044E+000   9.533982378427E+000   2.757330024331E+000   4.194952246508E+000  -1.437621511134E+000   0.000000000000E+000   0.000000000000E+000  -1.641997953305E-004  -1.641984921100E-004  -1.641971095281E-004  -1.642010413104E-001  -2.462956642922E-005   1.642269227628E-001   0.000000000000E+000   0.000000000000E+000
   0.000000000000E+000   0.000000000000E+000   2.839964208652E+001   3.192920821648E-002   8.333333333325E-003   7.974077329783E+000   7.974076867239E+000   7.974076725576E+000  -1.300533041106E-007   3.508593759253E+000  -3.508593659418E+000   0.000000000000E+000   0.000000000000E+000  -4.554293620514E-004  -4.554295084886E-004  -4.554429272324E-004  -4.554302431622E-001  -6.831643908485E-005   4.554994234164E-001   0.000000000000E+000   0.000000000000E+000
   0.000000000000E+000   0.000000000000E+000   1.454018421906E+001   1.993041204622E-002   8.666666666658E-003   5.705698655064E+000   5.705699685712E+000   5.705699958570E+000  -2.757331733012E+000   2.510507981771E+000  -5.267840423716E+000   0.000000000000E+000   0.000000000000E+000  -7.823642902927E-004  -7.823588998432E-004  -7.823684415203E-004  -7.823666883092E-001  -1.173552662280E-004   7.824860681729E-001   0.000000000000E+000   0.000000000000E+000
   0.000000000000E+000   0.000000000000E+000   3.974823223879E+000   1.016841611625E-002   8.999999999991E-003   2.983201547409E+000   2.983202366922E+000   2.983203455958E+000  -5.471176961726E+000   1.312609520621E+000  -6.783786564828E+000   0.000000000000E+000   0.000000000000E+000  -1.255094612149E-003  -1.255092918626E-003  -1.255146048352E-003  -1.255096557279E+000  -1.882719072528E-004   1.255285687070E+000   0.000000000000E+000   0.000000000000E+000
   0.000000000000E+000   0.000000000000E+000   4.765164408323E-001   5.084353893790E-003   9.333333333324E-003   1.032908062694E+000   1.032908747055E+000   1.032910316600E+000  -8.098738762271E+000   4.544805393040E-001  -8.553218888398E+000   0.000000000000E+000   0.000000000000E+000  -2.127069995847E-003  -2.127070426828E-003  -2.127061700767E-003  -2.127069820978E+000  -3.190592551150E-004   2.127388853355E+000   0.000000000000E+000   0.000000000000E+000
   0.000000000000E+000   0.000000000000E+000   6.034621939091E-002   2.771002223872E-003   9.666666666657E-003   3.675714421581E-001   3.675712692174E-001   3.675713123814E-001  -1.059858146438E+001   1.617313774478E-001  -1.076031319831E+001   0.000000000000E+000   0.000000000000E+000  -3.719764900120E-003  -3.719769821704E-003  -3.719789739365E-003  -3.719764389599E+000  -5.579684609047E-004   3.720322147045E+000   0.000000000000E+000   0.000000000000E+000
   0.000000000000E+000   0.000000000000E+000   5.457692943459E-003   1.850946142574E-003   9.999999999990E-003   1.104855710615E-001   1.104856580256E-001   1.104856295621E-001  -1.293127429164E+001   4.861367700733E-002  -1.297988802149E+001   0.000000000000E+000   0.000000000000E+000  -6.135035999647E-003  -6.135035773033E-003  -6.135035518175E-003  -6.135036214858E+000  -9.202553277262E-004   6.135956689171E+000   0.000000000000E+000   0.000000000000E+000
   0.000000000000E+000   0.000000000000E+000   1.008075922876E-003   1.475330233303E-003   1.033333333332E-002   4.726435254161E-002   4.726478704158E-002   4.726519411539E-002  -1.506003582472E+001   2.079668541077E-002  -1.508083268850E+001   0.000000000000E+000   0.000000000000E+000  -8.322158058289E-003  -8.322157998443E-003  -8.322162031004E-003  -8.322158544780E+000  -1.248324304651E-003   8.323407315474E+000   0.000000000000E+000   0.000000000000E+000
   0.000000000000E+000   0.000000000000E+000   4.325153534001E-004   1.232812827352E-003   1.066666666666E-002   3.061315761745E-002   3.061303861176E-002   3.061335732668E-002  -1.695129125053E+001   1.346987722374E-002  -1.696476090971E+001   0.000000000000E+000   0.000000000000E+000  -9.683608048925E-003  -9.683607487817E-003  -9.683606604235E-003  -9.683608557271E+000  -1.452540990635E-003   9.685061605660E+000   0.000000000000E+000   0.000000000000E+000
   0.000000000000E+000   0.000000000000E+000   2.467036999738E-004   1.032874896780E-003   1.099999999999E-002   2.268165107015E-002   2.268211481689E-002   2.268135769892E-002  -1.857521340202E+001   9.979797387524E-003  -1.858519273779E+001   0.000000000000E+000   0.000000000000E+000  -1.067353836983E-002  -1.067353714018E-002  -1.067352816468E-002  -1.067353924947E+001  -1.601029224702E-003   1.067514120297E+001   0.000000000000E+000   0.000000000000E+000
   0.000000000000E+000   0.000000000000E+000   1.597294933149E-004   8.558986618298E-004   1.133333333332E-002   1.771813624310E-002   1.771805896514E-002   1.771778184873E-002  -1.990619501562E+001   7.795824013443E-003  -1.991399132962E+001   0.000000000000E+000   0.000000000000E+000  -1.145973343795E-002  -1.145973225302E-002  -1.145972913575E-002  -1.145973449716E+001  -1.718959370362E-003   1.146145457302E+001   0.000000000000E+000   0.000000000000E+000
   0.000000000000E+000   0.000000000000E+000   1.021336856888E-004   6.988119285228E-004   1.166666666665E-002   1.342912912554E-002   1.342911427491E-002   1.342907093215E-002  -2.092324322960E+001   5.908791210144E-003  -2.092915163468E+001   0.000000000000E+000   0.000000000000E+000  -1.205073680019E-002  -1.205073564724E-002  -1.205073443657E-002  -1.205073794156E+001  -1.807610165486E-003   1.205254669266E+001   0.000000000000E+000   0.000000000000E+000
   0.000000000000E+000   0.000000000000E+000   6.909706867807E-005   5.613552269825E-004   1.199999999999E-002   1.015335484791E-002   1.015335194662E-002   1.015320382771E-002  -2.161031977048E+001   4.467409684191E-003  -2.161478736677E+001   0.000000000000E+000   0.000000000000E+000  -1.245345131354E-002  -1.245345010075E-002  -1.245344827668E-002  -1.245345244441E+001  -1.868017241503E-003   1.245532159103E+001   0.000000000000E+000   0.000000000000E+000
   0.000000000000E+000   0.000000000000E+000   5.021646763157E-005   4.417229118354E-004   1.233333333332E-002   7.688005643605E-003   7.687541234807E-003   7.687352188194E-003  -2.195658842478E+001   3.382434962805E-003  -2.195997090021E+001   0.000000000000E+000   0.000000000000E+000  -1.265912460765E-002  -1.265912413879E-002  -1.265912350848E-002  -1.265912508021E+001  -1.898868526273E-003   1.266102442393E+001   0.000000000000E+000   0.000000000000E+000
   0.000000000000E+000   0.000000000000E+000   3.811537230132E-005   3.386442775141E-004   1.266666666665E-002   5.655730493851E-003   5.655162353447E-003   5.655179329215E-003  -2.195658840194E+001   2.488278904855E-003  -2.195907674410E+001   0.000000000000E+000   0.000000000000E+000  -1.266154001684E-002  -1.266153976473E-002  -1.266153951181E-002  -1.266154027526E+001  -1.899230926771E-003   1.266343976720E+001   0.000000000000E+000   0.000000000000E+000
   0.000000000000E+000   0.000000000000E+000   3.017029029493E-005   2.511949547791E-004   1.299999999999E-002   3.980420684156E-003   3.980570824887E-003   3.980463196478E-003  -2.161031913663E+001   1.751403806450E-003  -2.161207105098E+001   0.000000000000E+000   0.000000000000E+000  -1.246401583523E-002  -1.246401555208E-002  -1.246401528720E-002  -1.246401611851E+001  -1.869602293080E-003   1.246588600099E+001   0.000000000000E+000   0.000000000000E+000
   0.000000000000E+000   0.000000000000E+000   2.481901766757E-005   1.784655033581E-004   1.333333333332E-002   2.660717306926E-003   2.660648213786E-003   2.660508307282E-003  -2.092324328259E+001   1.170623655204E-003  -2.092441400206E+001   0.000000000000E+000   0.000000000000E+000  -1.207023431376E-002  -1.207023420965E-002  -1.207023395274E-002  -1.207023442131E+001  -1.810535092911E-003   1.207204506338E+001   0.000000000000E+000   0.000000000000E+000
   0.000000000000E+000   0.000000000000E+000   2.063416434140E-005   1.194589803117E-004   1.366666666665E-002   1.515891683377E-003   1.516228291781E-003   1.516507213357E-003  -1.990619523207E+001   6.672631738772E-004  -1.990686249107E+001   0.000000000000E+000   0.000000000000E+000  -1.148460398542E-002  -1.148460392534E-002  -1.148460405264E-002  -1.148460404210E+001  -1.722690607896E-003   1.148632678740E+001   0.000000000000E+000   0.000000000000E+000
   0.000000000000E+000   0.000000000000E+000   1.725069204716E-005   7.307567414779E-005   1.399999999999E-002   6.215647364003E-004   6.215691324845E-004   6.215697426695E-004  -1.857521448010E+001   2.734906867746E-004  -1.857548807095E+001   0.000000000000E+000   0.000000000000E+000  -1.071841843979E-002  -1.071841842948E-002  -1.071841841052E-002  -1.071841844212E+001  -1.607762761579E-003   1.072002620784E+001   0.000000000000E+000   0.000000000000E+000
   0.000000000000E+000   0.000000000000E+000   1.423048351032E-005   3.812340236202E-005   1.433333333332E-002  -9.619232567890E-005  -9.617904005457E-005  -9.617672591660E-005  -1.695129131761E+001  -4.231775940331E-005  -1.695124897783E+001   0.000000000000E+000   0.000000000000E+000  -9.782666596167E-003  -9.782666658520E-003  -9.782666721747E-003  -9.782666533135E+000  -1.467400008262E-003   9.784133870102E+000   0.000000000000E+000   0.000000000000E+000
   0.000000000000E+000   0.000000000000E+000   1.149734007123E-005   1.349038213561E-005   1.466666666665E-002  -7.730732183712E-004  -7.731273104027E-004  -7.731538037526E-004  -1.506003633722E+001  -3.401876736511E-004  -1.505969613785E+001   0.000000000000E+000   0.000000000000E+000  -8.691750438930E-003  -8.691750557485E-003  -8.691750681968E-003  -8.691750320007E+000  -1.303762602295E-003   8.693053963724E+000   0.000000000000E+000   0.000000000000E+000
   0.000000000000E+000   0.000000000000E+000   1.765904169498E-005   9.848788810578E-005   1.499999999998E-002  -4.593551690447E-003  -4.593532377150E-003  -4.593537713833E-003  -1.293127554156E+001  -2.021156594087E-003  -1.292925439965E+001   0.000000000000E+000   0.000000000000E+000  -7.442794805993E-003  -7.442795902055E-003  -7.442809309306E-003  -7.442794887355E+000  -1.116421396396E-003   7.443911199061E+000   0.000000000000E+000   0.000000000000E+000
   0.000000000000E+000   0.000000000000E+000   1.957785136627E-005   9.503039736130E-005   1.533333333332E-002  -5.603414494502E-003  -5.603425220041E-003  -5.603389112682E-003  -1.059858082446E+001  -2.465491209580E-003  -1.059611533452E+001   0.000000000000E+000   0.000000000000E+000  -6.112628710581E-003  -6.112636977363E-003  -6.112666487967E-003  -6.112628190135E+000  -9.168999731951E-004   6.113545055655E+000   0.000000000000E+000   0.000000000000E+000
   0.000000000000E+000   0.000000000000E+000   2.804216067280E-005   4.624182267689E-005   1.566666666665E-002  -7.452097067591E-003  -7.452072481666E-003  -7.452111645145E-003  -8.098740174359E+000  -3.278929123864E-003  -8.095461241425E+000   0.000000000000E+000   0.000000000000E+000  -4.667686820176E-003  -4.667686737261E-003  -4.667686625954E-003  -4.667686879580E+000  -7.001529938932E-004   4.668387086782E+000   0.000000000000E+000   0.000000000000E+000
   0.000000000000E+000   0.000000000000E+000   2.393159871680E-005   4.940607546507E-005   1.599999999998E-002  -7.088750516500E-003  -7.088767802339E-003  -7.088778657969E-003  -5.471177537534E+000  -3.119062609506E-003  -5.468058474131E+000   0.000000000000E+000   0.000000000000E+000  -3.163691076631E-003  -3.163690982082E-003  -3.163690376148E-003  -3.163691104218E+000  -4.745535564222E-004   3.164165685070E+000   0.000000000000E+000   0.000000000000E+000
   0.000000000000E+000   0.000000000000E+000   1.883423440919E-005   5.250401083791E-005   1.633333333332E-002  -6.427876675236E-003  -6.427869711369E-003  -6.427878472811E-003  -2.757331139416E+000  -2.828266528037E-003  -2.754502892419E+000   0.000000000000E+000   0.000000000000E+000  -1.599605064282E-003  -1.599604779633E-003  -1.599604979650E-003  -1.599605114546E+000  -2.399407469475E-004   1.599845068115E+000   0.000000000000E+000   0.000000000000E+000
   1.041599134411E-001   1.041599134411E-001   1.355891929352E-005   5.228788005328E-005   1.666666666665E-002  -5.509785530951E-003  -5.509853037098E-003  -5.509805548955E-003   3.005185886017E-008  -2.424314441540E-003   2.424318020173E-003   0.000000000000E+000   0.000000000000E+000  -1.009756921623E-005  -1.009765048673E-005  -1.009741647011E-005  -1.009756174222E-002  -1.514612470517E-006   1.009908053558E-002   0.000000000000E+000   0.000000000000E+000
   1.041599134411E-001   1.041599134411E-001   8.865544112413E-006   4.798513327862E-005   1.699999999998E-002  -4.361066863375E-003  -4.361073685957E-003  -4.361099259387E-003   2.757331154056E+000  -1.918883674130E-003   2.759250022230E+000   0.000000000000E+000   0.000000000000E+000   1.579619921973E-003   1.579619961146E-003   1.579620034787E-003   1.579619903678E+000   2.369430052180E-004  -1.579856836011E+000   0.000000000000E+000   0.000000000000E+000
   1.041599134411E-001   1.041599134411E-001   5.435752951565E-006   3.993153339852E-005   1.733333333332E-002  -2.979970340217E-003  -2.979977841419E-003  -2.979930221804E-003   5.471177498082E+000  -1.311169297594E-003   5.472488677175E+000   0.000000000000E+000   0.000000000000E+000   3.144249624467E-003   3.144249680822E-003   3.144250218607E-003   3.144249611742E+000   4.716375327910E-004  -3.144721240191E+000   0.000000000000E+000   0.000000000000E+000
   1.041599134411E-001   1.041599134411E-001   4.005104194366E-006   2.927686287154E-005   1.766666666665E-002  -1.320350714555E-003  -1.320351978903E-003  -1.320353742946E-003   8.098740156351E+000  -5.809556468964E-004   8.099321113059E+000   0.000000000000E+000   0.000000000000E+000   4.658803935574E-003   4.658803951035E-003   4.658803528273E-003   4.658803926080E+000   6.988205292410E-004  -4.659502739038E+000   0.000000000000E+000   0.000000000000E+000
   1.041599134411E-001   1.041599134411E-001   9.606617126340E-006   8.525978839112E-005   1.799999999998E-002   3.029510592696E-003   3.029542757367E-003   3.029605926951E-003   1.059858082792E+001   1.333026607858E-003   1.059724776472E+001   0.000000000000E+000   0.000000000000E+000   6.086606103457E-003   6.086606078160E-003   6.086604450409E-003   6.086606060605E+000   9.129906675613E-004  -6.087519017665E+000   0.000000000000E+000   0.000000000000E+000
   1.041599134411E-001   1.041599134411E-001   3.348724380864E-005   7.415975639057E-005   1.833333333331E-002   7.525130200741E-003   7.525132700049E-003   7.525135237718E-003   1.293127555339E+001   3.311059504596E-003   1.292796449376E+001   0.000000000000E+000   0.000000000000E+000   7.424961036216E-003   7.424961105770E-003   7.424980040855E-003   7.424961131980E+000   1.113747006128E-003  -7.426074803712E+000   0.000000000000E+000   0.000000000000E+000
   1.041599134411E-001   1.041599134411E-001   6.014493539927E-005   5.314455567329E-005   1.866666666665E-002   1.047174960086E-002   1.047175069877E-002   1.047172680096E-002   1.506003625568E+001   4.607559792423E-003   1.505542865552E+001   0.000000000000E+000   0.000000000000E+000   8.667716620155E-003   8.667716589909E-003   8.667715743393E-003   8.667716622770E+000   1.300157361509E-003  -8.669016792622E+000   0.000000000000E+000   0.000000000000E+000
   1.041599134411E-001   1.041599134411E-001   8.318187057312E-005   7.983753820639E-005   1.899999999998E-002   1.243010560555E-002   1.243010925467E-002   1.243013736501E-002   1.695129133457E+001   5.469260440604E-003   1.694582208388E+001   0.000000000000E+000   0.000000000000E+000   9.764361712515E-003   9.764361633675E-003   9.764361523220E-003   9.764361734246E+000   1.464654228483E-003  -9.765826405471E+000   0.000000000000E+000   0.000000000000E+000
   1.041599134411E-001   1.041599134411E-001   1.087675369450E-004   1.226155901549E-004   1.933333333331E-002   1.433189711881E-002   1.433188948033E-002   1.433199195488E-002   1.857521436752E+001   6.306076460146E-003   1.856890832048E+001   0.000000000000E+000   0.000000000000E+000   1.070210225988E-002   1.070210224319E-002   1.070210223875E-002   1.070210227577E+001   1.605315335813E-003  -1.070370760617E+001   0.000000000000E+000   0.000000000000E+000
   1.041599134411E-001   1.041599134411E-001   1.373311008294E-004   1.798635237542E-004   1.966666666665E-002   1.623822671106E-002   1.623848375926E-002   1.623850141284E-002   1.990619501737E+001   7.144940621651E-003   1.989905031102E+001   0.000000000000E+000   0.000000000000E+000   1.147041762556E-002   1.147041763102E-002   1.147041763676E-002   1.147041762009E+001   1.720562645514E-003  -1.147213817727E+001   0.000000000000E+000   0.000000000000E+000
   1.041599134411E-001   1.041599134411E-001   1.693538086409E-004   2.519333223174E-004   1.999999999998E-002   1.818771999156E-002   1.818772143891E-002   1.818764988293E-002   2.092324334797E+001   8.002565948491E-003   2.091524076607E+001   0.000000000000E+000   0.000000000000E+000   1.205734770716E-002   1.205734775941E-002   1.205734781072E-002   1.205734765486E+001   1.808602171607E-003  -1.205915620442E+001   0.000000000000E+000   0.000000000000E+000
   1.041599134411E-001   1.041599134411E-001   2.057910955626E-004   3.389901699296E-004   2.033333333331E-002   2.022698728708E-002   2.022715675479E-002   2.022723059973E-002   2.161031971847E+001   8.899981463880E-003   2.160141974583E+001   0.000000000000E+000   0.000000000000E+000   1.245348307337E-002   1.245348314020E-002   1.245348320708E-002   1.245348300646E+001   1.868022481063E-003  -1.245535096227E+001   0.000000000000E+000   0.000000000000E+000
   1.041599134411E-001   1.041599134411E-001   2.480431953615E-004   4.418112844175E-004   2.066666666665E-002   2.240709985279E-002   2.240687754685E-002   2.240708795092E-002   2.195658805583E+001   9.859118698407E-003   2.194672913752E+001   0.000000000000E+000   0.000000000000E+000   1.265266302191E-002   1.265266314698E-002   1.265266327226E-002   1.265266289684E+001   1.897899490839E-003  -1.265456067120E+001   0.000000000000E+000   0.000000000000E+000
   1.041599134411E-001   1.041599134411E-001   2.995721736869E-004   5.612049549124E-004   2.099999999998E-002   2.484841640016E-002   2.484865059058E-002   2.484875980922E-002   2.195658839487E+001   1.093345431606E-002   2.194565491521E+001   0.000000000000E+000   0.000000000000E+000   1.265129447034E-002   1.265129479946E-002   1.265129512870E-002   1.265129414132E+001   1.897694269304E-003  -1.265319150675E+001   0.000000000000E+000   0.000000000000E+000
   1.041599134411E-001   1.041599134411E-001   3.663076200853E-004   6.984423529017E-004   2.133333333331E-002   2.772323715752E-002   2.772291697199E-002   2.772312100409E-002   2.161031968796E+001   1.219817324180E-002   2.159812170968E+001   0.000000000000E+000   0.000000000000E+000   1.244875699288E-002   1.244875753789E-002   1.244875808333E-002   1.244875644791E+001   1.867313712499E-003  -1.245062321673E+001   0.000000000000E+000   0.000000000000E+000
   1.041599134411E-001   1.041599134411E-001   4.578181832182E-004   8.552468765280E-004   2.166666666664E-002   3.125261448383E-002   3.125277628983E-002   3.125268619707E-002   2.092324328333E+001   1.375118192671E-002   2.090949215222E+001   0.000000000000E+000   0.000000000000E+000   1.204772642457E-002   1.204772702757E-002   1.204772763058E-002   1.204772582181E+001   1.807159144587E-003  -1.204953237835E+001   0.000000000000E+000   0.000000000000E+000
   1.041599134411E-001   1.041599134411E-001   5.752575257169E-004   1.031808205757E-003   2.199999999998E-002   3.527471936776E-002   3.527469419330E-002   3.527453504806E-002   1.990619531659E+001   1.552079542115E-002   1.989067419050E+001   0.000000000000E+000   0.000000000000E+000   1.145724751788E-002   1.145724821878E-002   1.145724891931E-002   1.145724681645E+001   1.718587337897E-003  -1.145896470209E+001   0.000000000000E+000   0.000000000000E+000
   1.041599134411E-001   1.041599134411E-001   8.016523960183E-004   1.231097714057E-003   2.233333333331E-002   4.191598990041E-002   4.191611436454E-002   4.191612307017E-002   1.857521427284E+001   1.844309415088E-002   1.855677097433E+001   0.000000000000E+000   0.000000000000E+000   1.067284685743E-002   1.067284819230E-002   1.067284951309E-002   1.067284552150E+001   1.600927426964E-003  -1.067444511359E+001   0.000000000000E+000   0.000000000000E+000
   1.041599134411E-001   1.041599134411E-001   1.463256889915E-003   1.472188633307E-003   2.266666666664E-002   5.696483896318E-002   5.696455984143E-002   5.696489216173E-002   1.695129127664E+001   2.506455255116E-002   1.692622706852E+001   0.000000000000E+000   0.000000000000E+000   9.679938396562E-003   9.679939962580E-003   9.679941621974E-003   9.679936837341E+000   1.451991243296E-003  -9.681387264837E+000   0.000000000000E+000   0.000000000000E+000
   1.041599134411E-001   1.041599134411E-001   5.971274561333E-003   1.841467601475E-003   2.299999999998E-002   1.155274352547E-001   1.155271695642E-001   1.155268668075E-001   1.506003654818E+001   5.083182139529E-002   1.500920445581E+001   0.000000000000E+000   0.000000000000E+000   8.319219562348E-003   8.319248984050E-003   8.319683278395E-003   8.319220220220E+000   1.247952491759E-003  -8.320467478187E+000   0.000000000000E+000   0.000000000000E+000
   1.041599134411E-001   1.041599134411E-001   5.654791357973E-002   2.715756723917E-003   2.333333333331E-002   3.558031245874E-001   3.558034756856E-001   3.558040284983E-001   1.293127580179E+001   1.565537725392E-001   1.277472201350E+001   0.000000000000E+000   0.000000000000E+000   6.123889592654E-003   6.123888770948E-003   6.123885455090E-003   6.123888561007E+000   9.185828182634E-004  -6.124805986188E+000   0.000000000000E+000   0.000000000000E+000
   1.041599134411E-001   1.041599134411E-001   3.905470768433E-001   4.746346383346E-003   2.366666666664E-002   9.351028873854E-001   9.351028891340E-001   9.351032704900E-001   1.059858034688E+001   4.114454390156E-001   1.018713447120E+001   0.000000000000E+000   0.000000000000E+000   3.642605518288E-003   3.642605281676E-003   3.642607851105E-003   3.642605509306E+000   5.463911776658E-004  -3.643151842924E+000   0.000000000000E+000   0.000000000000E+000
   1.041599134411E-001   1.041599134411E-001   2.046008865120E+000   8.104922865429E-003   2.399999999998E-002   2.140317271286E+000   2.140316475340E+000   2.140314902064E+000   8.098739766256E+000   9.417385569083E-001   7.157001965922E+000   0.000000000000E+000   0.000000000000E+000   1.902995858563E-003   1.902994863897E-003   1.902996717661E-003   1.902995971670E+000   2.854495076491E-004  -1.903281319834E+000   0.000000000000E+000   0.000000000000E+000
   1.041599134411E-001   1.041599134411E-001   5.615413475025E+000   1.178094646539E-002   2.433333333331E-002   3.545804142685E+000   3.545804603385E+000   3.545804955821E+000   5.471178025936E+000   1.560154180561E+000   3.911023740303E+000   0.000000000000E+000   0.000000000000E+000   8.452099888703E-004   8.452111899048E-004   8.452090987568E-004   8.452094110206E-001   1.267813648135E-004  -8.453356537148E-001   0.000000000000E+000   0.000000000000E+000
   1.041599134411E-001   1.041599134411E-001   6.963891582166E+000   1.305459852249E-002   2.466666666664E-002   3.948664209997E+000   3.948663326107E+000   3.948662154104E+000   2.757330346600E+000   1.737411347806E+000   1.019919110125E+000   0.000000000000E+000   0.000000000000E+000   2.002641090069E-004   2.002656665116E-004   2.002710235330E-004   2.002638610473E-001   3.004065352994E-005  -2.002937223157E-001   0.000000000000E+000   0.000000000000E+000
   1.041599134411E-001   1.041599134411E-001   5.063864879958E+000   1.124912838829E-002   2.499999999997E-002   3.367170668083E+000   3.367170932775E+000   3.367169901564E+000   1.557870966690E-006   1.481554756688E+000  -1.481552186815E+000   0.000000000000E+000   0.000000000000E+000  -2.924378082098E-004  -2.924137825409E-004  -2.921769223383E-004  -2.924364717729E-001  -4.382653835065E-005   2.924795636879E-001   0.000000000000E+000   0.000000000000E+000
   1.041599134411E-001   1.041599134411E-001   1.918831444210E+000   7.950510210189E-003   2.533333333331E-002   2.072728939672E+000   2.072728271732E+000   2.072728312131E+000  -2.757331015840E+000   9.120004573378E-001  -3.669331189641E+000   0.000000000000E+000   0.000000000000E+000  -7.951138720482E-004  -7.951125693000E-004  -7.951158715250E-004  -7.951148791758E-001  -1.192673807287E-004   7.952350839325E-001   0.000000000000E+000   0.000000000000E+000
   1.041599134411E-001   1.041599134411E-001   4.746527875015E-001   5.077625057874E-003   2.566666666664E-002   1.030889169625E+000   1.030889274102E+000   1.030888825630E+000  -5.471177168025E+000   4.535910832772E-001  -5.924768600954E+000   0.000000000000E+000   0.000000000000E+000  -1.546104359188E-003  -1.546102821970E-003  -1.546101367012E-003  -1.546105904310E+000  -2.319152050518E-004   1.546339364892E+000   0.000000000000E+000   0.000000000000E+000
   1.041599134411E-001   1.041599134411E-001   9.692329120385E-002   3.108957257585E-003   2.599999999997E-002   4.658381336111E-001   4.658380869899E-001   4.658386544155E-001  -8.098740556177E+000   2.049690079428E-001  -8.303709775695E+000   0.000000000000E+000   0.000000000000E+000  -2.756601091862E-003  -2.756599657684E-003  -2.756587306750E-003  -2.756601505173E+000  -4.134880960125E-004   2.757015453508E+000   0.000000000000E+000   0.000000000000E+000
   1.041599134411E-001   1.041599134411E-001   1.227862610300E-002   2.070730533395E-003   2.633333333331E-002   1.657837879316E-001   1.657842426648E-001   1.657835455084E-001  -1.059858080026E+001   7.294476002368E-002  -1.067152573670E+001   0.000000000000E+000   0.000000000000E+000  -4.674023051924E-003  -4.674021154567E-003  -4.674016212969E-003  -4.674024754377E+000  -7.011024319454E-004   4.674727600746E+000   0.000000000000E+000   0.000000000000E+000
   1.041599134411E-001   1.041599134411E-001   1.888383917134E-003   1.611575092154E-003   2.666666666664E-002   6.490215851628E-002   6.490200140981E-002   6.490174006941E-002  -1.293127495061E+001   2.855676563054E-002  -1.295983066797E+001   0.000000000000E+000   0.000000000000E+000  -6.889053222553E-003  -6.889052126595E-003  -6.889051147453E-003  -6.889054298735E+000  -1.033357672118E-003   6.890088725680E+000   0.000000000000E+000   0.000000000000E+000
   1.041599134411E-001   1.041599134411E-001   6.334450505091E-004   1.347091137643E-003   2.699999999997E-002   3.733794170307E-002   3.733709255678E-002   3.733709834423E-002  -1.506003584204E+001   1.642832327146E-002  -1.507646395335E+001   0.000000000000E+000   0.000000000000E+000  -8.527754947230E-003  -8.527754074416E-003  -8.527752820600E-003  -8.527755800425E+000  -1.279162923090E-003   8.529035815802E+000   0.000000000000E+000   0.000000000000E+000
   1.041599134411E-001   1.041599134411E-001   3.341522595660E-004   1.138921166560E-003   2.733333333331E-002   2.677133613064E-002   2.677140129896E-002   2.677146303742E-002  -1.695129130065E+001   1.177944373647E-002  -1.696307069703E+001   0.000000000000E+000   0.000000000000E+000  -9.719921386109E-003  -9.719920134431E-003  -9.719926605813E-003  -9.719922603014E+000  -1.457988990872E-003   9.721381726338E+000   0.000000000000E+000   0.000000000000E+000
   1.041599134411E-001   1.041599134411E-001   2.105111165763E-004   9.562918431740E-004   2.766666666664E-002   2.081605121862E-002   2.081615608215E-002   2.081628148900E-002  -1.857521419114E+001   9.159163855158E-003  -1.858437340127E+001   0.000000000000E+000   0.000000000000E+000  -1.068652556656E-002  -1.068652607630E-002  -1.068652003471E-002  -1.068652597186E+001  -1.602978005206E-003   1.068812926825E+001   0.000000000000E+000   0.000000000000E+000
   1.041599134411E-001   1.041599134411E-001   1.336430216321E-004   7.911438535799E-004   2.799999999997E-002   1.598579334520E-002   1.598527361943E-002   1.598470632298E-002  -1.990619589822E+001   7.033270782113E-003  -1.991322921867E+001   0.000000000000E+000   0.000000000000E+000  -1.146001553848E-002  -1.146001473858E-002  -1.146001400497E-002  -1.146001633776E+001  -1.719002100746E-003   1.146173613864E+001   0.000000000000E+000   0.000000000000E+000
   1.041599134411E-001   1.041599134411E-001   8.815788581930E-005   6.440106373354E-004   2.833333333330E-002   1.220766729650E-002   1.220752343074E-002   1.220755534265E-002  -2.092324392077E+001   5.371324350764E-003  -2.092861532795E+001   0.000000000000E+000   0.000000000000E+000  -1.205374780979E-002  -1.205374724732E-002  -1.205374651021E-002  -1.205374837860E+001  -1.808061976531E-003   1.205555701306E+001   0.000000000000E+000   0.000000000000E+000
   1.041599134411E-001   1.041599134411E-001   6.119716591123E-005   5.144838928615E-004   2.866666666664E-002   9.241131955814E-003   9.240839425306E-003   9.240637918239E-003  -2.161031958805E+001   4.065880684025E-003  -2.161438502219E+001   0.000000000000E+000   0.000000000000E+000  -1.245472084100E-002  -1.245471977026E-002  -1.245471803125E-002  -1.245472176154E+001  -1.868207704687E-003   1.245659088320E+001   0.000000000000E+000   0.000000000000E+000
   1.041599134411E-001   1.041599134411E-001   4.497850006441E-005   4.014179401584E-004   2.899999999997E-002   6.882770102976E-003   6.882650291041E-003   6.882340300388E-003  -2.195658817123E+001   3.028229732171E-003  -2.195961664461E+001   0.000000000000E+000   0.000000000000E+000  -1.265925907336E-002  -1.265925847180E-002  -1.265925785067E-002  -1.265925966400E+001  -1.898888677600E-003   1.266115914197E+001   0.000000000000E+000   0.000000000000E+000
   1.041599134411E-001   1.041599134411E-001   3.476264961836E-005   3.039053207794E-004   2.933333333330E-002   4.946528491348E-003   4.946556585479E-003   4.946620715066E-003  -2.195658813781E+001   2.176513114629E-003  -2.195876438486E+001   0.000000000000E+000   0.000000000000E+000  -1.266217551579E-002  -1.266217527858E-002  -1.266217506172E-002  -1.266217575232E+001  -1.899326259259E-003   1.266407531339E+001   0.000000000000E+000   0.000000000000E+000
   1.041599134411E-001   1.041599134411E-001   2.812264340009E-005   2.213289397178E-004   2.966666666664E-002   3.354557431227E-003   3.354943242525E-003   3.354958133695E-003  -2.161031945645E+001   1.476181578826E-003  -2.161179544347E+001   0.000000000000E+000   0.000000000000E+000  -1.246446494285E-002  -1.246446480348E-002  -1.246446443513E-002  -1.246446508177E+001  -1.869669665270E-003   1.246633489348E+001   0.000000000000E+000   0.000000000000E+000
   1.041599134411E-001   1.041599134411E-001   2.347065879100E-005   1.529759363832E-004   2.999999999997E-002   2.015913493416E-003   2.015803147557E-003   2.015694789967E-003  -2.092324312757E+001   8.869057075853E-004  -2.092412978033E+001   0.000000000000E+000   0.000000000000E+000  -1.206977942872E-002  -1.206977929817E-002  -1.206977918491E-002  -1.206977956172E+001  -1.810466877736E-003   1.207159016247E+001   0.000000000000E+000   0.000000000000E+000
   1.041599134411E-001   1.041599134411E-001   2.003764570153E-005   9.795251751629E-005   3.033333333330E-002   9.798208991447E-004   9.796692228478E-004   9.796106459140E-004  -1.990619524318E+001   4.310286842021E-004  -1.990662626442E+001   0.000000000000E+000   0.000000000000E+000  -1.148520202642E-002  -1.148520201961E-002  -1.148520192069E-002  -1.148520203270E+001  -1.722780288103E-003   1.148692481937E+001   0.000000000000E+000   0.000000000000E+000
   1.041599134411E-001   1.041599134411E-001   1.707690582287E-005   5.527163362060E-005   3.066666666664E-002   2.909926128043E-005   2.913733838415E-005   2.916260154151E-005  -1.857521440559E+001   1.283154467827E-005  -1.857522719542E+001   0.000000000000E+000   0.000000000000E+000  -1.071791331622E-002  -1.071791334511E-002  -1.071791336435E-002  -1.071791328630E+001  -1.607687004653E-003   1.071952094354E+001   0.000000000000E+000   0.000000000000E+000
   1.041599134411E-001   1.041599134411E-001   1.448136101873E-005   2.389910114741E-005   3.099999999997E-002  -7.578366913033E-004  -7.578349801586E-004  -7.579503064307E-004  -1.695129128432E+001  -3.334981348295E-004  -1.695095776566E+001   0.000000000000E+000   0.000000000000E+000  -9.782124082713E-003  -9.782124210621E-003  -9.782124338351E-003  -9.782123954710E+000  -1.467318650753E-003   9.783591145408E+000   0.000000000000E+000   0.000000000000E+000
   1.041599134411E-001   1.041599134411E-001   1.488749023535E-005   5.209633205003E-005   3.133333333330E-002  -2.871193054923E-003  -2.871163781246E-003  -2.871140734384E-003  -1.506003630016E+001  -1.263301923129E-003  -1.505877299619E+001   0.000000000000E+000   0.000000000000E+000  -8.682216053379E-003  -8.682215855990E-003  -8.682197348675E-003  -8.682215693635E+000  -1.302329602301E-003   8.683517880865E+000   0.000000000000E+000   0.000000000000E+000
   1.041599134411E-001   1.041599134411E-001   3.209505902377E-005   5.680473592022E-005   3.166666666663E-002  -7.310624974526E-003  -7.310586407968E-003  -7.310577970118E-003  -1.293127555236E+001  -3.216654306852E-003  -1.292805887491E+001   0.000000000000E+000   0.000000000000E+000  -7.438334557396E-003  -7.438334452819E-003  -7.438332037356E-003  -7.438334495186E+000  -1.115749805603E-003   7.439450187449E+000   0.000000000000E+000   0.000000000000E+000
   1.041599134411E-001   1.041599134411E-001   3.623660774655E-005   4.779246466966E-005   3.199999999997E-002  -8.288075885828E-003  -8.288084175920E-003  -8.288086304567E-003  -1.059858082093E+001  -3.646757974009E-003  -1.059493407471E+001   0.000000000000E+000   0.000000000000E+000  -6.113655585105E-003  -6.113655563913E-003  -6.113655143906E-003  -6.113655577904E+000  -9.170482715858E-004   6.114572620643E+000   0.000000000000E+000   0.000000000000E+000
   1.041599134411E-001   1.041599134411E-001   3.329386858210E-005   5.378565210560E-005   3.233333333330E-002  -8.201220817380E-003  -8.201225130549E-003  -8.201241217165E-003  -8.098740128274E+000  -3.608546135553E-003  -8.095131580335E+000   0.000000000000E+000   0.000000000000E+000  -4.677979858357E-003  -4.677979890191E-003  -4.677980061165E-003  -4.677979849025E+000  -7.016970091748E-004   4.678681538224E+000   0.000000000000E+000   0.000000000000E+000
   1.041599134411E-001   1.041599134411E-001   2.847545422139E-005   6.117224161490E-005   3.266666666663E-002  -7.773277294840E-003  -7.773301355366E-003  -7.773272429610E-003  -5.471177530397E+000  -3.420239869028E-003  -5.467757271682E+000   0.000000000000E+000   0.000000000000E+000  -3.163959967896E-003  -3.163960005947E-003  -3.163959704098E-003  -3.163959972025E+000  -4.745939556146E-004   3.164434562702E+000   0.000000000000E+000   0.000000000000E+000
   1.041599134411E-001   1.041599134411E-001   2.281454846837E-005   6.535171197431E-005   3.299999999997E-002  -7.087260469214E-003  -7.087261478772E-003  -7.087274507802E-003  -2.757331180567E+000  -3.118400783433E-003  -2.754212775938E+000   0.000000000000E+000   0.000000000000E+000  -1.599566203694E-003  -1.599566289341E-003  -1.599566383568E-003  -1.599566213030E+000  -2.399349575353E-004   1.599806151163E+000   0.000000000000E+000   0.000000000000E+000
   1.060028502907E-001   1.060028502907E-001   1.699177223329E-005   6.519330686558E-005   3.333333333330E-002  -6.167995560327E-003  -6.167988417519E-003  -6.167982444355E-003  -1.790632815874E-008  -2.713912275516E-003   2.713895721986E-003   0.000000000000E+000   0.000000000000E+000  -9.921960566387E-006  -9.921945796697E-006  -9.921880380711E-006  -9.921962467736E-003  -1.488282057107E-006   9.923453903792E-003   0.000000000000E+000   0.000000000000E+000
