1 1 3   1.00898203593E-002  9.61145225908E-017  3.86584143061E-016 -1.30038333070E-006 -1.33807048320E-001 -5.02565522818E-007
1 1 4   1.01197604790E-002  1.09965205344E-016  4.22130727725E-016 -1.99421039147E-006 -1.33809612270E-001 -5.02138364136E-007
1 1 5   1.01497005988E-002  1.24297002812E-016  4.59118962466E-016 -2.67261089076E-006 -1.33812099493E-001 -5.01670567178E-007
1 1 6   1.01796407186E-002  1.39116691257E-016  4.97326924651E-016 -3.33558482859E-006 -1.33814509988E-001 -5.01162131944E-007
1 1 7   1.02095808383E-002  1.54525914633E-016  5.36717344830E-016 -3.98313220494E-006 -1.33816843756E-001 -5.00613058435E-007
1 1 8   1.02395209581E-002  1.70558554259E-016  5.77391866957E-016 -4.61525301983E-006 -1.33819100798E-001 -5.00023346650E-007
1 1 9   1.02694610778E-002  1.87011322227E-016  6.19445358722E-016 -5.23194727324E-006 -1.33821281111E-001 -4.99392996589E-007
1 1 10   1.02994011976E-002  2.04087506443E-016  6.62576276397E-016 -5.83321496519E-006 -1.33823384698E-001 -4.98722008252E-007
1 1 11   1.03293413174E-002  2.21665134165E-016  7.07126821290E-016 -6.41905609566E-006 -1.33825411558E-001 -4.98010381641E-007
1 1 12   1.03592814371E-002  2.39710324073E-016  7.52809002202E-016 -6.98947066467E-006 -1.33827361691E-001 -4.97258116753E-007
1 1 13   1.03892215569E-002  2.58446692866E-016  7.99843047697E-016 -7.54445867221E-006 -1.33829235096E-001 -4.96465213590E-007
1 1 14   1.04191616766E-002  2.77576084947E-016  8.48110373163E-016 -8.08402011827E-006 -1.33831031774E-001 -4.95631672151E-007
1 1 15   1.04491017964E-002  2.97301788223E-016  8.97749892004E-016 -8.60815500287E-006 -1.33832751725E-001 -4.94757492436E-007
1 1 16   1.04790419162E-002  3.17542487530E-016  9.48487165545E-016 -9.11686332600E-006 -1.33834394949E-001 -4.93842674446E-007
1 1 17   1.05089820359E-002  3.38406603087E-016  1.00057969180E-015 -9.61014508766E-006 -1.33835961446E-001 -4.92887218180E-007
1 1 18   1.05389221557E-002  3.59792490939E-016  1.05391566242E-015 -1.00880002878E-005 -1.33837451216E-001 -4.91891123639E-007
1 1 19   1.05688622754E-002  3.81557849552E-016  1.10850524181E-015 -1.05504289266E-005 -1.33838864258E-001 -4.90854390822E-007
1 1 20   1.05988023952E-002  4.04014387050E-016  1.16438231127E-015 -1.09974310038E-005 -1.33840200573E-001 -4.89777019729E-007
1 1 21   1.06287425150E-002  4.27013025633E-016  1.22142489807E-015 -1.14290065196E-005 -1.33841460162E-001 -4.88659010361E-007
1 1 22   1.06586826347E-002  4.50431792559E-016  1.27986000704E-015 -1.18451554739E-005 -1.33842643023E-001 -4.87500362717E-007
1 1 23   1.06886227545E-002  4.74487528261E-016  1.33945724521E-015 -1.22458778667E-005 -1.33843749157E-001 -4.86301076797E-007
1 1 24   1.07185628742E-002  4.99017602414E-016  1.40048427499E-015 -1.26311736981E-005 -1.33844778563E-001 -4.85061152602E-007
1 1 25   1.07485029940E-002  5.24211750397E-016  1.46257517816E-015 -1.30010429680E-005 -1.33845731243E-001 -4.83780590131E-007
1 1 26   1.07784431138E-002  5.49758264086E-016  1.52602811030E-015 -1.33554856764E-005 -1.33846607195E-001 -4.82459389384E-007
1 1 27   1.08083832335E-002  5.76023061714E-016  1.59070754615E-015 -1.36945018234E-005 -1.33847406421E-001 -4.81097550362E-007
1 1 28   1.08383233533E-002  6.02653777576E-016  1.65668802461E-015 -1.40180914089E-005 -1.33848128919E-001 -4.79695073064E-007
1 1 29   1.08682634731E-002  6.29948567268E-016  1.72388145425E-015 -1.43262544329E-005 -1.33848774690E-001 -4.78251957491E-007
1 1 30   1.08982035928E-002  6.57799010574E-016  1.79245046540E-015 -1.46189908955E-005 -1.33849343734E-001 -4.76768203641E-007
1 1 31   1.09281437126E-002  6.86123792330E-016  1.86221887520E-015 -1.48963007966E-005 -1.33849836050E-001 -4.75243811517E-007
1 1 32   1.09580838323E-002  7.14895807483E-016  1.93317990739E-015 -1.51581841362E-005 -1.33850251640E-001 -4.73678781116E-007
1 1 33   1.09880239521E-002  7.44291238884E-016  2.00551652108E-015 -1.54046409143E-005 -1.33850590502E-001 -4.72073112440E-007
1 1 34   1.10179640719E-002  7.74282981481E-016  2.07906608596E-015 -1.56356711310E-005 -1.33850852638E-001 -4.70426805489E-007
1 1 35   1.10479041916E-002  8.04762615055E-016  2.15390314091E-015 -1.58512747862E-005 -1.33851038046E-001 -4.68739860261E-007
1 1 36   1.10778443112E-002  7.00442714897E-015  6.12777515362E-017 -1.51869202504E-005 -1.33850750800E-001 -4.68585466714E-007
1 1 37   1.11077844310E-002  6.86599824847E-015 -7.52978408791E-017 -1.42541966356E-005 -1.33850276539E-001 -4.68908652029E-007
1 1 38   1.11377245507E-002  6.72854512992E-015 -2.01485421229E-016 -1.33279167833E-005 -1.33849741871E-001 -4.69217218857E-007
1 1 39   1.11676646705E-002  6.59174592080E-015 -3.17603473902E-016 -1.24080806936E-005 -1.33849146796E-001 -4.69511167197E-007
1 1 40   1.11976047903E-002  6.45575986332E-015 -4.23516473627E-016 -1.14946883665E-005 -1.33848491315E-001 -4.69790497050E-007
1 1 41   1.12275449100E-002  6.32072248274E-015 -5.19183762822E-016 -1.05877398019E-005 -1.33847775427E-001 -4.70055208415E-007
1 1 42   1.12574850298E-002  6.18609167797E-015 -6.04876392030E-016 -9.68723499993E-006 -1.33846999133E-001 -4.70305301293E-007
1 1 43   1.12874251495E-002  6.05251119406E-015 -6.80296205653E-016 -8.79317396051E-006 -1.33846162433E-001 -4.70540775682E-007
1 1 44   1.13173652693E-002  5.91963544155E-015 -7.45348336002E-016 -7.90555668367E-006 -1.33845265326E-001 -4.70761631585E-007
1 1 45   1.13473053891E-002  5.78703751586E-015 -8.00547779109E-016 -7.02438316940E-006 -1.33844307812E-001 -4.70967868999E-007
1 1 46   1.13772455088E-002  5.65583550046E-015 -8.45271118724E-016 -6.14965341770E-006 -1.33843289892E-001 -4.71159487926E-007
1 1 47   1.14071856286E-002  5.52537887406E-015 -8.79843615499E-016 -5.28136742856E-006 -1.33842211565E-001 -4.71336488366E-007
1 1 48   1.14371257483E-002  5.39561342654E-015 -9.04319479543E-016 -4.41952520200E-006 -1.33841072832E-001 -4.71498870318E-007
1 1 49   1.14670658681E-002  5.26670856449E-015 -9.18698710856E-016 -3.56412673802E-006 -1.33839873692E-001 -4.71646633782E-007
1 1 50   1.14970059879E-002  5.13844067122E-015 -9.22832231638E-016 -2.71517203660E-006 -1.33838614146E-001 -4.71779778759E-007
1 1 51   1.15269461076E-002  5.01091816695E-015 -9.16543859038E-016 -1.87266109775E-006 -1.33837294194E-001 -4.71898305248E-007
1 1 52   1.15568862274E-002  4.88432739892E-015 -9.00226616342E-016 -1.03659392147E-006 -1.33835913834E-001 -4.72002213249E-007
1 1 53   1.15868263472E-002  4.75855994691E-015 -8.74060074535E-016 -2.06970507767E-007 -1.33834473069E-001 -4.72091502763E-007
1 1 54   1.16167664672E-002 -3.12330185586E-015 -8.43251792178E-016  6.17147658700E-007 -1.33832056873E-001 -4.72102208390E-007
1 1 55   1.16467065869E-002 -3.00595052322E-015 -8.42736796146E-016  1.44593688744E-006 -1.33824239580E-001 -4.71757355716E-007
1 1 56   1.16766467067E-002 -2.88881603101E-015 -8.42221800114E-016  2.27811531156E-006 -1.33816364657E-001 -4.71454620571E-007
1 1 57   1.17065868264E-002 -2.77147147463E-015 -8.41639041446E-016  3.11368293107E-006 -1.33808432102E-001 -4.71194002955E-007
1 1 58   1.17365269462E-002 -2.65443862637E-015 -8.41140986073E-016  3.95263974598E-006 -1.33800441915E-001 -4.70975502867E-007
1 1 59   1.17664670660E-002 -2.53712456317E-015 -8.40524346088E-016  4.79498575627E-006 -1.33792394098E-001 -4.70799120309E-007
1 1 60   1.17964071857E-002 -2.41996296591E-015 -8.40080500823E-016  5.64072096194E-006 -1.33784288650E-001 -4.70664855281E-007
1 1 61   1.18263473055E-002 -2.30330535325E-015 -8.39508541826E-016  6.48984536301E-006 -1.33776125570E-001 -4.70572707781E-007
1 1 62   1.18562874252E-002 -1.79354144383E-016  6.42308472035E-016  6.92570394373E-006 -1.33768030365E-001 -4.70286243995E-007
1 1 63   1.18862275449E-002 -1.92811803849E-016  5.93424506583E-016  7.25552765469E-006 -1.33759943502E-001 -4.70033720173E-007
1 1 64   1.19161676647E-002 -2.06228805734E-016  5.45963556482E-016  7.57420520959E-006 -1.33751839818E-001 -4.69874564362E-007
1 1 65   1.19461077845E-002 -2.19686465200E-016  4.98868524615E-016  7.88173660842E-006 -1.33743719312E-001 -4.69808776563E-007
1 1 66   1.19760479042E-002 -2.32859521596E-016  4.53020325246E-016  8.17812185120E-006 -1.33735581984E-001 -4.69836356774E-007
1 1 67   1.20059880240E-002 -2.46330733589E-016  4.08093697724E-016  8.46336093792E-006 -1.33727427834E-001 -4.69957304996E-007
1 1 68   1.20359281437E-002 -2.59829050636E-016  3.63505883380E-016  8.73745386858E-006 -1.33719256863E-001 -4.70171621229E-007
1 1 69   1.20658682635E-002 -2.72920791869E-016  3.20476609660E-016  9.00040064318E-006 -1.33711069070E-001 -4.70479305473E-007
1 1 70   1.20958083833E-002 -2.86283583645E-016  2.78043647134E-016  9.25220126172E-006 -1.33702864455E-001 -4.70880357728E-007
1 1 71   1.21257485030E-002 -2.99754795638E-016  2.36545808982E-016  9.49285572421E-006 -1.33694643019E-001 -4.71374777995E-007
1 1 72   1.21556886228E-002 -3.12805879289E-016  1.96064410367E-016  9.72236403063E-006 -1.33686404761E-001 -4.71962566272E-007
1 1 73   1.21856287425E-002 -3.25965383158E-016  1.56531688653E-016  9.94072618099E-006 -1.33678149681E-001 -4.72643722560E-007
1 1 74   1.22155688623E-002 -3.39246859771E-016  1.17568173079E-016  1.01479421753E-005 -1.33669877779E-001 -4.73418246860E-007
1 1 75   1.22455089821E-002 -3.52528336384E-016  7.94991242975E-017  1.03440120135E-005 -1.33661589056E-001 -4.74286139170E-007
1 1 76   1.22754491018E-002 -3.65552314981E-016  4.27175655959E-017  1.05289356957E-005 -1.33653283511E-001 -4.75247399491E-007
1 1 77   1.23053892216E-002 -3.78738923903E-016  6.84402621381E-018  1.07027132219E-005 -1.33644961144E-001 -4.76302027824E-007
1 1 78   1.23353293413E-002 -3.91803560082E-016 -2.84806358185E-017  1.08653445919E-005 -1.33636621955E-001 -4.77450024167E-007
1 1 79   1.23652694611E-002 -4.04949511423E-016 -6.28295158955E-017  1.10168298059E-005 -1.33628265945E-001 -4.78691388522E-007
1 1 80   1.23952095809E-002 -4.17973490020E-016 -9.61348513816E-017  1.11571688639E-005 -1.33619893113E-001 -4.80026120887E-007
1 1 81   1.24251497006E-002 -4.31085560044E-016 -1.28450852385E-016  1.12863617658E-005 -1.33611503459E-001 -4.81454221264E-007
1 1 82   1.24550898204E-002 -4.44156972486E-016 -1.60217976039E-016  1.14044085116E-005 -1.33603096984E-001 -4.82975689651E-007
1 1 83   1.24850299401E-002 -4.57042037679E-016 -1.90457052256E-016  1.15113091014E-005 -1.33594673687E-001 -4.84590526050E-007
1 1 84   1.25149700599E-002 -4.70035523090E-016 -2.20316657713E-016  1.16070635351E-005 -1.33586233568E-001 -4.86298730459E-007
1 1 85   1.25449101797E-002 -4.78693046844E-016 -2.39504495067E-016  1.14878167812E-005 -1.33577793298E-001 -4.86852429188E-007
1 1 86   1.25748502994E-002 -4.78356774764E-016 -2.39673054623E-016  1.09856442914E-005 -1.33569363421E-001 -4.85116122040E-007
1 1 87   1.26047904192E-002 -4.77164152374E-016 -2.39896671321E-016  1.04881164599E-005 -1.33560910703E-001 -4.83410210095E-007
1 1 88   1.26347305390E-002 -4.74863610890E-016 -2.40482818121E-016  9.99523328684E-006 -1.33552435143E-001 -4.81734693353E-007
1 1 89   1.26646706587E-002 -4.71461926574E-016 -2.40489594384E-016  9.50699477211E-006 -1.33543936740E-001 -4.80089571813E-007
1 1 90   1.26946107785E-002 -4.67186104256E-016 -2.40801302509E-016  9.02340091573E-006 -1.33535415496E-001 -4.78474845477E-007
1 1 91   1.27245508982E-002 -4.61870125479E-016 -2.40882617672E-016  8.54445171771E-006 -1.33526871410E-001 -4.76890514343E-007
1 1 92   1.27544910180E-002 -4.55351359917E-016 -2.41424718758E-016  8.07014717804E-006 -1.33518304483E-001 -4.75336578412E-007
1 1 93   1.27844311378E-002 -4.48087205361E-016 -2.41587349084E-016  7.60048729673E-006 -1.33509714713E-001 -4.73813037683E-007
1 1 94   1.28143712575E-002 -4.39786282478E-016 -2.41912609736E-016  7.13547207377E-006 -1.33501102101E-001 -4.72319892158E-007
1 1 95   1.28443113773E-002 -4.30401157422E-016 -2.42414053241E-016  6.67510150917E-006 -1.33492466647E-001 -4.70857141835E-007
1 1 96   1.28742514971E-002 -4.20080907993E-016 -2.42576683566E-016  6.21937560292E-006 -1.33483808352E-001 -4.69424786716E-007
1 1 97   1.29041916168E-002 -4.08595141228E-016 -2.42779971474E-016  5.76829435502E-006 -1.33475127215E-001 -4.68022826799E-007
1 1 98   1.29341317366E-002 -3.96357209206E-016 -2.43132337180E-016  5.32185776548E-006 -1.33466423235E-001 -4.66651262085E-007
1 1 99   1.29640718564E-002 -3.82872444686E-016 -2.43430492777E-016  4.88006583429E-006 -1.33457696414E-001 -4.65310092573E-007
1 1 100   1.29940119761E-002 -3.68371240629E-016 -2.43864173646E-016  4.44291856146E-006 -1.33448946751E-001 -4.63999318265E-007
1 1 101   1.30239520959E-002 -3.53097542524E-016 -2.43945488809E-016  4.01041594698E-006 -1.33440174246E-001 -4.62718939159E-007
1 1 102   1.30538922156E-002 -3.36712537193E-016 -2.44243644407E-016  3.58255799086E-006 -1.33431378899E-001 -4.61468955256E-007
1 1 103   1.30838323354E-002 -3.19270434743E-016 -2.44568905058E-016  3.15934469309E-006 -1.33422560710E-001 -4.60249366556E-007
1 1 104   1.31137724552E-002 -3.01001628136E-016 -2.44758640439E-016  2.74077605367E-006 -1.33413719679E-001 -4.59060173059E-007
1 1 105   1.31437125749E-002 -2.81445331450E-016 -2.45138111199E-016  2.32685207261E-006 -1.33404855807E-001 -4.57901374764E-007
1 1 106   1.31736526947E-002 -2.79669950393E-016  1.98033592563E-015  1.90771020083E-006 -1.33392306566E-001 -4.57312536114E-007
1 1 107   1.32035928145E-002 -2.88343567773E-016  1.89570716980E-015  1.48306385277E-006 -1.33377643758E-001 -4.57062241769E-007
1 1 108   1.32335329342E-002 -2.96908764935E-016  1.81282668998E-015  1.05756481698E-006 -1.33362968697E-001 -4.56840957138E-007
1 1 109   1.32634730540E-002 -3.05230016609E-016  1.73169448616E-015  6.31213093470E-007 -1.33348281383E-001 -4.56648682221E-007
1 1 110   1.32934131737E-002 -3.13253112685E-016  1.65215470428E-015  2.04008682233E-007 -1.33333581817E-001 -4.56485417017E-007
1 1 111   1.33233532935E-002 -3.21221998653E-016  1.57408537160E-015 -2.24048416730E-007 -1.33318869997E-001 -4.56351161528E-007
1 1 112   1.33532934133E-002 -3.28730098698E-016  1.49763895404E-015 -6.52958203417E-007 -1.33304145926E-001 -4.56245915752E-007
1 1 113   1.33832335330E-002 -3.35940043145E-016  1.42336771709E-015 -1.08272067783E-006 -1.33289409601E-001 -4.56169679689E-007
1 1 114   1.34131736528E-002 -3.43041567374E-016  1.35032976012E-015 -1.51333583997E-006 -1.33274661024E-001 -4.56122453341E-007
1 1 115   1.34431137725E-002 -3.49804278425E-016  1.27898586904E-015 -1.94480368983E-006 -1.33259900194E-001 -4.56104236706E-007
1 1 116   1.34730538923E-002 -3.56092651026E-016  1.20955627242E-015 -2.37712422742E-006 -1.33245127111E-001 -4.56115029786E-007
1 1 117   1.35029940120E-002 -3.62597864061E-016  1.14150564543E-015 -2.81029745273E-006 -1.33230341775E-001 -4.56154832578E-007
1 1 118   1.35329341318E-002 -3.68452555792E-016  1.07519651819E-015 -3.24432336576E-006 -1.33215544187E-001 -4.56223645085E-007
1 1 119   1.35628742516E-002 -3.74253037415E-016  1.01062719662E-015 -3.67920196653E-006 -1.33200734346E-001 -4.56321467305E-007
1 1 120   1.35928143713E-002 -3.79728258386E-016  9.47570675896E-016 -4.11493325501E-006 -1.33185912253E-001 -4.56448299240E-007
1 1 121   1.36227544911E-002 -3.84918876287E-016  8.86199750735E-016 -4.55151723122E-006 -1.33171077906E-001 -4.56604140888E-007
1 1 122   1.36526946108E-002 -3.89879101226E-016  8.26680439598E-016 -4.98895389516E-006 -1.33156231307E-001 -4.56788992249E-007
1 1 123   1.36826347306E-002 -3.94385316505E-016  7.68563815021E-016 -5.42724324682E-006 -1.33141372456E-001 -4.57002853325E-007
1 1 124   1.37125748504E-002 -3.98993175738E-016  7.12263229083E-016 -5.86638528621E-006 -1.33126501351E-001 -4.57245724114E-007
1 1 125   1.37425149701E-002 -4.03065710149E-016  6.57564382448E-016 -6.30638001332E-006 -1.33111617994E-001 -4.57517604617E-007
1 1 126   1.37724550899E-002 -4.07012883683E-016  6.04602800388E-016 -6.74722742816E-006 -1.33096722384E-001 -4.57818494834E-007
1 1 127   1.38023952096E-002 -4.10665289751E-016  5.53325966860E-016 -7.18892753072E-006 -1.33081814521E-001 -4.58148394765E-007
1 1 128   1.38323353294E-002 -4.14043257145E-016  5.03603862307E-016 -7.63148032100E-006 -1.33066894406E-001 -4.58507304409E-007
1 1 129   1.38622754491E-002 -4.17292475531E-016  4.55448345189E-016 -8.07488579902E-006 -1.33051962038E-001 -4.58895223767E-007
1 1 130   1.38922155689E-002 -4.20069049532E-016  4.09166253193E-016 -8.51914396475E-006 -1.33037017417E-001 -4.59312152839E-007
1 1 131   1.39221556887E-002 -4.22794801556E-016  3.64447148743E-016 -8.96425481821E-006 -1.33022060544E-001 -4.59758091625E-007
1 1 132   1.39520958084E-002 -4.25225786115E-016  3.21408345902E-016 -9.41021835940E-006 -1.33007091418E-001 -4.60233040124E-007
1 1 133   1.39820359282E-002  1.15177507289E-015  2.40174498128E-016 -9.84505834274E-006 -1.32992074317E-001 -4.60602787114E-007
1 1 134   1.40119760480E-002  1.20186521325E-015  1.53211319499E-016 -1.01729761967E-005 -1.32976731051E-001 -4.59791979755E-007
1 1 135   1.40419161677E-002  1.25209087889E-015  6.10033128613E-017 -1.04948504648E-005 -1.32961368644E-001 -4.58929653220E-007
1 1 136   1.40718562875E-002  1.30269601530E-015 -3.67747824380E-017 -1.08106811471E-005 -1.32945987095E-001 -4.58015807507E-007
1 1 137   1.41017964073E-002  1.35319273148E-015 -1.39943395414E-016 -1.11204682435E-005 -1.32930586405E-001 -4.57050442619E-007
1 1 138   1.41317365270E-002  1.40404181337E-015 -2.48621110678E-016 -1.14242117540E-005 -1.32915166575E-001 -4.56033558553E-007
1 1 139   1.41616766467E-002 -3.69831525430E-016  8.05939143818E-017 -1.07545173753E-005 -1.32900187883E-001 -4.55024980036E-007
1 1 140   1.41916167665E-002 -3.84559734317E-016  7.29740059883E-017 -1.00928651696E-005 -1.32885171908E-001 -4.54036669674E-007
1 1 141   1.42215568862E-002 -3.88449309611E-016  6.50453540856E-017 -9.44301011065E-006 -1.32870116842E-001 -4.53068534719E-007
1 1 142   1.42514970060E-002 -3.81720479878E-016  5.67554426308E-017 -8.80495219838E-006 -1.32855022684E-001 -4.52120575170E-007
1 1 143   1.42814371258E-002 -3.64088642048E-016  4.81504349196E-017 -8.17869143280E-006 -1.32839889434E-001 -4.51192791029E-007
1 1 144   1.43113772455E-002 -3.35885833036E-016  3.91701916128E-017 -7.56422781393E-006 -1.32824717093E-001 -4.50285182295E-007
1 1 145   1.43413173653E-002 -2.96868107354E-016  2.99205918288E-017 -6.96156134175E-006 -1.32809505660E-001 -4.49397748968E-007
1 1 146   1.43712574850E-002 -2.47143885218E-016  2.03067678775E-017 -6.37069201627E-006 -1.32794255136E-001 -4.48530491048E-007
1 1 147   1.44011976048E-002 -1.86672509048E-016  1.03676832744E-017 -5.79161983749E-006 -1.32778965520E-001 -4.47683408535E-007
1 1 148   1.44311377246E-002 -1.15453978843E-016  1.81265050712E-019 -5.22434480541E-006 -1.32763636813E-001 -4.46856501429E-007
1 1 149   1.44610778443E-002 -3.34476370212E-017 -1.04964322824E-017 -4.66886692002E-006 -1.32748269014E-001 -4.46049769730E-007
1 1 150   1.44910179641E-002  5.91838860906E-017 -2.14739792788E-017 -4.12518618134E-006 -1.32732862124E-001 -4.45263213438E-007
1 1 151   1.45209580838E-002  1.62698088509E-016 -3.26903895663E-017 -3.59330258935E-006 -1.32717416142E-001 -4.44496832553E-007
1 1 152   1.45508982036E-002  2.76796814636E-016 -4.42202020444E-017 -3.07321614406E-006 -1.32701931068E-001 -4.43750627075E-007
1 1 153   1.45808383234E-002  4.01805325123E-016 -5.62362114341E-017 -2.56492684548E-006 -1.32686406903E-001 -4.43024597004E-007
1 1 154   1.46107784431E-002  5.37384806792E-016 -6.83809698318E-017 -2.06843469358E-006 -1.32670843646E-001 -4.42318742340E-007
1 1 155   1.46407185629E-002  6.84029926885E-016 -8.10182778884E-017 -1.58373968839E-006 -1.32655241298E-001 -4.41633063083E-007
1 1 156   1.46706586826E-002  8.41174867391E-016 -9.39556473665E-017 -1.11084182990E-006 -1.32639599858E-001 -4.40967559233E-007
1 1 157   1.47005988024E-002  3.49613939534E-015 -1.04952040846E-016 -6.70242216096E-007 -1.32623467563E-001 -4.40527161394E-007
1 1 158   1.47305389222E-002  3.59734352715E-015 -9.93908460308E-017 -3.70711921981E-007 -1.32604378976E-001 -4.41428745631E-007
1 1 159   1.47604790419E-002  3.70022266662E-015 -9.12796585279E-017 -7.57719276335E-008 -1.32585289119E-001 -4.42330689856E-007
1 1 160   1.47904191617E-002  3.80441544831E-015 -8.06578653693E-017  2.14577766947E-007 -1.32566197995E-001 -4.43232994070E-007
1 1 161   1.48203592814E-002  3.91099283950E-015 -6.75525716094E-017  5.00337161760E-007 -1.32547105601E-001 -4.44135658273E-007
1 1 162   1.48502994012E-002  4.01890923096E-015 -5.17909825269E-017  7.81506256806E-007 -1.32528011939E-001 -4.45038682465E-007
1 1 163   1.48802395210E-002  4.12915919820E-015 -3.37932264637E-017  1.05808505208E-006 -1.32508917009E-001 -4.45942066646E-007
1 1 164   1.49101796407E-002  4.24108994350E-015 -1.30646361785E-017  1.33007354760E-006 -1.32489820809E-001 -4.46845810815E-007
1 1 165   1.49401197605E-002  4.35434084258E-015  1.03066969022E-017  1.59747174334E-006 -1.32470723342E-001 -4.47749914973E-007
1 1 166   1.49700598802E-002  4.46936595806E-015  3.60971560802E-017  1.86027963932E-006 -1.32451624605E-001 -4.48654379120E-007
1 1 167   1.50000000000E-002  4.58680262927E-015  6.43067413555E-017  2.11849723552E-006 -1.32432524600E-001 -4.49559203255E-007
1 1 168   1.50299401198E-002  4.70501113279E-015  9.52200557985E-017  2.37212453197E-006 -1.32413423327E-001 -4.50464387380E-007
1 1 169   1.50598802396E-002  8.42333158477E-016  1.11747690891E-015  2.60063071496E-006 -1.32394314968E-001 -4.51174069701E-007
1 1 170   1.50898203594E-002  8.13073278817E-016  1.06063771589E-015  2.59828407874E-006 -1.32375134086E-001 -4.49694648114E-007
1 1 171   1.51197604791E-002  7.84346579927E-016  1.00644454793E-015  2.59557816800E-006 -1.32355939912E-001 -4.48198776052E-007
1 1 172   1.51497005989E-002  7.56690954199E-016  9.55033036161E-016  2.59251298273E-006 -1.32336732449E-001 -4.46686453517E-007
1 1 173   1.51796407187E-002  7.29403787803E-016  9.05932230275E-016  2.58908852293E-006 -1.32317511696E-001 -4.45157680507E-007
1 1 174   1.52095808384E-002  7.02971277651E-016  8.59653738168E-016  2.58530478861E-006 -1.32298277652E-001 -4.43612457024E-007
1 1 175   1.52395209582E-002  6.77375636051E-016  8.16116244680E-016  2.58116177977E-006 -1.32279030318E-001 -4.42050783066E-007
1 1 176   1.52694610779E-002  6.52150994882E-016  7.74872516412E-016  2.57665949640E-006 -1.32259769694E-001 -4.40472658634E-007
1 1 177   1.52994011977E-002  6.27944487315E-016  7.36735704995E-016  2.57179793851E-006 -1.32240495780E-001 -4.38878083728E-007
1 1 178   1.53293413174E-002  6.04510473796E-016  7.01072229783E-016  2.56657710609E-006 -1.32221208575E-001 -4.37267058348E-007
1 1 179   1.53592814372E-002  5.81601620705E-016  6.67997287259E-016  2.56099699914E-006 -1.32201908080E-001 -4.35639582494E-007
1 1 180   1.53892215569E-002  5.59553353088E-016  6.37585416321E-016  2.55505761768E-006 -1.32182594296E-001 -4.33995656166E-007
1 1 181   1.54191616767E-002  5.38099702600E-016  6.09728196752E-016  2.54875896168E-006 -1.32163267220E-001 -4.32335279364E-007
1 1 182   1.54491017965E-002  5.17320290338E-016  5.84554377559E-016  2.54210103116E-006 -1.32143926855E-001 -4.30658452088E-007
1 1 183   1.54790419162E-002  4.97452285527E-016  5.62321456760E-016  2.53508382612E-006 -1.32124573200E-001 -4.28965174338E-007
1 1 184   1.55089820360E-002  4.78187368175E-016  5.42385689313E-016  2.52770734655E-006 -1.32105206254E-001 -4.27255446114E-007
1 1 185   1.55389221557E-002  4.59728826188E-016  5.25417925314E-016  2.51997159246E-006 -1.32085826018E-001 -4.25529267415E-007
1 1 186   1.55688622755E-002  4.41829325947E-016  5.10760867194E-016  2.51187656384E-006 -1.32066432492E-001 -4.23786638243E-007
1 1 187   1.55988023952E-002  4.24732812939E-016  4.98936287251E-016  2.50342226070E-006 -1.32047025675E-001 -4.22027558596E-007
1 1 188   1.56287425150E-002  4.08434204968E-016  4.89747673839E-016  2.49460868303E-006 -1.32027605569E-001 -4.20252028476E-007
1 1 189   1.56586826348E-002  3.92730214126E-016  4.83154369377E-016  2.48543583084E-006 -1.32008172172E-001 -4.18460047881E-007
1 1 190   1.56886227545E-002  3.77764836014E-016  4.79163150130E-016  2.47590370412E-006 -1.31988725485E-001 -4.16651616812E-007
1 1 191   1.57185628743E-002  3.63495718985E-016  4.78048454771E-016  2.46601230288E-006 -1.31969265508E-001 -4.14826735270E-007
1 1 192   1.57485029940E-002  3.50048223914E-016  4.79420648146E-016  2.45576162711E-006 -1.31949792241E-001 -4.12985403253E-007
1 1 193   1.57784431138E-002  3.37222451027E-016  4.83316999703E-016  2.44515167682E-006 -1.31930305683E-001 -4.11127620762E-007
1 1 194   1.58083832335E-002  3.25212370868E-016  4.90086487018E-016  2.43418245200E-006 -1.31910805835E-001 -4.09253387797E-007
1 1 195   1.58383233533E-002  3.13807072233E-016  4.99242913178E-016  2.42285395266E-006 -1.31891292697E-001 -4.07362704358E-007
1 1 196   1.58682634731E-002  3.03203066766E-016  5.11383436411E-016  2.41116617879E-006 -1.31871766269E-001 -4.05455570445E-007
1 1 197   1.58982035928E-002  2.93199607659E-016  5.25848959205E-016  2.39911913040E-006 -1.31852226551E-001 -4.03531986058E-007
1 1 198   1.59281437126E-002 -1.37017065987E-015  1.78844569362E-015  2.17654338180E-006 -1.31832765496E-001 -4.01864925514E-007
1 1 199   1.59580838323E-002 -1.35908977486E-015  1.85588306875E-015  1.93560781060E-006 -1.31813293280E-001 -4.00221077483E-007
1 1 200   1.59880239521E-002 -1.34775139183E-015  1.92454017132E-015  1.70063983311E-006 -1.31793798950E-001 -3.98569724412E-007
1 1 201   1.60179640719E-002 -1.33650957055E-015  1.99490489232E-015  1.47163944933E-006 -1.31774282505E-001 -3.96910866298E-007
1 1 202   1.60479041916E-002 -1.32434448336E-015  2.06676039130E-015  1.24860665926E-006 -1.31754743946E-001 -3.95244503143E-007
1 1 203   1.60778443114E-002 -1.31263848803E-015  2.13991693289E-015  1.03154146289E-006 -1.31735183272E-001 -3.93570634946E-007
1 1 204   1.61077844311E-002 -1.30039547381E-015  2.21440162214E-015  8.20443860237E-007 -1.31715600484E-001 -3.91889261708E-007
1 1 205   1.61377245509E-002 -1.28712585566E-015  2.29029577421E-015  6.15313851289E-007 -1.31695995581E-001 -3.90200383428E-007
1 1 206   1.61676646707E-002 -1.27369445421E-015  2.36713860319E-015  4.16151436049E-007 -1.31676368563E-001 -3.88504000106E-007
1 1 207   1.61976047904E-002 -1.26104062902E-015  2.44609562640E-015  2.22956614518E-007 -1.31656719431E-001 -3.86800111743E-007
1 1 208   1.62275449102E-002 -1.24703663330E-015  2.52589290629E-015  3.57293866948E-008 -1.31637048184E-001 -3.85088718338E-007
1 1 209   1.62574850299E-002 -1.26095084352E-015  2.49557929118E-015 -1.05910989734E-007 -1.31616700080E-001 -3.84948857178E-007
1 1 210   1.62874251497E-002 -1.29278403575E-015  2.38680670822E-015 -2.14539183627E-007 -1.31595885979E-001 -3.85903472615E-007
1 1 211   1.63173652695E-002 -1.32467482621E-015  2.27891165140E-015 -3.17941783009E-007 -1.31575065870E-001 -3.86851356461E-007
1 1 212   1.63473053892E-002 -1.35660796832E-015  2.17173149039E-015 -4.16118787879E-007 -1.31554239753E-001 -3.87792508715E-007
1 1 213   1.63772455090E-002 -1.38705710871E-015  2.06471395970E-015 -5.09070198238E-007 -1.31533407627E-001 -3.88726929378E-007
1 1 214   1.64071856287E-002 -1.41762144558E-015  1.95852990943E-015 -5.96796014085E-007 -1.31512569493E-001 -3.89654618450E-007
1 1 215   1.64371257485E-002 -1.44696944314E-015  1.85258980465E-015 -6.79296235421E-007 -1.31491725350E-001 -3.90575575931E-007
1 1 216   1.64670658683E-002 -1.47669691145E-015  1.74750350908E-015 -7.56570862245E-007 -1.31470875198E-001 -3.91489801820E-007
1 1 217   1.64970059880E-002 -1.50584839737E-015  1.64308128735E-015 -8.28619894558E-007 -1.31450019038E-001 -3.92397296118E-007
1 1 218   1.65269461078E-002 -1.53406475890E-015  1.53902498384E-015 -8.95443332358E-007 -1.31429156870E-001 -3.93298058825E-007
1 1 219   1.65568862275E-002 -1.56182033452E-015  1.43556499153E-015 -9.57041175648E-007 -1.31408288693E-001 -3.94192089940E-007
1 1 220   1.65868263473E-002 -1.58911512421E-015  1.33278262558E-015 -1.01341342443E-006 -1.31387414507E-001 -3.95079389465E-007
1 1 221   1.66167664671E-002 -1.61631504621E-015  1.23016288996E-015 -1.06456007869E-006 -1.31366534313E-001 -3.95959957397E-007
1 1 222   1.66467065868E-002 -1.64244431857E-015  1.12835630596E-015 -1.11048113845E-006 -1.31345648111E-001 -3.96833793739E-007
1 1 223   1.66766467066E-002 -1.66805859490E-015  1.02687498262E-015 -1.15117660369E-006 -1.31324755899E-001 -3.97700898489E-007
1 1 224   1.67065868263E-002 -1.69356445100E-015  9.26233915954E-016 -1.18664647442E-006 -1.31303857680E-001 -3.98561271648E-007
1 1 225   1.67365269461E-002 -1.71873149393E-015  8.26162055434E-016 -1.21689075064E-006 -1.31282953452E-001 -3.99414913216E-007
1 1 226   1.67664670658E-002 -1.74309893776E-015  7.26794926326E-016 -1.24190943235E-006 -1.31262043215E-001 -4.00261823193E-007
1 1 227   1.67964071856E-002 -1.76678875523E-015  6.27698847760E-016 -1.26170251955E-006 -1.31241126970E-001 -4.01102001578E-007
1 1 228   1.68263473054E-002 -1.79032949490E-015  5.29144870282E-016 -1.27627001223E-006 -1.31220204716E-001 -4.01935448372E-007
1 1 229   1.68562874251E-002 -1.81294866272E-015  4.31187203997E-016 -1.28561191040E-006 -1.31199276454E-001 -4.02762163574E-007
1 1 230   1.68862275449E-002 -1.83552717296E-015  3.33880059017E-016 -1.28972821407E-006 -1.31178342184E-001 -4.03582147186E-007
1 1 231   1.69161676646E-002 -1.85703503356E-015  2.36871069634E-016 -1.28861892322E-006 -1.31157401904E-001 -4.04395399206E-007
1 1 232   1.69461077844E-002 -1.87839381636E-015  1.40837862206E-016 -1.28228403786E-006 -1.31136455617E-001 -4.05201919635E-007
1 1 233   1.69760479041E-002 -1.89915628796E-015  4.50486002668E-017 -1.27072355798E-006 -1.31115503321E-001 -4.06001708472E-007
1 1 234   1.70059880239E-002 -7.33738055394E-017  1.18615529318E-016 -1.23547730197E-006 -1.31094575115E-001 -4.06718140832E-007
1 1 235   1.70359281436E-002 -7.24831503954E-017  1.10596244890E-016 -1.19366262325E-006 -1.31073638122E-001 -4.07405978982E-007
1 1 236   1.70658682634E-002 -7.07238629639E-017  1.03456604178E-016 -1.14593393097E-006 -1.31052691185E-001 -4.08067650463E-007
1 1 237   1.70958083832E-002 -6.83860520295E-017  9.68632997162E-017 -1.09229122513E-006 -1.31031734306E-001 -4.08703155276E-007
1 1 238   1.71257485029E-002 -6.52012081478E-017  9.12847407256E-017 -1.03273450573E-006 -1.31010767484E-001 -4.09312493420E-007
1 1 239   1.71556886227E-002 -6.14539343892E-017  8.61195338132E-017 -9.67263772772E-007 -1.30989790719E-001 -4.09895664895E-007
1 1 240   1.71856287424E-002 -5.74085050331E-017  8.08713176721E-017 -8.95879026256E-007 -1.30968804011E-001 -4.10452669702E-007
1 1 241   1.72155688622E-002 -5.21975583416E-017  7.72426285260E-017 -8.18580266181E-007 -1.30947807360E-001 -4.10983507840E-007
1 1 242   1.72455089819E-002 -4.64919444089E-017  7.38240035509E-017 -7.35367492548E-007 -1.30926800766E-001 -4.11488179309E-007
1 1 243   1.72754491017E-002 -4.03187682893E-017  7.06933697778E-017 -6.46240705356E-007 -1.30905784229E-001 -4.11966684110E-007
1 1 244   1.73053892214E-002 -3.35018471298E-017  6.81692115950E-017 -5.51199904605E-007 -1.30884757750E-001 -4.12419022243E-007
1 1 245   1.73353293412E-002 -2.57904591780E-017  6.66919861350E-017 -4.50245090295E-007 -1.30863721327E-001 -4.12845193707E-007
1 1 246   1.73652694610E-002 -1.75369701400E-017  6.55942314354E-017 -3.43376262427E-007 -1.30842674962E-001 -4.13245198502E-007
1 1 247   1.73952095807E-002 -8.72782748851E-018  6.50656828763E-017 -2.30593421000E-007 -1.30821618653E-001 -4.13619036629E-007
1 1 316   1.94610778443E-002 -8.99602988334E-017  1.10270719541E-016 -2.27136793296E-006 -1.29414061565E-001 -3.95487842736E-007
1 1 317   1.94910179641E-002 -9.13141751205E-017  1.10781321589E-016 -1.97001034868E-006 -1.29396308799E-001 -3.94783452132E-007
1 1 318   1.95209580838E-002 -9.22363822418E-017  1.11347139598E-016 -1.67179836629E-006 -1.29378595223E-001 -3.94084553631E-007
1 1 319   1.95508982036E-002 -9.23968949853E-017  1.11752444863E-016 -1.37673198579E-006 -1.29360920837E-001 -3.93391147233E-007
1 1 320   1.95808383234E-002 -9.20750224654E-017  1.12283534521E-016 -1.08481120720E-006 -1.29343285641E-001 -3.92703232940E-007
1 1 321   1.96107784431E-002 -9.12720352314E-017  1.12826482640E-016 -7.96036030501E-007 -1.29325689634E-001 -3.92020810749E-007
1 1 322   1.96407185629E-002 -8.97278941685E-017  1.13416017571E-016 -5.10406455701E-007 -1.29308132817E-001 -3.91343880663E-007
1 1 323   1.96706586826E-002 -8.76475812501E-017  1.13814123057E-016 -2.27922482798E-007 -1.29290615190E-001 -3.90672442680E-007
1 1 324   1.97005988024E-002 -8.49235232917E-017  1.14491749414E-016  5.14158882074E-008 -1.29273136753E-001 -3.90006496801E-007
1 1 325   1.97305389222E-002 -8.16573642471E-017  1.14925430283E-016  3.27608657315E-007 -1.29255697506E-001 -3.89346043025E-007
1 1 326   1.97604790419E-002 -7.78253871937E-017  1.15535294005E-016  6.00655824526E-007 -1.29238297448E-001 -3.88691081353E-007
1 1 327   1.97904191617E-002 -7.34445327905E-017  1.16067230696E-016  8.70557389839E-007 -1.29220936580E-001 -3.88041611784E-007
1 1 328   1.98203592815E-002 -6.82844080759E-017  1.16585614860E-016  1.13731335326E-006 -1.29203614902E-001 -3.87397634319E-007
1 1 329   1.98502994012E-002 -6.27854701823E-017  1.17063341442E-016  1.40092371477E-006 -1.29186332414E-001 -3.86759148958E-007
1 1 330   1.98802395210E-002 -5.66089059309E-017  1.17656264505E-016  1.66138847439E-006 -1.29169089116E-001 -3.86126155700E-007
1 1 331   1.99101796407E-002 -4.98360304847E-017  1.18293233282E-016  1.91870763212E-006 -1.29151885007E-001 -3.85498654546E-007
1 1 332   1.99401197605E-002 -4.23821405488E-017  1.18665927779E-016  2.17288118794E-006 -1.29134720089E-001 -3.84876645495E-007
1 1 333   1.99700598803E-002 -3.45013460076E-017  1.19289344028E-016  2.42390914187E-006 -1.29117594360E-001 -3.84260128548E-007
1 1 334   2.00000000000E-002 -2.59056556588E-017  1.19770458742E-016  2.67179149390E-006 -1.29100507820E-001 -3.83649103705E-007
1 1 335   2.00299401198E-002 -1.67373710377E-017  1.20299007301E-016  2.91652824404E-006 -1.29083460471E-001 -3.83043570965E-007
1 1 336   2.00598802395E-002 -7.08797170262E-018  1.20942752341E-016  3.15811939227E-006 -1.29066452312E-001 -3.82443530329E-007
1 1 337   2.00898203593E-002  3.27293530819E-018  1.21471300900E-016  3.39656493861E-006 -1.29049483342E-001 -3.81848981797E-007
1 1 338   2.01197604791E-002  1.41962721960E-017  1.21979520668E-016  3.63186488306E-006 -1.29032553562E-001 -3.81259925368E-007
1 1 339   2.01497005988E-002  2.56617101700E-017  1.22467411646E-016  3.86401922560E-006 -1.29015662972E-001 -3.80676361042E-007
1 1 340   2.01796407186E-002  3.77505643932E-017  1.23124709213E-016  4.09302796625E-006 -1.28998811571E-001 -3.80098288821E-007
1 1 341   2.02095808383E-002  5.04628348656E-017  1.23504179973E-016  4.31889110500E-006 -1.28981999361E-001 -3.79525708703E-007
1 1 342   2.02395209581E-002  6.35681286255E-017  1.24236016440E-016  4.54160864185E-006 -1.28965226340E-001 -3.78958620688E-007
1 1 343   2.02694610779E-002  7.75136790691E-017  1.24710354890E-016  4.76118057680E-006 -1.28948492509E-001 -3.78397024777E-007
1 1 344   2.02994011976E-002  9.19132391725E-017  1.25211798395E-016  4.97760690986E-006 -1.28931797868E-001 -3.77840920970E-007
1 1 345   2.03293413174E-002  1.06936215525E-016  1.25781004535E-016  5.19088764102E-006 -1.28915142417E-001 -3.77290309266E-007
1 1 346   2.03592814371E-002  1.22480964173E-016  1.26472183420E-016  5.40102277028E-006 -1.28898526155E-001 -3.76745189666E-007
1 1 347   2.03892215569E-002  1.38723667970E-016  1.26878759235E-016  5.60801229765E-006 -1.28881949084E-001 -3.76205562170E-007
1 1 348   2.04191616767E-002  1.55447486480E-016  1.27529280539E-016  5.81185622312E-006 -1.28865411202E-001 -3.75671426777E-007
1 1 349   2.04491017964E-002  1.72889588930E-016  1.28084934152E-016  6.01255454669E-006 -1.28848912510E-001 -3.75142783488E-007
1 1 350   2.04790419162E-002  1.90738267195E-016  1.28681245347E-016  6.21010726836E-006 -1.28832453007E-001 -3.74619632302E-007
1 1 351   2.05089820359E-002  2.09413649616E-016  1.29114926216E-016  6.40451438813E-006 -1.28816032695E-001 -3.74101973220E-007
1 1 352   2.05389221557E-002  2.28427845216E-016  1.29860315209E-016  6.59577590601E-006 -1.28799651572E-001 -3.73589806241E-007
1 1 353   2.05688622755E-002  2.48187429809E-016  1.30293996078E-016  6.78389182199E-006 -1.28783309640E-001 -3.73083131367E-007
1 1 354   2.05988023952E-002  2.68462010435E-016  1.30917412328E-016  6.96886213608E-006 -1.28767006896E-001 -3.72581948595E-007
1 1 355   2.06287425150E-002  2.89305797201E-016  1.31418855832E-016  7.15068684826E-006 -1.28750743343E-001 -3.72086257928E-007
1 1 356   2.06586826347E-002  3.10976288123E-016  1.31866089229E-016  7.32936595855E-006 -1.28734518980E-001 -3.71596059364E-007
1 1 357   2.06886227545E-002  3.32822961899E-016  1.32570820641E-016  7.50489946694E-006 -1.28718333806E-001 -3.71111352903E-007
1 1 358   2.07185628743E-002  3.55536997412E-016  1.33140026781E-016  7.67728737343E-006 -1.28702187822E-001 -3.70632138546E-007
1 1 359   2.07485029940E-002  3.78860896648E-016  1.33682127867E-016  7.84652967803E-006 -1.28686081028E-001 -3.70158416293E-007
1 1 360   2.07784431138E-002  4.02632029280E-016  1.34197123899E-016  8.01262638073E-006 -1.28670013424E-001 -3.69690186144E-007
1 1 361   2.08083832336E-002  4.26972368052E-016  1.34793435094E-016  8.17557748153E-006 -1.28653985010E-001 -3.69227448098E-007
1 1 362   2.08383233533E-002  4.51963228128E-016  1.35416851343E-016  8.33538298043E-006 -1.28637995785E-001 -3.68770202155E-007
1 1 363   2.08682634731E-002  4.77591056980E-016  1.36040267593E-016  8.49204287744E-006 -1.28622045750E-001 -3.68318448316E-007
1 1 364   2.08982035928E-002  5.03666119228E-016  1.36582368679E-016  8.64555717255E-006 -1.28606134905E-001 -3.67872186581E-007
1 1 365   2.09281437126E-002  5.30500122997E-016  1.37070259656E-016  8.79592586576E-006 -1.28590263250E-001 -3.67431416950E-007
1 1 366   2.09580838324E-002  5.57849122798E-016  1.37639465797E-016  8.94314895708E-006 -1.28574430785E-001 -3.66996139422E-007
1 1 367   2.09880239521E-002  5.85686013577E-016  1.38452617426E-016  9.08722644649E-006 -1.28558637509E-001 -3.66566353997E-007
1 1 368   2.10179640719E-002  6.14227635767E-016  1.38967613458E-016  9.22815833401E-006 -1.28542883423E-001 -3.66142060677E-007
1 1 369   2.10479041916E-002  6.43419779262E-016  1.39455504436E-016  9.36594461963E-006 -1.28527168527E-001 -3.65723259459E-007
1 1 405   2.21257485032E-002  6.75882740482E-016  3.79091289610E-016 -1.55454699694E-005 -1.28058865066E-001 -3.93627888478E-007
1 1 406   2.21556886229E-002  6.38349228281E-016  3.81259693955E-016 -1.54113936705E-005 -1.28048463481E-001 -3.91875811597E-007
1 1 407   2.21856287427E-002  6.01462002219E-016  3.83482308408E-016 -1.52678220339E-005 -1.28038121716E-001 -3.90189210261E-007
1 1 408   2.22155688625E-002  5.65438538006E-016  3.85677817807E-016 -1.51147550598E-005 -1.28027839771E-001 -3.88568084473E-007
1 1 409   2.22455089822E-002  5.30197732235E-016  3.87927537315E-016 -1.49521927481E-005 -1.28017617646E-001 -3.87012434230E-007
1 1 410   2.22754491020E-002  4.96064210285E-016  3.90014626497E-016 -1.47801350988E-005 -1.28007455341E-001 -3.85522259534E-007
1 1 411   2.23053892217E-002  4.62279242392E-016  3.92318556114E-016 -1.45985821120E-005 -1.27997352856E-001 -3.84097560384E-007
1 1 412   2.23353293415E-002  4.29222299318E-016  3.94649590785E-016 -1.44075337876E-005 -1.27987310191E-001 -3.82738336781E-007
1 1 413   2.23652694612E-002  3.97408377094E-016  3.96655364804E-016 -1.42069901256E-005 -1.27977327346E-001 -3.81444588723E-007
1 1 414   2.23952095810E-002  3.65932421016E-016  3.99094819692E-016 -1.39969511260E-005 -1.27967404321E-001 -3.80216316213E-007
1 1 415   2.24251497007E-002  3.35331026456E-016  4.01425854363E-016 -1.37774167889E-005 -1.27957541115E-001 -3.79053519248E-007
1 1 416   2.24550898205E-002  3.05688049675E-016  4.03702678925E-016 -1.35483871142E-005 -1.27947737730E-001 -3.77956197830E-007
1 1 417   2.24850299403E-002  2.76694641286E-016  4.05843978216E-016 -1.33098621019E-005 -1.27937994165E-001 -3.76924351958E-007
1 1 418   2.25149700600E-002  2.48575476778E-016  4.08093697724E-016 -1.30618417521E-005 -1.27928310419E-001 -3.75957981633E-007
1 1 419   2.25449101798E-002  2.21103339562E-016  4.10451837449E-016 -1.28043260647E-005 -1.27918686494E-001 -3.75057086854E-007
1 1 420   2.25748502995E-002  1.94480988151E-016  4.12809977174E-016 -1.25373150397E-005 -1.27909122388E-001 -3.74221667621E-007
1 1 421   2.26047904193E-002  1.68559556504E-016  4.15086801736E-016 -1.22608086771E-005 -1.27899618103E-001 -3.73451723935E-007
1 1 422   2.26347305390E-002  1.43488228298E-016  4.17363626298E-016 -1.19748069770E-005 -1.27890173637E-001 -3.72747255795E-007
1 1 423   2.26646706588E-002  1.19293790951E-016  4.19613345806E-016 -1.16793099393E-005 -1.27880788991E-001 -3.72108263201E-007
1 1 424   2.26946107786E-002  9.57195934792E-017  4.22134115857E-016 -1.13743175640E-005 -1.27871464166E-001 -3.71534746154E-007
1 1 425   2.27245508983E-002  7.29710413730E-017  4.24383835365E-016 -1.10598298512E-005 -1.27862199160E-001 -3.71026704653E-007
1 1 426   2.27544910181E-002  5.10019713365E-017  4.26796185199E-016 -1.07358468007E-005 -1.27852993974E-001 -3.70584138698E-007
1 1 427   2.27844311378E-002  2.98418177647E-017  4.29045904707E-016 -1.04023684127E-005 -1.27843848608E-001 -3.70207048290E-007
1 1 428   2.28143712576E-002  9.33239725461E-018  4.31553122231E-016 -1.00593946872E-005 -1.27834763062E-001 -3.69895433428E-007
1 1 429   2.28443113773E-002 -1.03036264078E-017  4.33911261956E-016 -9.70692562403E-006 -1.27825737337E-001 -3.69649294112E-007
1 1 430   2.28742514971E-002 -2.91845201976E-017  4.36242296627E-016 -9.34496122332E-006 -1.27816771431E-001 -3.69468630343E-007
1 1 431   2.29041916168E-002 -4.70525743409E-017  4.38586883825E-016 -8.97350148503E-006 -1.27807865345E-001 -3.69353442120E-007
1 1 432   2.29341317366E-002 -6.44771008571E-017  4.40972128604E-016 -8.59254640918E-006 -1.27799019079E-001 -3.69303729443E-007
1 1 433   2.29640718564E-002 -8.09567621206E-017  4.43452241074E-016 -8.20209599575E-006 -1.27790232632E-001 -3.69319492313E-007
1 1 434   2.29940119761E-002 -9.66880697752E-017  4.45851038380E-016 -7.80215024475E-006 -1.27781506006E-001 -3.69400730729E-007
1 1 435   2.30239520959E-002 -1.11691299672E-016  4.48222730633E-016 -7.39270915617E-006 -1.27772839200E-001 -3.69547444692E-007
1 1 436   2.30538922156E-002 -1.25800115716E-016  4.50716395629E-016 -6.97377273003E-006 -1.27764232214E-001 -3.69759634200E-007
1 1 437   2.30838323354E-002 -1.39204888563E-016  4.53155850517E-016 -6.54534096631E-006 -1.27755685048E-001 -3.70037299255E-007
1 1 438   2.31137724551E-002 -1.51800268488E-016  4.55486885188E-016 -6.10741386502E-006 -1.27747197701E-001 -3.70380439857E-007
1 1 439   2.31437125749E-002 -1.63636706893E-016  4.58014431503E-016 -5.65999142615E-006 -1.27738770175E-001 -3.70789056005E-007
1 1 440   2.31736526947E-002 -1.74701392404E-016  4.60433557600E-016 -5.20307364972E-006 -1.27730402469E-001 -3.71263147699E-007
1 1 441   2.32035928144E-002 -1.84865099557E-016  4.62886565016E-016 -4.73666053571E-006 -1.27722094582E-001 -3.71802714940E-007
1 1 442   2.32335329342E-002 -1.94463332808E-016  4.65427663857E-016 -4.26075208413E-006 -1.27713846516E-001 -3.72407757726E-007
1 1 443   2.32634730539E-002 -2.03201483511E-016  4.67826461164E-016 -3.77534829498E-006 -1.27705658269E-001 -3.73078276060E-007
1 1 444   2.32934131737E-002 -2.11106444961E-016  4.70333678688E-016 -3.28044916825E-006 -1.27697529843E-001 -3.73814269939E-007
1 1 445   2.33233532935E-002 -2.18261358736E-016  4.72840896212E-016 -2.77605470395E-006 -1.27689461236E-001 -3.74615739365E-007
1 1 446   2.33532934132E-002 -2.24566142600E-016  4.75273574836E-016 -2.26216490208E-006 -1.27681452449E-001 -3.75482684337E-007
1 1 447   2.33832335330E-002 -2.30223740352E-016  4.77921399829E-016 -1.73877976264E-006 -1.27673503483E-001 -3.76415104856E-007
1 1 448   2.34131736527E-002 -2.34919466019E-016  4.80366783948E-016 -1.20589928563E-006 -1.27665614336E-001 -3.77413000921E-007
1 1 463   2.38622754491E-002 -1.38972960354E-016  1.97254491658E-016 -7.77276796644E-006 -1.27603182622E-001 -3.87947780137E-007
1 1 464   2.38922155689E-002 -1.44285498059E-016  1.29589264666E-016 -7.28034039071E-006 -1.27599750496E-001 -3.84723451645E-007
1 1 465   2.39221556886E-002 -1.50647350768E-016  6.71527720583E-017 -6.81778199560E-006 -1.27596340758E-001 -3.81492140036E-007
1 1 466   2.39520958084E-002 -1.58015266860E-016  1.07064964533E-017 -6.38509278111E-006 -1.27592953406E-001 -3.78253845309E-007
1 1 467   2.39820359281E-002 -1.66604604461E-016 -4.00477177462E-017 -5.98227274724E-006 -1.27589588442E-001 -3.75008567464E-007
1 1 468   2.40119760479E-002 -1.76469150165E-016 -8.47710573612E-017 -5.60932189400E-006 -1.27586245865E-001 -3.71756306503E-007
1 1 469   2.40419161677E-002 -1.87184116948E-016 -1.24263121494E-016 -5.26624022138E-006 -1.27582925676E-001 -3.68497062423E-007
1 1 470   2.40718562874E-002 -1.99165397987E-016 -1.57480365554E-016 -4.95302772938E-006 -1.27579627873E-001 -3.65230835227E-007
1 1 471   2.41017964072E-002 -2.12311349328E-016 -1.85052982053E-016 -4.66968441800E-006 -1.27576352458E-001 -3.61957624913E-007
1 1 472   2.41317365269E-002 -2.26637641082E-016 -2.07048733627E-016 -4.41621028724E-006 -1.27573099431E-001 -3.58677431481E-007
1 1 473   2.41616766467E-002 -2.42010018525E-016 -2.23135583361E-016 -4.19260533710E-006 -1.27569868790E-001 -3.55390254933E-007
1 1 474   2.41916167665E-002 -2.58594076599E-016 -2.33618463116E-016 -3.99886956759E-006 -1.27566660537E-001 -3.52096095267E-007
1 1 475   2.42215568862E-002 -2.76199021133E-016 -2.38266979931E-016 -3.83500297869E-006 -1.27563474671E-001 -3.48794952483E-007
1 1 476   2.42514970060E-002 -2.94998917397E-016 -2.37203106549E-016 -3.70100557042E-006 -1.27560311193E-001 -3.45486826582E-007
1 1 477   2.42814371257E-002 -3.01828332293E-016 -2.34702665289E-016 -3.46743595239E-006 -1.27557167646E-001 -3.42735968990E-007
1 1 478   2.43113772455E-002 -2.48214534863E-016 -2.49583340106E-016 -2.69744644039E-006 -1.27554019580E-001 -3.42483775905E-007
1 1 479   2.43413173653E-002 -1.89139068990E-016 -2.64003229000E-016 -1.96451250458E-006 -1.27550866750E-001 -3.42255930345E-007
1 1 480   2.43712574850E-002 -1.25062720596E-016 -2.78206277460E-016 -1.26863414497E-006 -1.27547709156E-001 -3.42052432309E-007
1 1 481   2.44011976048E-002 -5.51452329980E-017 -2.92029855159E-016 -6.09811361560E-007 -1.27544546797E-001 -3.41873281797E-007
1 1 482   2.44311377246E-002  2.00848452453E-017 -3.05663697478E-016  1.19558456534E-008 -1.27541379675E-001 -3.41718478809E-007
1 1 483   2.44610778443E-002  1.00397121172E-016 -3.18836753874E-016  5.96667476669E-007 -1.27538207788E-001 -3.41588023344E-007
1 1 484   2.44910179641E-002  1.86184618070E-016 -3.31738759726E-016  1.14432353149E-006 -1.27535031138E-001 -3.41481915404E-007
1 1 485   2.45209580838E-002  2.77745491536E-016 -3.44261294818E-016  1.65492401011E-006 -1.27531849723E-001 -3.41400154988E-007
1 1 486   2.45508982036E-002  3.74334352578E-016 -3.56485674313E-016  2.12846891253E-006 -1.27528663544E-001 -3.41342742096E-007
1 1 487   2.45808383234E-002  4.76276461846E-016 -3.68628738645E-016  2.56495823875E-006 -1.27525472601E-001 -3.41309676728E-007
1 1 488   2.46107784431E-002  5.83775107248E-016 -3.80094176619E-016  2.96439198878E-006 -1.27522276895E-001 -3.41300958884E-007
1 1 489   2.46407185629E-002  6.96437265496E-016 -3.91532509539E-016  3.32677016260E-006 -1.27519076424E-001 -3.41316588564E-007
1 1 490   2.46706586826E-002  8.14452671971E-016 -4.02428741372E-016  3.65209276023E-006 -1.27515871189E-001 -3.41356565769E-007
1 1 491   2.47005988024E-002  9.38187244906E-016 -4.13162342880E-016  3.94035978167E-006 -1.27512661189E-001 -3.41420890497E-007
1 1 492   2.47305389222E-002  1.06661099224E-015 -4.23543578681E-016  4.19157122690E-006 -1.27509446426E-001 -3.41509562749E-007
1 1 493   2.47604790419E-002  1.20116048184E-015 -4.33572448777E-016  4.40572709594E-006 -1.27506226899E-001 -3.41622582525E-007
1 1 494   2.47904191617E-002  1.34056177617E-015 -4.43330268329E-016  4.58282738877E-006 -1.27503002607E-001 -3.41759949825E-007
1 1 495   2.48203592814E-002  1.48587197234E-015 -4.52627301958E-016  4.72287210541E-006 -1.27499773552E-001 -3.41921664650E-007
1 1 496   2.48502994012E-002  1.63611528839E-015 -4.61870125479E-016  4.82586124585E-006 -1.27496539733E-001 -3.42107726998E-007
1 1 497   2.48802395210E-002  1.79167119509E-015 -4.70652163076E-016  4.89179481010E-006 -1.27493301149E-001 -3.42318136870E-007
1 1 498   2.49101796407E-002  1.95270232276E-015 -4.79217360239E-016  4.92067279814E-006 -1.27490057801E-001 -3.42552894267E-007
1 1 499   2.49401197605E-002  2.11939840677E-015 -4.87511506858E-016  4.91249520999E-006 -1.27486809689E-001 -3.42811999187E-007
1 1 500   2.49700598802E-002  2.29137997639E-015 -4.94992501848E-016  4.86726204564E-006 -1.27483556814E-001 -3.43095451632E-007
1 1 501   2.50000000000E-002 -1.45144855336E-015  2.18954628733E-016 -7.57536452796E-009 -1.27411749328E-005 -2.79474332612E-008
