1 1 3   1.00898203593E-002  9.61145225908E-017  3.86584143061E-016 -1.14528725190E-005 -1.33838337051E-001 -4.92335469726E-008
1 1 4   1.01197604790E-002  1.09965205344E-016  4.22130727725E-016 -1.15654097630E-005 -1.33840089575E-001 -4.94137716399E-008
1 1 5   1.01497005988E-002  1.24297002812E-016  4.59118962466E-016 -1.16779470071E-005 -1.33841842099E-001 -4.95939963077E-008
1 1 6   1.01796407186E-002  1.39116691257E-016  4.97326924651E-016 -1.17904842511E-005 -1.33843594622E-001 -4.97742209759E-008
1 1 7   1.02095808383E-002  1.54525914633E-016  5.36717344830E-016 -1.19030214952E-005 -1.33845347146E-001 -4.99544456444E-008
1 1 8   1.02395209581E-002  1.70558554259E-016  5.77391866957E-016 -1.20155587392E-005 -1.33847099670E-001 -5.01346703134E-008
1 1 9   1.02694610778E-002  1.87011322227E-016  6.19445358722E-016 -1.21280959833E-005 -1.33848852194E-001 -5.03148949828E-008
1 1 10   1.02994011976E-002  2.04087506443E-016  6.62576276397E-016 -1.22406332274E-005 -1.33850604718E-001 -5.04951196526E-008
1 1 11   1.03293413174E-002  2.21665134165E-016  7.07126821290E-016 -1.23531704714E-005 -1.33852357242E-001 -5.06753443227E-008
1 1 12   1.03592814371E-002  2.39710324073E-016  7.52809002202E-016 -1.24657077155E-005 -1.33854109766E-001 -5.08555689933E-008
1 1 13   1.03892215569E-002  2.58446692866E-016  7.99843047697E-016 -1.25782449595E-005 -1.33855862290E-001 -5.10357936643E-008
1 1 14   1.04191616766E-002  2.77576084947E-016  8.48110373163E-016 -1.26907822036E-005 -1.33857614813E-001 -5.12160183357E-008
1 1 15   1.04491017964E-002  2.97301788223E-016  8.97749892004E-016 -1.28033194477E-005 -1.33859367337E-001 -5.13962430075E-008
1 1 16   1.04790419162E-002  3.17542487530E-016  9.48487165545E-016 -1.29158566917E-005 -1.33861119861E-001 -5.15764676797E-008
1 1 17   1.05089820359E-002  3.38406603087E-016  1.00057969180E-015 -1.30283939358E-005 -1.33862872385E-001 -5.17566923522E-008
1 1 18   1.05389221557E-002  3.59792490939E-016  1.05391566242E-015 -1.31409311798E-005 -1.33864624909E-001 -5.19369170252E-008
1 1 19   1.05688622754E-002  3.81557849552E-016  1.10850524181E-015 -1.32534684239E-005 -1.33866377433E-001 -5.21171416986E-008
1 1 20   1.05988023952E-002  4.04014387050E-016  1.16438231127E-015 -1.33660056680E-005 -1.33868129957E-001 -5.22973663724E-008
1 1 21   1.06287425150E-002  4.27013025633E-016  1.22142489807E-015 -1.34785429121E-005 -1.33869882481E-001 -5.24775910466E-008
1 1 22   1.06586826347E-002  4.50431792559E-016  1.27986000704E-015 -1.35910801561E-005 -1.33871635005E-001 -5.26578157212E-008
1 1 23   1.06886227545E-002  4.74487528261E-016  1.33945724521E-015 -1.37036174002E-005 -1.33873387528E-001 -5.28380403962E-008
1 1 24   1.07185628742E-002  4.99017602414E-016  1.40048427499E-015 -1.38161546443E-005 -1.33875140052E-001 -5.30182650716E-008
1 1 25   1.07485029940E-002  5.24211750397E-016  1.46257517816E-015 -1.39286918884E-005 -1.33876892576E-001 -5.31984897474E-008
1 1 26   1.07784431138E-002  5.49758264086E-016  1.52602811030E-015 -1.40412291324E-005 -1.33878645100E-001 -5.33787144236E-008
1 1 27   1.08083832335E-002  5.76023061714E-016  1.59070754615E-015 -1.41537663765E-005 -1.33880397624E-001 -5.35589391002E-008
1 1 28   1.08383233533E-002  6.02653777576E-016  1.65668802461E-015 -1.42663036206E-005 -1.33882150148E-001 -5.37391637772E-008
1 1 29   1.08682634731E-002  6.29948567268E-016  1.72388145425E-015 -1.43788408647E-005 -1.33883902672E-001 -5.39193884546E-008
1 1 30   1.08982035928E-002  6.57799010574E-016  1.79245046540E-015 -1.44913781088E-005 -1.33885655196E-001 -5.40996131324E-008
1 1 31   1.09281437126E-002  6.86123792330E-016  1.86221887520E-015 -1.46039153528E-005 -1.33887407719E-001 -5.42798378107E-008
1 1 32   1.09580838323E-002  7.14895807483E-016  1.93317990739E-015 -1.47164525969E-005 -1.33889160243E-001 -5.44600624893E-008
1 1 33   1.09880239521E-002  7.44291238884E-016  2.00551652108E-015 -1.48289898410E-005 -1.33890912767E-001 -5.46402871683E-008
1 1 34   1.10179640719E-002  7.74282981481E-016  2.07906608596E-015 -1.49415270851E-005 -1.33892665291E-001 -5.48205118477E-008
1 1 35   1.10479041916E-002  8.04762615055E-016  2.15390314091E-015 -1.50540643292E-005 -1.33894417815E-001 -5.50007365275E-008
1 1 36   1.10778443112E-002  7.00442714897E-015  6.12777515362E-017 -1.67014580117E-005 -1.33867006880E-001 -6.08697687068E-008
1 1 37   1.11077844310E-002  6.86599824847E-015 -7.52978408791E-017 -1.52887204496E-005 -1.33866653305E-001 -6.10296686787E-008
1 1 38   1.11377245507E-002  6.72854512992E-015 -2.01485421229E-016 -1.38759828876E-005 -1.33866299729E-001 -6.11895686500E-008
1 1 39   1.11676646705E-002  6.59174592080E-015 -3.17603473902E-016 -1.24632453255E-005 -1.33865946153E-001 -6.13494686205E-008
1 1 40   1.11976047903E-002  6.45575986332E-015 -4.23516473627E-016 -1.10505077634E-005 -1.33865592577E-001 -6.15093685904E-008
1 1 41   1.12275449100E-002  6.32072248274E-015 -5.19183762822E-016 -9.63777020139E-006 -1.33865239001E-001 -6.16692685596E-008
1 1 42   1.12574850298E-002  6.18609167797E-015 -6.04876392030E-016 -8.22503263932E-006 -1.33864885425E-001 -6.18291685280E-008
1 1 43   1.12874251495E-002  6.05251119406E-015 -6.80296205653E-016 -6.81229507726E-006 -1.33864531849E-001 -6.19890684958E-008
1 1 44   1.13173652693E-002  5.91963544155E-015 -7.45348336002E-016 -5.39955751520E-006 -1.33864178273E-001 -6.21489684629E-008
1 1 45   1.13473053891E-002  5.78703751586E-015 -8.00547779109E-016 -3.98681995313E-006 -1.33863824697E-001 -6.23088684293E-008
1 1 46   1.13772455088E-002  5.65583550046E-015 -8.45271118724E-016 -2.57408239107E-006 -1.33863471121E-001 -6.24687683950E-008
1 1 47   1.14071856286E-002  5.52537887406E-015 -8.79843615499E-016 -1.16134482901E-006 -1.33863117546E-001 -6.26286683600E-008
1 1 48   1.14371257483E-002  5.39561342654E-015 -9.04319479543E-016  2.51392733055E-007 -1.33862763970E-001 -6.27885683243E-008
1 1 49   1.14670658681E-002  5.26670856449E-015 -9.18698710856E-016  1.66413029512E-006 -1.33862410394E-001 -6.29484682879E-008
1 1 50   1.14970059879E-002  5.13844067122E-015 -9.22832231638E-016  3.07686785718E-006 -1.33862056818E-001 -6.31083682509E-008
1 1 51   1.15269461076E-002  5.01091816695E-015 -9.16543859038E-016  4.48960541924E-006 -1.33861703242E-001 -6.32682682131E-008
1 1 52   1.15568862274E-002  4.88432739892E-015 -9.00226616342E-016  5.90234298130E-006 -1.33861349666E-001 -6.34281681746E-008
1 1 53   1.15868263472E-002  4.75855994691E-015 -8.74060074535E-016  7.31508054336E-006 -1.33860996090E-001 -6.35880681355E-008
1 1 54   1.16167664672E-002 -3.12330185586E-015 -8.43251792178E-016  4.87916654186E-006 -1.33839868233E-001 -6.38679981056E-008
1 1 55   1.16467065869E-002 -3.00595052322E-015 -8.42736796146E-016  6.31048661502E-006 -1.33831566275E-001 -6.37746522390E-008
1 1 56   1.16766467067E-002 -2.88881603101E-015 -8.42221800114E-016  7.74180668824E-006 -1.33823264317E-001 -6.36813063725E-008
1 1 57   1.17065868264E-002 -2.77147147463E-015 -8.41639041446E-016  9.17312676152E-006 -1.33814962360E-001 -6.35879605061E-008
1 1 58   1.17365269462E-002 -2.65443862637E-015 -8.41140986073E-016  1.06044468349E-005 -1.33806660402E-001 -6.34946146398E-008
1 1 59   1.17664670660E-002 -2.53712456317E-015 -8.40524346088E-016  1.20357669083E-005 -1.33798358444E-001 -6.34012687736E-008
1 1 60   1.17964071857E-002 -2.41996296591E-015 -8.40080500823E-016  1.34670869817E-005 -1.33790056487E-001 -6.33079229075E-008
1 1 61   1.18263473055E-002 -2.30330535325E-015 -8.39508541826E-016  1.48984070552E-005 -1.33781754529E-001 -6.32145770415E-008
1 1 62   1.18562874252E-002 -1.79354144383E-016  6.42308472035E-016 -1.46442398837E-006 -1.33787837750E-001 -5.51254004281E-008
1 1 63   1.18862275449E-002 -1.92811803849E-016  5.93424506583E-016 -1.14864213579E-006 -1.33779821556E-001 -5.51854194328E-008
1 1 64   1.19161676647E-002 -2.06228805734E-016  5.45963556482E-016 -8.32860283215E-007 -1.33771805363E-001 -5.52454384379E-008
1 1 65   1.19461077845E-002 -2.19686465200E-016  4.98868524615E-016 -5.17078430640E-007 -1.33763789169E-001 -5.53054574436E-008
1 1 66   1.19760479042E-002 -2.32859521596E-016  4.53020325246E-016 -2.01296578066E-007 -1.33755772975E-001 -5.53654764498E-008
1 1 67   1.20059880240E-002 -2.46330733589E-016  4.08093697724E-016  1.14485274507E-007 -1.33747756782E-001 -5.54254954565E-008
1 1 68   1.20359281437E-002 -2.59829050636E-016  3.63505883380E-016  4.30267127079E-007 -1.33739740588E-001 -5.54855144638E-008
1 1 69   1.20658682635E-002 -2.72920791869E-016  3.20476609660E-016  7.46048979649E-007 -1.33731724395E-001 -5.55455334715E-008
1 1 70   1.20958083833E-002 -2.86283583645E-016  2.78043647134E-016  1.06183083222E-006 -1.33723708201E-001 -5.56055524798E-008
1 1 71   1.21257485030E-002 -2.99754795638E-016  2.36545808982E-016  1.37761268479E-006 -1.33715692007E-001 -5.56655714887E-008
1 1 72   1.21556886228E-002 -3.12805879289E-016  1.96064410367E-016  1.69339453735E-006 -1.33707675814E-001 -5.57255904980E-008
1 1 73   1.21856287425E-002 -3.25965383158E-016  1.56531688653E-016  2.00917638992E-006 -1.33699659620E-001 -5.57856095079E-008
1 1 74   1.22155688623E-002 -3.39246859771E-016  1.17568173079E-016  2.32495824248E-006 -1.33691643427E-001 -5.58456285183E-008
1 1 75   1.22455089821E-002 -3.52528336384E-016  7.94991242975E-017  2.64074009505E-006 -1.33683627233E-001 -5.59056475292E-008
1 1 76   1.22754491018E-002 -3.65552314981E-016  4.27175655959E-017  2.95652194761E-006 -1.33675611039E-001 -5.59656665407E-008
1 1 77   1.23053892216E-002 -3.78738923903E-016  6.84402621381E-018  3.27230380017E-006 -1.33667594846E-001 -5.60256855527E-008
1 1 78   1.23353293413E-002 -3.91803560082E-016 -2.84806358185E-017  3.58808565273E-006 -1.33659578652E-001 -5.60857045652E-008
1 1 79   1.23652694611E-002 -4.04949511423E-016 -6.28295158955E-017  3.90386750529E-006 -1.33651562459E-001 -5.61457235782E-008
1 1 80   1.23952095809E-002 -4.17973490020E-016 -9.61348513816E-017  4.21964935784E-006 -1.33643546265E-001 -5.62057425917E-008
1 1 81   1.24251497006E-002 -4.31085560044E-016 -1.28450852385E-016  4.53543121040E-006 -1.33635530071E-001 -5.62657616058E-008
1 1 82   1.24550898204E-002 -4.44156972486E-016 -1.60217976039E-016  4.85121306295E-006 -1.33627513878E-001 -5.63257806204E-008
1 1 83   1.24850299401E-002 -4.57042037679E-016 -1.90457052256E-016  5.16699491551E-006 -1.33619497684E-001 -5.63857996356E-008
1 1 84   1.25149700599E-002 -4.70035523090E-016 -2.20316657713E-016  5.48277676806E-006 -1.33611481491E-001 -5.64458186512E-008
1 1 85   1.25449101797E-002 -4.78693046844E-016 -2.39504495067E-016  4.52275423402E-006 -1.33604617167E-001 -5.89928957696E-008
1 1 86   1.25748502994E-002 -4.78356774764E-016 -2.39673054623E-016  4.49925263013E-006 -1.33595774708E-001 -5.84916085463E-008
1 1 87   1.26047904192E-002 -4.77164152374E-016 -2.39896671321E-016  4.47575102626E-006 -1.33586932250E-001 -5.79903213231E-008
1 1 88   1.26347305390E-002 -4.74863610890E-016 -2.40482818121E-016  4.45224942242E-006 -1.33578089791E-001 -5.74890341002E-008
1 1 89   1.26646706587E-002 -4.71461926574E-016 -2.40489594384E-016  4.42874781860E-006 -1.33569247332E-001 -5.69877468774E-008
1 1 90   1.26946107785E-002 -4.67186104256E-016 -2.40801302509E-016  4.40524621481E-006 -1.33560404873E-001 -5.64864596548E-008
1 1 91   1.27245508982E-002 -4.61870125479E-016 -2.40882617672E-016  4.38174461104E-006 -1.33551562414E-001 -5.59851724325E-008
1 1 92   1.27544910180E-002 -4.55351359917E-016 -2.41424718758E-016  4.35824300729E-006 -1.33542719956E-001 -5.54838852103E-008
1 1 93   1.27844311378E-002 -4.48087205361E-016 -2.41587349084E-016  4.33474140358E-006 -1.33533877497E-001 -5.49825979884E-008
1 1 94   1.28143712575E-002 -4.39786282478E-016 -2.41912609736E-016  4.31123979988E-006 -1.33525035038E-001 -5.44813107666E-008
1 1 95   1.28443113773E-002 -4.30401157422E-016 -2.42414053241E-016  4.28773819622E-006 -1.33516192579E-001 -5.39800235450E-008
1 1 96   1.28742514971E-002 -4.20080907993E-016 -2.42576683566E-016  4.26423659257E-006 -1.33507350120E-001 -5.34787363237E-008
1 1 97   1.29041916168E-002 -4.08595141228E-016 -2.42779971474E-016  4.24073498896E-006 -1.33498507662E-001 -5.29774491025E-008
1 1 98   1.29341317366E-002 -3.96357209206E-016 -2.43132337180E-016  4.21723338536E-006 -1.33489665203E-001 -5.24761618815E-008
1 1 99   1.29640718564E-002 -3.82872444686E-016 -2.43430492777E-016  4.19373178180E-006 -1.33480822744E-001 -5.19748746608E-008
1 1 100   1.29940119761E-002 -3.68371240629E-016 -2.43864173646E-016  4.17023017826E-006 -1.33471980285E-001 -5.14735874402E-008
1 1 101   1.30239520959E-002 -3.53097542524E-016 -2.43945488809E-016  4.14672857474E-006 -1.33463137826E-001 -5.09723002198E-008
1 1 102   1.30538922156E-002 -3.36712537193E-016 -2.44243644407E-016  4.12322697125E-006 -1.33454295368E-001 -5.04710129996E-008
1 1 103   1.30838323354E-002 -3.19270434743E-016 -2.44568905058E-016  4.09972536778E-006 -1.33445452909E-001 -4.99697257796E-008
1 1 104   1.31137724552E-002 -3.01001628136E-016 -2.44758640439E-016  4.07622376434E-006 -1.33436610450E-001 -4.94684385599E-008
1 1 105   1.31437125749E-002 -2.81445331450E-016 -2.45138111199E-016  4.05272216093E-006 -1.33427767991E-001 -4.89671513403E-008
1 1 106   1.31736526947E-002 -2.79669950393E-016  1.98033592563E-015  3.62709596869E-006 -1.33417845039E-001 -4.64457433740E-008
1 1 107   1.32035928145E-002 -2.88343567773E-016  1.89570716980E-015  3.09847949961E-006 -1.33402899430E-001 -4.67877707116E-008
1 1 108   1.32335329342E-002 -2.96908764935E-016  1.81282668998E-015  2.56986303051E-006 -1.33387953822E-001 -4.71297980493E-008
1 1 109   1.32634730540E-002 -3.05230016609E-016  1.73169448616E-015  2.04124656138E-006 -1.33373008213E-001 -4.74718253870E-008
1 1 110   1.32934131737E-002 -3.13253112685E-016  1.65215470428E-015  1.51263009223E-006 -1.33358062604E-001 -4.78138527249E-008
1 1 111   1.33233532935E-002 -3.21221998653E-016  1.57408537160E-015  9.84013623051E-007 -1.33343116995E-001 -4.81558800628E-008
1 1 112   1.33532934133E-002 -3.28730098698E-016  1.49763895404E-015  4.55397153849E-007 -1.33328171386E-001 -4.84979074008E-008
1 1 113   1.33832335330E-002 -3.35940043145E-016  1.42336771709E-015 -7.32193153766E-008 -1.33313225777E-001 -4.88399347389E-008
1 1 114   1.34131736528E-002 -3.43041567374E-016  1.35032976012E-015 -6.01835784627E-007 -1.33298280169E-001 -4.91819620771E-008
1 1 115   1.34431137725E-002 -3.49804278425E-016  1.27898586904E-015 -1.13045225390E-006 -1.33283334560E-001 -4.95239894154E-008
1 1 116   1.34730538923E-002 -3.56092651026E-016  1.20955627242E-015 -1.65906872320E-006 -1.33268388951E-001 -4.98660167537E-008
1 1 117   1.35029940120E-002 -3.62597864061E-016  1.14150564543E-015 -2.18768519253E-006 -1.33253443342E-001 -5.02080440922E-008
1 1 118   1.35329341318E-002 -3.68452555792E-016  1.07519651819E-015 -2.71630166188E-006 -1.33238497733E-001 -5.05500714307E-008
1 1 119   1.35628742516E-002 -3.74253037415E-016  1.01062719662E-015 -3.24491813125E-006 -1.33223552124E-001 -5.08920987693E-008
1 1 120   1.35928143713E-002 -3.79728258386E-016  9.47570675896E-016 -3.77353460065E-006 -1.33208606515E-001 -5.12341261080E-008
1 1 121   1.36227544911E-002 -3.84918876287E-016  8.86199750735E-016 -4.30215107008E-006 -1.33193660907E-001 -5.15761534468E-008
1 1 122   1.36526946108E-002 -3.89879101226E-016  8.26680439598E-016 -4.83076753953E-006 -1.33178715298E-001 -5.19181807857E-008
1 1 123   1.36826347306E-002 -3.94385316505E-016  7.68563815021E-016 -5.35938400900E-006 -1.33163769689E-001 -5.22602081246E-008
1 1 124   1.37125748504E-002 -3.98993175738E-016  7.12263229083E-016 -5.88800047850E-006 -1.33148824080E-001 -5.26022354637E-008
1 1 125   1.37425149701E-002 -4.03065710149E-016  6.57564382448E-016 -6.41661694802E-006 -1.33133878471E-001 -5.29442628028E-008
1 1 126   1.37724550899E-002 -4.07012883683E-016  6.04602800388E-016 -6.94523341757E-006 -1.33118932862E-001 -5.32862901420E-008
1 1 127   1.38023952096E-002 -4.10665289751E-016  5.53325966860E-016 -7.47384988714E-006 -1.33103987253E-001 -5.36283174813E-008
1 1 128   1.38323353294E-002 -4.14043257145E-016  5.03603862307E-016 -8.00246635674E-006 -1.33089041645E-001 -5.39703448207E-008
1 1 129   1.38622754491E-002 -4.17292475531E-016  4.55448345189E-016 -8.53108282636E-006 -1.33074096036E-001 -5.43123721602E-008
1 1 130   1.38922155689E-002 -4.20069049532E-016  4.09166253193E-016 -9.05969929601E-006 -1.33059150427E-001 -5.46543994997E-008
1 1 131   1.39221556887E-002 -4.22794801556E-016  3.64447148743E-016 -9.58831576568E-006 -1.33044204818E-001 -5.49964268394E-008
1 1 132   1.39520958084E-002 -4.25225786115E-016  3.21408345902E-016 -1.01169322354E-005 -1.33029259209E-001 -5.53384541791E-008
1 1 133   1.39820359282E-002  1.15177507289E-015  2.40174498128E-016 -9.65410280725E-006 -1.33016121638E-001 -5.35144231599E-008
1 1 134   1.40119760480E-002  1.20186521325E-015  1.53211319499E-016 -9.72058011599E-006 -1.33001138597E-001 -5.30684039110E-008
1 1 135   1.40419161677E-002  1.25209087889E-015  6.10033128613E-017 -9.78705742473E-006 -1.32986155556E-001 -5.26223846674E-008
1 1 136   1.40718562875E-002  1.30269601530E-015 -3.67747824380E-017 -9.85353473347E-006 -1.32971172515E-001 -5.21763654291E-008
1 1 137   1.41017964073E-002  1.35319273148E-015 -1.39943395414E-016 -9.92001204221E-006 -1.32956189474E-001 -5.17303461961E-008
1 1 138   1.41317365270E-002  1.40404181337E-015 -2.48621110678E-016 -9.98648935094E-006 -1.32941206433E-001 -5.12843269684E-008
1 1 139   1.41616766467E-002 -3.69831525430E-016  8.05939143818E-017 -1.07808181107E-005 -1.32924021936E-001 -6.18382719296E-008
1 1 140   1.41916167665E-002 -3.84559734317E-016  7.29740059883E-017 -1.01667465660E-005 -1.32908395782E-001 -6.22915048525E-008
1 1 141   1.42215568862E-002 -3.88449309611E-016  6.50453540856E-017 -9.55267502137E-006 -1.32892769628E-001 -6.27447377759E-008
1 1 142   1.42514970060E-002 -3.81720479878E-016  5.67554426308E-017 -8.93860347677E-006 -1.32877143474E-001 -6.31979706996E-008
1 1 143   1.42814371258E-002 -3.64088642048E-016  4.81504349196E-017 -8.32453193218E-006 -1.32861517320E-001 -6.36512036237E-008
1 1 144   1.43113772455E-002 -3.35885833036E-016  3.91701916128E-017 -7.71046038763E-006 -1.32845891166E-001 -6.41044365482E-008
1 1 145   1.43413173653E-002 -2.96868107354E-016  2.99205918288E-017 -7.09638884310E-006 -1.32830265012E-001 -6.45576694730E-008
1 1 146   1.43712574850E-002 -2.47143885218E-016  2.03067678775E-017 -6.48231729861E-006 -1.32814638858E-001 -6.50109023983E-008
1 1 147   1.44011976048E-002 -1.86672509048E-016  1.03676832744E-017 -5.86824575414E-006 -1.32799012704E-001 -6.54641353239E-008
1 1 148   1.44311377246E-002 -1.15453978843E-016  1.81265050712E-019 -5.25417420970E-006 -1.32783386550E-001 -6.59173682499E-008
1 1 149   1.44610778443E-002 -3.34476370212E-017 -1.04964322824E-017 -4.64010266528E-006 -1.32767760396E-001 -6.63706011763E-008
1 1 150   1.44910179641E-002  5.91838860906E-017 -2.14739792788E-017 -4.02603112090E-006 -1.32752134242E-001 -6.68238341031E-008
1 1 151   1.45209580838E-002  1.62698088509E-016 -3.26903895663E-017 -3.41195957654E-006 -1.32736508088E-001 -6.72770670303E-008
1 1 152   1.45508982036E-002  2.76796814636E-016 -4.42202020444E-017 -2.79788803221E-006 -1.32720881934E-001 -6.77302999578E-008
1 1 153   1.45808383234E-002  4.01805325123E-016 -5.62362114341E-017 -2.18381648791E-006 -1.32705255780E-001 -6.81835328858E-008
1 1 154   1.46107784431E-002  5.37384806792E-016 -6.83809698318E-017 -1.56974494364E-006 -1.32689629626E-001 -6.86367658141E-008
1 1 155   1.46407185629E-002  6.84029926885E-016 -8.10182778884E-017 -9.55673399394E-007 -1.32674003472E-001 -6.90899987428E-008
1 1 156   1.46706586826E-002  8.41174867391E-016 -9.39556473665E-017 -3.41601855177E-007 -1.32658377318E-001 -6.95432316719E-008
1 1 157   1.47005988024E-002  3.49613939534E-015 -1.04952040846E-016 -9.39493075272E-007 -1.32647762582E-001 -5.52971221755E-008
1 1 158   1.47305389222E-002  3.59734352715E-015 -9.93908460308E-017 -6.19474858846E-007 -1.32628427211E-001 -5.48730982956E-008
1 1 159   1.47604790419E-002  3.70022266662E-015 -9.12796585279E-017 -2.99456642387E-007 -1.32609091839E-001 -5.44490744165E-008
1 1 160   1.47904191617E-002  3.80441544831E-015 -8.06578653693E-017  2.05615741039E-008 -1.32589756467E-001 -5.40250505381E-008
1 1 161   1.48203592814E-002  3.91099283950E-015 -6.75525716094E-017  3.40579790627E-007 -1.32570421096E-001 -5.36010266604E-008
1 1 162   1.48502994012E-002  4.01890923096E-015 -5.17909825269E-017  6.60598007183E-007 -1.32551085724E-001 -5.31770027834E-008
1 1 163   1.48802395210E-002  4.12915919820E-015 -3.37932264637E-017  9.80616223772E-007 -1.32531750352E-001 -5.27529789072E-008
1 1 164   1.49101796407E-002  4.24108994350E-015 -1.30646361785E-017  1.30063444039E-006 -1.32512414981E-001 -5.23289550317E-008
1 1 165   1.49401197605E-002  4.35434084258E-015  1.03066969022E-017  1.62065265704E-006 -1.32493079609E-001 -5.19049311570E-008
1 1 166   1.49700598802E-002  4.46936595806E-015  3.60971560802E-017  1.94067087373E-006 -1.32473744237E-001 -5.14809072830E-008
1 1 167   1.50000000000E-002  4.58680262927E-015  6.43067413555E-017  2.26068909045E-006 -1.32454408866E-001 -5.10568834097E-008
1 1 168   1.50299401198E-002  4.70501113279E-015  9.52200557985E-017  2.58070730720E-006 -1.32435073494E-001 -5.06328595372E-008
1 1 169   1.50598802396E-002  8.42333158477E-016  1.11747690891E-015  6.77475436519E-007 -1.32422999927E-001 -4.87084635036E-008
1 1 170   1.50898203594E-002  8.13073278817E-016  1.06063771589E-015  9.04370417674E-007 -1.32403325927E-001 -4.87014655130E-008
1 1 171   1.51197604791E-002  7.84346579927E-016  1.00644454793E-015  1.13126539879E-006 -1.32383651928E-001 -4.86944675233E-008
1 1 172   1.51497005989E-002  7.56690954199E-016  9.55033036161E-016  1.35816037986E-006 -1.32363977928E-001 -4.86874695343E-008
1 1 173   1.51796407187E-002  7.29403787803E-016  9.05932230275E-016  1.58505536090E-006 -1.32344303928E-001 -4.86804715462E-008
1 1 174   1.52095808384E-002  7.02971277651E-016  8.59653738168E-016  1.81195034189E-006 -1.32324629928E-001 -4.86734735589E-008
1 1 175   1.52395209582E-002  6.77375636051E-016  8.16116244680E-016  2.03884532285E-006 -1.32304955928E-001 -4.86664755723E-008
1 1 176   1.52694610779E-002  6.52150994882E-016  7.74872516412E-016  2.26574030376E-006 -1.32285281929E-001 -4.86594775866E-008
1 1 177   1.52994011977E-002  6.27944487315E-016  7.36735704995E-016  2.49263528464E-006 -1.32265607929E-001 -4.86524796017E-008
1 1 178   1.53293413174E-002  6.04510473796E-016  7.01072229783E-016  2.71953026547E-006 -1.32245933929E-001 -4.86454816175E-008
1 1 179   1.53592814372E-002  5.81601620705E-016  6.67997287259E-016  2.94642524627E-006 -1.32226259929E-001 -4.86384836342E-008
1 1 180   1.53892215569E-002  5.59553353088E-016  6.37585416321E-016  3.17332022702E-006 -1.32206585929E-001 -4.86314856516E-008
1 1 181   1.54191616767E-002  5.38099702600E-016  6.09728196752E-016  3.40021520774E-006 -1.32186911930E-001 -4.86244876699E-008
1 1 182   1.54491017965E-002  5.17320290338E-016  5.84554377559E-016  3.62711018841E-006 -1.32167237930E-001 -4.86174896890E-008
1 1 183   1.54790419162E-002  4.97452285527E-016  5.62321456760E-016  3.85400516905E-006 -1.32147563930E-001 -4.86104917088E-008
1 1 184   1.55089820360E-002  4.78187368175E-016  5.42385689313E-016  4.08090014964E-006 -1.32127889930E-001 -4.86034937295E-008
1 1 185   1.55389221557E-002  4.59728826188E-016  5.25417925314E-016  4.30779513020E-006 -1.32108215930E-001 -4.85964957510E-008
1 1 186   1.55688622755E-002  4.41829325947E-016  5.10760867194E-016  4.53469011071E-006 -1.32088541930E-001 -4.85894977732E-008
1 1 187   1.55988023952E-002  4.24732812939E-016  4.98936287251E-016  4.76158509119E-006 -1.32068867931E-001 -4.85824997963E-008
1 1 188   1.56287425150E-002  4.08434204968E-016  4.89747673839E-016  4.98848007162E-006 -1.32049193931E-001 -4.85755018202E-008
1 1 189   1.56586826348E-002  3.92730214126E-016  4.83154369377E-016  5.21537505202E-006 -1.32029519931E-001 -4.85685038449E-008
1 1 190   1.56886227545E-002  3.77764836014E-016  4.79163150130E-016  5.44227003237E-006 -1.32009845931E-001 -4.85615058703E-008
1 1 191   1.57185628743E-002  3.63495718985E-016  4.78048454771E-016  5.66916501269E-006 -1.31990171931E-001 -4.85545078966E-008
1 1 192   1.57485029940E-002  3.50048223914E-016  4.79420648146E-016  5.89605999296E-006 -1.31970497932E-001 -4.85475099237E-008
1 1 193   1.57784431138E-002  3.37222451027E-016  4.83316999703E-016  6.12295497320E-006 -1.31950823932E-001 -4.85405119515E-008
1 1 194   1.58083832335E-002  3.25212370868E-016  4.90086487018E-016  6.34984995339E-006 -1.31931149932E-001 -4.85335139802E-008
1 1 195   1.58383233533E-002  3.13807072233E-016  4.99242913178E-016  6.57674493355E-006 -1.31911475932E-001 -4.85265160097E-008
1 1 196   1.58682634731E-002  3.03203066766E-016  5.11383436411E-016  6.80363991366E-006 -1.31891801932E-001 -4.85195180400E-008
1 1 197   1.58982035928E-002  2.93199607659E-016  5.25848959205E-016  7.03053489374E-006 -1.31872127933E-001 -4.85125200710E-008
1 1 198   1.59281437126E-002 -1.37017065987E-015  1.78844569362E-015  2.51091249555E-006 -1.31854037394E-001 -4.78420148127E-008
1 1 199   1.59580838323E-002 -1.35908977486E-015  1.85588306875E-015  2.18381263357E-006 -1.31834610265E-001 -4.77342792942E-008
1 1 200   1.59880239521E-002 -1.34775139183E-015  1.92454017132E-015  1.85671277161E-006 -1.31815183136E-001 -4.76265437743E-008
1 1 201   1.60179640719E-002 -1.33650957055E-015  1.99490489232E-015  1.52961290967E-006 -1.31795756007E-001 -4.75188082531E-008
1 1 202   1.60479041916E-002 -1.32434448336E-015  2.06676039130E-015  1.20251304773E-006 -1.31776328877E-001 -4.74110727304E-008
1 1 203   1.60778443114E-002 -1.31263848803E-015  2.13991693289E-015  8.75413185810E-007 -1.31756901748E-001 -4.73033372065E-008
1 1 204   1.61077844311E-002 -1.30039547381E-015  2.21440162214E-015  5.48313323902E-007 -1.31737474619E-001 -4.71956016811E-008
1 1 205   1.61377245509E-002 -1.28712585566E-015  2.29029577421E-015  2.21213462006E-007 -1.31718047490E-001 -4.70878661544E-008
1 1 206   1.61676646707E-002 -1.27369445421E-015  2.36713860319E-015 -1.05886399876E-007 -1.31698620361E-001 -4.69801306263E-008
1 1 207   1.61976047904E-002 -1.26104062902E-015  2.44609562640E-015 -4.32986261746E-007 -1.31679193232E-001 -4.68723950968E-008
1 1 208   1.62275449102E-002 -1.24703663330E-015  2.52589290629E-015 -7.60086123602E-007 -1.31659766103E-001 -4.67646595659E-008
1 1 209   1.62574850299E-002 -1.26095084352E-015  2.49557929118E-015 -1.00186051696E-006 -1.31638591351E-001 -4.18785992086E-008
1 1 210   1.62874251497E-002 -1.29278403575E-015  2.38680670822E-015 -1.04154356718E-006 -1.31617677588E-001 -4.24566586497E-008
1 1 211   1.63173652695E-002 -1.32467482621E-015  2.27891165140E-015 -1.08122661742E-006 -1.31596763826E-001 -4.30347180925E-008
1 1 212   1.63473053892E-002 -1.35660796832E-015  2.17173149039E-015 -1.12090966770E-006 -1.31575850063E-001 -4.36127775371E-008
1 1 213   1.63772455090E-002 -1.38705710871E-015  2.06471395970E-015 -1.16059271800E-006 -1.31554936300E-001 -4.41908369833E-008
1 1 214   1.64071856287E-002 -1.41762144558E-015  1.95852990943E-015 -1.20027576833E-006 -1.31534022537E-001 -4.47688964313E-008
1 1 215   1.64371257485E-002 -1.44696944314E-015  1.85258980465E-015 -1.23995881869E-006 -1.31513108774E-001 -4.53469558809E-008
1 1 216   1.64670658683E-002 -1.47669691145E-015  1.74750350908E-015 -1.27964186907E-006 -1.31492195011E-001 -4.59250153323E-008
1 1 217   1.64970059880E-002 -1.50584839737E-015  1.64308128735E-015 -1.31932491948E-006 -1.31471281248E-001 -4.65030747853E-008
1 1 218   1.65269461078E-002 -1.53406475890E-015  1.53902498384E-015 -1.35900796992E-006 -1.31450367485E-001 -4.70811342401E-008
1 1 219   1.65568862275E-002 -1.56182033452E-015  1.43556499153E-015 -1.39869102039E-006 -1.31429453722E-001 -4.76591936965E-008
1 1 220   1.65868263473E-002 -1.58911512421E-015  1.33278262558E-015 -1.43837407088E-006 -1.31408539959E-001 -4.82372531547E-008
1 1 221   1.66167664671E-002 -1.61631504621E-015  1.23016288996E-015 -1.47805712140E-006 -1.31387626196E-001 -4.88153126145E-008
1 1 222   1.66467065868E-002 -1.64244431857E-015  1.12835630596E-015 -1.51774017195E-006 -1.31366712433E-001 -4.93933720761E-008
1 1 223   1.66766467066E-002 -1.66805859490E-015  1.02687498262E-015 -1.55742322253E-006 -1.31345798671E-001 -4.99714315393E-008
1 1 224   1.67065868263E-002 -1.69356445100E-015  9.26233915954E-016 -1.59710627313E-006 -1.31324884908E-001 -5.05494910043E-008
1 1 225   1.67365269461E-002 -1.71873149393E-015  8.26162055434E-016 -1.63678932377E-006 -1.31303971145E-001 -5.11275504710E-008
1 1 226   1.67664670658E-002 -1.74309893776E-015  7.26794926326E-016 -1.67647237443E-006 -1.31283057382E-001 -5.17056099393E-008
1 1 227   1.67964071856E-002 -1.76678875523E-015  6.27698847760E-016 -1.71615542511E-006 -1.31262143619E-001 -5.22836694094E-008
1 1 228   1.68263473054E-002 -1.79032949490E-015  5.29144870282E-016 -1.75583847583E-006 -1.31241229856E-001 -5.28617288812E-008
1 1 229   1.68562874251E-002 -1.81294866272E-015  4.31187203997E-016 -1.79552152657E-006 -1.31220316093E-001 -5.34397883547E-008
1 1 230   1.68862275449E-002 -1.83552717296E-015  3.33880059017E-016 -1.83520457734E-006 -1.31199402330E-001 -5.40178478298E-008
1 1 231   1.69161676646E-002 -1.85703503356E-015  2.36871069634E-016 -1.87488762814E-006 -1.31178488567E-001 -5.45959073067E-008
1 1 232   1.69461077844E-002 -1.87839381636E-015  1.40837862206E-016 -1.91457067896E-006 -1.31157574804E-001 -5.51739667853E-008
1 1 233   1.69760479041E-002 -1.89915628796E-015  4.50486002668E-017 -1.95425372981E-006 -1.31136661041E-001 -5.57520262656E-008
1 1 234   1.70059880239E-002 -7.33738055394E-017  1.18615529318E-016 -1.32550554947E-006 -1.31115861195E-001 -5.65599707078E-008
1 1 235   1.70359281436E-002 -7.24831503954E-017  1.10596244890E-016 -1.18706713614E-006 -1.31094992578E-001 -5.62636818775E-008
1 1 236   1.70658682634E-002 -7.07238629639E-017  1.03456604178E-016 -1.04862872272E-006 -1.31074123961E-001 -5.59673930493E-008
1 1 237   1.70958083832E-002 -6.83860520295E-017  9.68632997162E-017 -9.10190309220E-007 -1.31053255344E-001 -5.56711042234E-008
1 1 238   1.71257485029E-002 -6.52012081478E-017  9.12847407256E-017 -7.71751895632E-007 -1.31032386727E-001 -5.53748153997E-008
1 1 239   1.71556886227E-002 -6.14539343892E-017  8.61195338132E-017 -6.33313481959E-007 -1.31011518110E-001 -5.50785265782E-008
1 1 240   1.71856287424E-002 -5.74085050331E-017  8.08713176721E-017 -4.94875068201E-007 -1.30990649493E-001 -5.47822377588E-008
1 1 241   1.72155688622E-002 -5.21975583416E-017  7.72426285260E-017 -3.56436654358E-007 -1.30969780876E-001 -5.44859489417E-008
1 1 242   1.72455089819E-002 -4.64919444089E-017  7.38240035509E-017 -2.17998240430E-007 -1.30948912259E-001 -5.41896601268E-008
1 1 243   1.72754491017E-002 -4.03187682893E-017  7.06933697778E-017 -7.95598264168E-008 -1.30928043642E-001 -5.38933713141E-008
1 1 244   1.73053892214E-002 -3.35018471298E-017  6.81692115950E-017  5.88785876813E-008 -1.30907175025E-001 -5.35970825036E-008
1 1 245   1.73353293412E-002 -2.57904591780E-017  6.66919861350E-017  1.97317001865E-007 -1.30886306408E-001 -5.33007936953E-008
1 1 246   1.73652694610E-002 -1.75369701400E-017  6.55942314354E-017  3.35755416133E-007 -1.30865437791E-001 -5.30045048892E-008
1 1 247   1.73952095807E-002 -8.72782748851E-018  6.50656828763E-017  4.74193830486E-007 -1.30844569174E-001 -5.27082160853E-008
1 1 316   1.94610778443E-002 -8.99602988334E-017  1.10270719541E-016  1.02263596416E-005 -1.29419400713E-001 -4.25985572496E-008
1 1 317   1.94910179641E-002 -9.13141751205E-017  1.10781321589E-016  9.78638336774E-006 -1.29402634452E-001 -4.24118780181E-008
1 1 318   1.95209580838E-002 -9.22363822418E-017  1.11347139598E-016  9.34640709393E-006 -1.29385868191E-001 -4.22251987866E-008
1 1 319   1.95508982036E-002 -9.23968949853E-017  1.11752444863E-016  8.90643082014E-006 -1.29369101930E-001 -4.20385195551E-008
1 1 320   1.95808383234E-002 -9.20750224654E-017  1.12283534521E-016  8.46645454636E-006 -1.29352335669E-001 -4.18518403236E-008
1 1 321   1.96107784431E-002 -9.12720352314E-017  1.12826482640E-016  8.02647827260E-006 -1.29335569408E-001 -4.16651610922E-008
1 1 322   1.96407185629E-002 -8.97278941685E-017  1.13416017571E-016  7.58650199886E-006 -1.29318803147E-001 -4.14784818609E-008
1 1 323   1.96706586826E-002 -8.76475812501E-017  1.13814123057E-016  7.14652572513E-006 -1.29302036886E-001 -4.12918026295E-008
1 1 324   1.97005988024E-002 -8.49235232917E-017  1.14491749414E-016  6.70654945142E-006 -1.29285270625E-001 -4.11051233983E-008
1 1 325   1.97305389222E-002 -8.16573642471E-017  1.14925430283E-016  6.26657317773E-006 -1.29268504364E-001 -4.09184441670E-008
1 1 326   1.97604790419E-002 -7.78253871937E-017  1.15535294005E-016  5.82659690406E-006 -1.29251738103E-001 -4.07317649358E-008
1 1 327   1.97904191617E-002 -7.34445327905E-017  1.16067230696E-016  5.38662063040E-006 -1.29234971842E-001 -4.05450857046E-008
1 1 328   1.98203592815E-002 -6.82844080759E-017  1.16585614860E-016  4.94664435677E-006 -1.29218205581E-001 -4.03584064735E-008
1 1 329   1.98502994012E-002 -6.27854701823E-017  1.17063341442E-016  4.50666808314E-006 -1.29201439320E-001 -4.01717272424E-008
1 1 330   1.98802395210E-002 -5.66089059309E-017  1.17656264505E-016  4.06669180954E-006 -1.29184673059E-001 -3.99850480114E-008
1 1 331   1.99101796407E-002 -4.98360304847E-017  1.18293233282E-016  3.62671553595E-006 -1.29167906798E-001 -3.97983687803E-008
1 1 332   1.99401197605E-002 -4.23821405488E-017  1.18665927779E-016  3.18673926238E-006 -1.29151140537E-001 -3.96116895494E-008
1 1 333   1.99700598803E-002 -3.45013460076E-017  1.19289344028E-016  2.74676298883E-006 -1.29134374276E-001 -3.94250103184E-008
1 1 334   2.00000000000E-002 -2.59056556588E-017  1.19770458742E-016  2.30678671529E-006 -1.29117608015E-001 -3.92383310875E-008
1 1 335   2.00299401198E-002 -1.67373710377E-017  1.20299007301E-016  1.86681044177E-006 -1.29100841754E-001 -3.90516518567E-008
1 1 336   2.00598802395E-002 -7.08797170262E-018  1.20942752341E-016  1.42683416827E-006 -1.29084075493E-001 -3.88649726259E-008
1 1 337   2.00898203593E-002  3.27293530819E-018  1.21471300900E-016  9.86857894789E-007 -1.29067309232E-001 -3.86782933951E-008
1 1 338   2.01197604791E-002  1.41962721960E-017  1.21979520668E-016  5.46881621322E-007 -1.29050542971E-001 -3.84916141643E-008
1 1 339   2.01497005988E-002  2.56617101700E-017  1.22467411646E-016  1.06905347873E-007 -1.29033776710E-001 -3.83049349336E-008
1 1 340   2.01796407186E-002  3.77505643932E-017  1.23124709213E-016 -3.33070925560E-007 -1.29017010449E-001 -3.81182557030E-008
1 1 341   2.02095808383E-002  5.04628348656E-017  1.23504179973E-016 -7.73047198975E-007 -1.29000244188E-001 -3.79315764723E-008
1 1 342   2.02395209581E-002  6.35681286255E-017  1.24236016440E-016 -1.21302347237E-006 -1.28983477927E-001 -3.77448972417E-008
1 1 343   2.02694610779E-002  7.75136790691E-017  1.24710354890E-016 -1.65299974575E-006 -1.28966711665E-001 -3.75582180112E-008
1 1 344   2.02994011976E-002  9.19132391725E-017  1.25211798395E-016 -2.09297601912E-006 -1.28949945404E-001 -3.73715387807E-008
1 1 345   2.03293413174E-002  1.06936215525E-016  1.25781004535E-016 -2.53295229246E-006 -1.28933179143E-001 -3.71848595502E-008
1 1 346   2.03592814371E-002  1.22480964173E-016  1.26472183420E-016 -2.97292856579E-006 -1.28916412882E-001 -3.69981803198E-008
1 1 347   2.03892215569E-002  1.38723667970E-016  1.26878759235E-016 -3.41290483910E-006 -1.28899646621E-001 -3.68115010894E-008
1 1 348   2.04191616767E-002  1.55447486480E-016  1.27529280539E-016 -3.85288111240E-006 -1.28882880360E-001 -3.66248218590E-008
1 1 349   2.04491017964E-002  1.72889588930E-016  1.28084934152E-016 -4.29285738567E-006 -1.28866114099E-001 -3.64381426287E-008
1 1 350   2.04790419162E-002  1.90738267195E-016  1.28681245347E-016 -4.73283365893E-006 -1.28849347838E-001 -3.62514633984E-008
1 1 351   2.05089820359E-002  2.09413649616E-016  1.29114926216E-016 -5.17280993218E-006 -1.28832581577E-001 -3.60647841682E-008
1 1 352   2.05389221557E-002  2.28427845216E-016  1.29860315209E-016 -5.61278620540E-006 -1.28815815316E-001 -3.58781049380E-008
1 1 353   2.05688622755E-002  2.48187429809E-016  1.30293996078E-016 -6.05276247861E-006 -1.28799049055E-001 -3.56914257078E-008
1 1 354   2.05988023952E-002  2.68462010435E-016  1.30917412328E-016 -6.49273875180E-006 -1.28782282794E-001 -3.55047464777E-008
1 1 355   2.06287425150E-002  2.89305797201E-016  1.31418855832E-016 -6.93271502498E-006 -1.28765516533E-001 -3.53180672476E-008
1 1 356   2.06586826347E-002  3.10976288123E-016  1.31866089229E-016 -7.37269129813E-006 -1.28748750272E-001 -3.51313880176E-008
1 1 357   2.06886227545E-002  3.32822961899E-016  1.32570820641E-016 -7.81266757127E-006 -1.28731984011E-001 -3.49447087876E-008
1 1 358   2.07185628743E-002  3.55536997412E-016  1.33140026781E-016 -8.25264384439E-006 -1.28715217750E-001 -3.47580295576E-008
1 1 359   2.07485029940E-002  3.78860896648E-016  1.33682127867E-016 -8.69262011750E-006 -1.28698451489E-001 -3.45713503277E-008
1 1 360   2.07784431138E-002  4.02632029280E-016  1.34197123899E-016 -9.13259639059E-006 -1.28681685228E-001 -3.43846710978E-008
1 1 361   2.08083832336E-002  4.26972368052E-016  1.34793435094E-016 -9.57257266366E-006 -1.28664918967E-001 -3.41979918679E-008
1 1 362   2.08383233533E-002  4.51963228128E-016  1.35416851343E-016 -1.00125489367E-005 -1.28648152706E-001 -3.40113126381E-008
1 1 363   2.08682634731E-002  4.77591056980E-016  1.36040267593E-016 -1.04525252097E-005 -1.28631386445E-001 -3.38246334084E-008
1 1 364   2.08982035928E-002  5.03666119228E-016  1.36582368679E-016 -1.08925014828E-005 -1.28614620184E-001 -3.36379541786E-008
1 1 365   2.09281437126E-002  5.30500122997E-016  1.37070259656E-016 -1.13324777558E-005 -1.28597853923E-001 -3.34512749489E-008
1 1 366   2.09580838324E-002  5.57849122798E-016  1.37639465797E-016 -1.17724540288E-005 -1.28581087662E-001 -3.32645957193E-008
1 1 367   2.09880239521E-002  5.85686013577E-016  1.38452617426E-016 -1.22124303017E-005 -1.28564321401E-001 -3.30779164896E-008
1 1 368   2.10179640719E-002  6.14227635767E-016  1.38967613458E-016 -1.26524065747E-005 -1.28547555140E-001 -3.28912372601E-008
1 1 369   2.10479041916E-002  6.43419779262E-016  1.39455504436E-016 -1.30923828476E-005 -1.28530788879E-001 -3.27045580305E-008
1 1 405   2.21257485032E-002  6.75882740482E-016  3.79091289610E-016  1.16642116044E-005 -1.28060878983E-001 -4.91906066980E-008
1 1 406   2.21556886229E-002  6.38349228281E-016  3.81259693955E-016  1.11019050334E-005 -1.28051877659E-001 -4.91254642077E-008
1 1 407   2.21856287427E-002  6.01462002219E-016  3.83482308408E-016  1.05395984623E-005 -1.28042876335E-001 -4.90603217174E-008
1 1 408   2.22155688625E-002  5.65438538006E-016  3.85677817807E-016  9.97729189119E-006 -1.28033875011E-001 -4.89951792271E-008
1 1 409   2.22455089822E-002  5.30197732235E-016  3.87927537315E-016  9.41498532004E-006 -1.28024873687E-001 -4.89300367368E-008
1 1 410   2.22754491020E-002  4.96064210285E-016  3.90014626497E-016  8.85267874885E-006 -1.28015872363E-001 -4.88648942464E-008
1 1 411   2.23053892217E-002  4.62279242392E-016  3.92318556114E-016  8.29037217761E-006 -1.28006871039E-001 -4.87997517560E-008
1 1 412   2.23353293415E-002  4.29222299318E-016  3.94649590785E-016  7.72806560634E-006 -1.27997869715E-001 -4.87346092656E-008
1 1 413   2.23652694612E-002  3.97408377094E-016  3.96655364804E-016  7.16575903502E-006 -1.27988868391E-001 -4.86694667751E-008
1 1 414   2.23952095810E-002  3.65932421016E-016  3.99094819692E-016  6.60345246366E-006 -1.27979867067E-001 -4.86043242847E-008
1 1 415   2.24251497007E-002  3.35331026456E-016  4.01425854363E-016  6.04114589226E-006 -1.27970865743E-001 -4.85391817942E-008
1 1 416   2.24550898205E-002  3.05688049675E-016  4.03702678925E-016  5.47883932082E-006 -1.27961864419E-001 -4.84740393037E-008
1 1 417   2.24850299403E-002  2.76694641286E-016  4.05843978216E-016  4.91653274934E-006 -1.27952863095E-001 -4.84088968131E-008
1 1 418   2.25149700600E-002  2.48575476778E-016  4.08093697724E-016  4.35422617781E-006 -1.27943861771E-001 -4.83437543225E-008
1 1 419   2.25449101798E-002  2.21103339562E-016  4.10451837449E-016  3.79191960625E-006 -1.27934860447E-001 -4.82786118320E-008
1 1 420   2.25748502995E-002  1.94480988151E-016  4.12809977174E-016  3.22961303464E-006 -1.27925859123E-001 -4.82134693413E-008
1 1 421   2.26047904193E-002  1.68559556504E-016  4.15086801736E-016  2.66730646299E-006 -1.27916857799E-001 -4.81483268507E-008
1 1 422   2.26347305390E-002  1.43488228298E-016  4.17363626298E-016  2.10499989129E-006 -1.27907856475E-001 -4.80831843600E-008
1 1 423   2.26646706588E-002  1.19293790951E-016  4.19613345806E-016  1.54269331956E-006 -1.27898855151E-001 -4.80180418693E-008
1 1 424   2.26946107786E-002  9.57195934792E-017  4.22134115857E-016  9.80386747785E-007 -1.27889853827E-001 -4.79528993786E-008
1 1 425   2.27245508983E-002  7.29710413730E-017  4.24383835365E-016  4.18080175968E-007 -1.27880852503E-001 -4.78877568879E-008
1 1 426   2.27544910181E-002  5.10019713365E-017  4.26796185199E-016 -1.44226395891E-007 -1.27871851180E-001 -4.78226143971E-008
1 1 427   2.27844311378E-002  2.98418177647E-017  4.29045904707E-016 -7.06532967792E-007 -1.27862849856E-001 -4.77574719063E-008
1 1 428   2.28143712576E-002  9.33239725461E-018  4.31553122231E-016 -1.26883953973E-006 -1.27853848532E-001 -4.76923294155E-008
1 1 429   2.28443113773E-002 -1.03036264078E-017  4.33911261956E-016 -1.83114611172E-006 -1.27844847208E-001 -4.76271869247E-008
1 1 430   2.28742514971E-002 -2.91845201976E-017  4.36242296627E-016 -2.39345268374E-006 -1.27835845884E-001 -4.75620444338E-008
1 1 431   2.29041916168E-002 -4.70525743409E-017  4.38586883825E-016 -2.95575925581E-006 -1.27826844560E-001 -4.74969019429E-008
1 1 432   2.29341317366E-002 -6.44771008571E-017  4.40972128604E-016 -3.51806582792E-006 -1.27817843236E-001 -4.74317594520E-008
1 1 433   2.29640718564E-002 -8.09567621206E-017  4.43452241074E-016 -4.08037240007E-006 -1.27808841912E-001 -4.73666169610E-008
1 1 434   2.29940119761E-002 -9.66880697752E-017  4.45851038380E-016 -4.64267897226E-006 -1.27799840588E-001 -4.73014744701E-008
1 1 435   2.30239520959E-002 -1.11691299672E-016  4.48222730633E-016 -5.20498554450E-006 -1.27790839264E-001 -4.72363319791E-008
1 1 436   2.30538922156E-002 -1.25800115716E-016  4.50716395629E-016 -5.76729211677E-006 -1.27781837940E-001 -4.71711894881E-008
1 1 437   2.30838323354E-002 -1.39204888563E-016  4.53155850517E-016 -6.32959868909E-006 -1.27772836616E-001 -4.71060469970E-008
1 1 438   2.31137724551E-002 -1.51800268488E-016  4.55486885188E-016 -6.89190526145E-006 -1.27763835292E-001 -4.70409045060E-008
1 1 439   2.31437125749E-002 -1.63636706893E-016  4.58014431503E-016 -7.45421183385E-006 -1.27754833968E-001 -4.69757620149E-008
1 1 440   2.31736526947E-002 -1.74701392404E-016  4.60433557600E-016 -8.01651840629E-006 -1.27745832644E-001 -4.69106195238E-008
1 1 441   2.32035928144E-002 -1.84865099557E-016  4.62886565016E-016 -8.57882497878E-006 -1.27736831320E-001 -4.68454770326E-008
1 1 442   2.32335329342E-002 -1.94463332808E-016  4.65427663857E-016 -9.14113155130E-006 -1.27727829996E-001 -4.67803345415E-008
1 1 443   2.32634730539E-002 -2.03201483511E-016  4.67826461164E-016 -9.70343812387E-006 -1.27718828672E-001 -4.67151920503E-008
1 1 444   2.32934131737E-002 -2.11106444961E-016  4.70333678688E-016 -1.02657446965E-005 -1.27709827348E-001 -4.66500495591E-008
1 1 445   2.33233532935E-002 -2.18261358736E-016  4.72840896212E-016 -1.08280512691E-005 -1.27700826024E-001 -4.65849070678E-008
1 1 446   2.33532934132E-002 -2.24566142600E-016  4.75273574836E-016 -1.13903578418E-005 -1.27691824700E-001 -4.65197645766E-008
1 1 447   2.33832335330E-002 -2.30223740352E-016  4.77921399829E-016 -1.19526644146E-005 -1.27682823376E-001 -4.64546220853E-008
1 1 448   2.34131736527E-002 -2.34919466019E-016  4.80366783948E-016 -1.25149709873E-005 -1.27673822052E-001 -4.63894795940E-008
1 1 463   2.38622754491E-002 -1.38972960354E-016  1.97254491658E-016 -7.28654793929E-006 -1.27627497544E-001 -3.84870141869E-008
1 1 464   2.38922155689E-002 -1.44285498059E-016  1.29589264666E-016 -7.28860903765E-006 -1.27623777598E-001 -3.81075675323E-008
1 1 465   2.39221556886E-002 -1.50647350768E-016  6.71527720583E-017 -7.29067013603E-006 -1.27620057651E-001 -3.77281208797E-008
1 1 466   2.39520958084E-002 -1.58015266860E-016  1.07064964533E-017 -7.29273123443E-006 -1.27616337705E-001 -3.73486742293E-008
1 1 467   2.39820359281E-002 -1.66604604461E-016 -4.00477177462E-017 -7.29479233284E-006 -1.27612617759E-001 -3.69692275809E-008
1 1 468   2.40119760479E-002 -1.76469150165E-016 -8.47710573612E-017 -7.29685343127E-006 -1.27608897812E-001 -3.65897809345E-008
1 1 469   2.40419161677E-002 -1.87184116948E-016 -1.24263121494E-016 -7.29891452972E-006 -1.27605177866E-001 -3.62103342903E-008
1 1 470   2.40718562874E-002 -1.99165397987E-016 -1.57480365554E-016 -7.30097562818E-006 -1.27601457919E-001 -3.58308876481E-008
1 1 471   2.41017964072E-002 -2.12311349328E-016 -1.85052982053E-016 -7.30303672666E-006 -1.27597737973E-001 -3.54514410080E-008
1 1 472   2.41317365269E-002 -2.26637641082E-016 -2.07048733627E-016 -7.30509782516E-006 -1.27594018027E-001 -3.50719943699E-008
1 1 473   2.41616766467E-002 -2.42010018525E-016 -2.23135583361E-016 -7.30715892367E-006 -1.27590298080E-001 -3.46925477340E-008
1 1 474   2.41916167665E-002 -2.58594076599E-016 -2.33618463116E-016 -7.30922002220E-006 -1.27586578134E-001 -3.43131011001E-008
1 1 475   2.42215568862E-002 -2.76199021133E-016 -2.38266979931E-016 -7.31128112075E-006 -1.27582858187E-001 -3.39336544682E-008
1 1 476   2.42514970060E-002 -2.94998917397E-016 -2.37203106549E-016 -7.31334221931E-006 -1.27579138241E-001 -3.35542078385E-008
1 1 477   2.42814371257E-002 -3.01828332293E-016 -2.34702665289E-016 -1.79348832342E-005 -1.27588136476E-001 -4.20263968886E-008
1 1 478   2.43113772455E-002 -2.48214534863E-016 -2.49583340106E-016 -1.71879564610E-005 -1.27584678699E-001 -4.21192686085E-008
1 1 479   2.43413173653E-002 -1.89139068990E-016 -2.64003229000E-016 -1.64410296878E-005 -1.27581220921E-001 -4.22121403289E-008
1 1 480   2.43712574850E-002 -1.25062720596E-016 -2.78206277460E-016 -1.56941029147E-005 -1.27577763144E-001 -4.23050120498E-008
1 1 481   2.44011976048E-002 -5.51452329980E-017 -2.92029855159E-016 -1.49471761415E-005 -1.27574305366E-001 -4.23978837713E-008
1 1 482   2.44311377246E-002  2.00848452453E-017 -3.05663697478E-016 -1.42002493684E-005 -1.27570847589E-001 -4.24907554933E-008
1 1 483   2.44610778443E-002  1.00397121172E-016 -3.18836753874E-016 -1.34533225952E-005 -1.27567389812E-001 -4.25836272158E-008
1 1 484   2.44910179641E-002  1.86184618070E-016 -3.31738759726E-016 -1.27063958221E-005 -1.27563932034E-001 -4.26764989388E-008
1 1 485   2.45209580838E-002  2.77745491536E-016 -3.44261294818E-016 -1.19594690489E-005 -1.27560474257E-001 -4.27693706623E-008
1 1 486   2.45508982036E-002  3.74334352578E-016 -3.56485674313E-016 -1.12125422757E-005 -1.27557016480E-001 -4.28622423863E-008
1 1 487   2.45808383234E-002  4.76276461846E-016 -3.68628738645E-016 -1.04656155026E-005 -1.27553558702E-001 -4.29551141109E-008
1 1 488   2.46107784431E-002  5.83775107248E-016 -3.80094176619E-016 -9.71868872941E-006 -1.27550100925E-001 -4.30479858359E-008
1 1 489   2.46407185629E-002  6.96437265496E-016 -3.91532509539E-016 -8.97176195624E-006 -1.27546643148E-001 -4.31408575615E-008
1 1 490   2.46706586826E-002  8.14452671971E-016 -4.02428741372E-016 -8.22483518308E-006 -1.27543185370E-001 -4.32337292876E-008
1 1 491   2.47005988024E-002  9.38187244906E-016 -4.13162342880E-016 -7.47790840991E-006 -1.27539727593E-001 -4.33266010143E-008
1 1 492   2.47305389222E-002  1.06661099224E-015 -4.23543578681E-016 -6.73098163675E-006 -1.27536269816E-001 -4.34194727414E-008
1 1 493   2.47604790419E-002  1.20116048184E-015 -4.33572448777E-016 -5.98405486358E-006 -1.27532812038E-001 -4.35123444691E-008
1 1 494   2.47904191617E-002  1.34056177617E-015 -4.43330268329E-016 -5.23712809041E-006 -1.27529354261E-001 -4.36052161972E-008
1 1 495   2.48203592814E-002  1.48587197234E-015 -4.52627301958E-016 -4.49020131724E-006 -1.27525896484E-001 -4.36980879259E-008
1 1 496   2.48502994012E-002  1.63611528839E-015 -4.61870125479E-016 -3.74327454407E-006 -1.27522438706E-001 -4.37909596551E-008
1 1 497   2.48802395210E-002  1.79167119509E-015 -4.70652163076E-016 -2.99634777090E-006 -1.27518980929E-001 -4.38838313849E-008
1 1 498   2.49101796407E-002  1.95270232276E-015 -4.79217360239E-016 -2.24942099773E-006 -1.27515523152E-001 -4.39767031151E-008
1 1 499   2.49401197605E-002  2.11939840677E-015 -4.87511506858E-016 -1.50249422456E-006 -1.27512065374E-001 -4.40695748458E-008
1 1 500   2.49700598802E-002  2.29137997639E-015 -4.94992501848E-016 -7.55567451383E-007 -1.27508607597E-001 -4.41624465771E-008
1 1 501   2.50000000000E-002 -1.45144855336E-015  2.18954628733E-016 -8.64067830023E-009 -1.27437434979E-005 -3.48833119480E-008
