1 1 3   1.00898203593E-002  9.61145225908E-017  3.86584143061E-016  7.24927894322E-005  4.21826809008E-001  6.50600497419E-004
1 1 4   1.01197604790E-002  1.09965205344E-016  4.22130727725E-016  7.14083911905E-005  4.21839299756E-001  6.47449723911E-004
1 1 5   1.01497005988E-002  1.24297002812E-016  4.59118962466E-016  7.03239929489E-005  4.21851790504E-001  6.44298950403E-004
1 1 6   1.01796407186E-002  1.39116691257E-016  4.97326924651E-016  6.92395947072E-005  4.21864281252E-001  6.41148176895E-004
1 1 7   1.02095808383E-002  1.54525914633E-016  5.36717344830E-016  6.81551964656E-005  4.21876772000E-001  6.37997403387E-004
1 1 8   1.02395209581E-002  1.70558554259E-016  5.77391866957E-016  6.70707982239E-005  4.21889262748E-001  6.34846629879E-004
1 1 9   1.02694610778E-002  1.87011322227E-016  6.19445358722E-016  6.59863999822E-005  4.21901753496E-001  6.31695856371E-004
1 1 10   1.02994011976E-002  2.04087506443E-016  6.62576276397E-016  6.49020017406E-005  4.21914244244E-001  6.28545082863E-004
1 1 11   1.03293413174E-002  2.21665134165E-016  7.07126821290E-016  6.38176034989E-005  4.21926734992E-001  6.25394309355E-004
1 1 12   1.03592814371E-002  2.39710324073E-016  7.52809002202E-016  6.27332052573E-005  4.21939225740E-001  6.22243535848E-004
1 1 13   1.03892215569E-002  2.58446692866E-016  7.99843047697E-016  6.16488070156E-005  4.21951716489E-001  6.19092762340E-004
1 1 14   1.04191616766E-002  2.77576084947E-016  8.48110373163E-016  6.05644087740E-005  4.21964207237E-001  6.15941988832E-004
1 1 15   1.04491017964E-002  2.97301788223E-016  8.97749892004E-016  5.94800105323E-005  4.21976697985E-001  6.12791215324E-004
1 1 16   1.04790419162E-002  3.17542487530E-016  9.48487165545E-016  5.83956122907E-005  4.21989188733E-001  6.09640441816E-004
1 1 17   1.05089820359E-002  3.38406603087E-016  1.00057969180E-015  5.73112140490E-005  4.22001679481E-001  6.06489668308E-004
1 1 18   1.05389221557E-002  3.59792490939E-016  1.05391566242E-015  5.62268158074E-005  4.22014170229E-001  6.03338894800E-004
1 1 19   1.05688622754E-002  3.81557849552E-016  1.10850524181E-015  5.51424175657E-005  4.22026660977E-001  6.00188121292E-004
1 1 20   1.05988023952E-002  4.04014387050E-016  1.16438231127E-015  5.40580193241E-005  4.22039151725E-001  5.97037347784E-004
1 1 21   1.06287425150E-002  4.27013025633E-016  1.22142489807E-015  5.29736210824E-005  4.22051642473E-001  5.93886574276E-004
1 1 22   1.06586826347E-002  4.50431792559E-016  1.27986000704E-015  5.18892228408E-005  4.22064133221E-001  5.90735800768E-004
1 1 23   1.06886227545E-002  4.74487528261E-016  1.33945724521E-015  5.08048245991E-005  4.22076623970E-001  5.87585027261E-004
1 1 24   1.07185628742E-002  4.99017602414E-016  1.40048427499E-015  4.97204263575E-005  4.22089114718E-001  5.84434253753E-004
1 1 25   1.07485029940E-002  5.24211750397E-016  1.46257517816E-015  4.86360281158E-005  4.22101605466E-001  5.81283480245E-004
1 1 26   1.07784431138E-002  5.49758264086E-016  1.52602811030E-015  4.75516298742E-005  4.22114096214E-001  5.78132706737E-004
1 1 27   1.08083832335E-002  5.76023061714E-016  1.59070754615E-015  4.64672316325E-005  4.22126586962E-001  5.74981933229E-004
1 1 28   1.08383233533E-002  6.02653777576E-016  1.65668802461E-015  4.53828333909E-005  4.22139077710E-001  5.71831159721E-004
1 1 29   1.08682634731E-002  6.29948567268E-016  1.72388145425E-015  4.42984351493E-005  4.22151568458E-001  5.68680386213E-004
1 1 30   1.08982035928E-002  6.57799010574E-016  1.79245046540E-015  4.32140369076E-005  4.22164059206E-001  5.65529612705E-004
1 1 31   1.09281437126E-002  6.86123792330E-016  1.86221887520E-015  4.21296386660E-005  4.22176549954E-001  5.62378839197E-004
1 1 32   1.09580838323E-002  7.14895807483E-016  1.93317990739E-015  4.10452404243E-005  4.22189040702E-001  5.59228065690E-004
1 1 33   1.09880239521E-002  7.44291238884E-016  2.00551652108E-015  3.99608421827E-005  4.22201531451E-001  5.56077292182E-004
1 1 34   1.10179640719E-002  7.74282981481E-016  2.07906608596E-015  3.88764439411E-005  4.22214022199E-001  5.52926518674E-004
1 1 35   1.10479041916E-002  8.04762615055E-016  2.15390314091E-015  3.77920456994E-005  4.22226512947E-001  5.49775745166E-004
1 1 36   1.10778443112E-002  7.00442714897E-015  6.12777515362E-017  1.00435713115E-004  4.22074005883E-001  6.02417297256E-004
1 1 37   1.11077844310E-002  6.86599824847E-015 -7.52978408791E-017  9.29412943260E-005  4.22075596971E-001  5.98413715171E-004
1 1 38   1.11377245507E-002  6.72854512992E-015 -2.01485421229E-016  8.54468755366E-005  4.22077188060E-001  5.94410133085E-004
1 1 39   1.11676646705E-002  6.59174592080E-015 -3.17603473902E-016  7.79524567473E-005  4.22078779148E-001  5.90406550999E-004
1 1 40   1.11976047903E-002  6.45575986332E-015 -4.23516473627E-016  7.04580379580E-005  4.22080370236E-001  5.86402968913E-004
1 1 41   1.12275449100E-002  6.32072248274E-015 -5.19183762822E-016  6.29636191687E-005  4.22081961324E-001  5.82399386827E-004
1 1 42   1.12574850298E-002  6.18609167797E-015 -6.04876392030E-016  5.54692003795E-005  4.22083552412E-001  5.78395804741E-004
1 1 43   1.12874251495E-002  6.05251119406E-015 -6.80296205653E-016  4.79747815902E-005  4.22085143501E-001  5.74392222656E-004
1 1 44   1.13173652693E-002  5.91963544155E-015 -7.45348336002E-016  4.04803628010E-005  4.22086734589E-001  5.70388640570E-004
1 1 45   1.13473053891E-002  5.78703751586E-015 -8.00547779109E-016  3.29859440118E-005  4.22088325677E-001  5.66385058484E-004
1 1 46   1.13772455088E-002  5.65583550046E-015 -8.45271118724E-016  2.54915252226E-005  4.22089916765E-001  5.62381476399E-004
1 1 47   1.14071856286E-002  5.52537887406E-015 -8.79843615499E-016  1.79971064335E-005  4.22091507853E-001  5.58377894313E-004
1 1 48   1.14371257483E-002  5.39561342654E-015 -9.04319479543E-016  1.05026876444E-005  4.22093098942E-001  5.54374312227E-004
1 1 49   1.14670658681E-002  5.26670856449E-015 -9.18698710856E-016  3.00826885525E-006  4.22094690030E-001  5.50370730141E-004
1 1 50   1.14970059879E-002  5.13844067122E-015 -9.22832231638E-016 -4.48614993384E-006  4.22096281118E-001  5.46367148056E-004
1 1 51   1.15269461076E-002  5.01091816695E-015 -9.16543859038E-016 -1.19805687229E-005  4.22097872206E-001  5.42363565970E-004
1 1 52   1.15568862274E-002  4.88432739892E-015 -9.00226616342E-016 -1.94749875120E-005  4.22099463295E-001  5.38359983885E-004
1 1 53   1.15868263472E-002  4.75855994691E-015 -8.74060074535E-016 -2.69694063010E-005  4.22101054383E-001  5.34356401799E-004
1 1 54   1.16167664672E-002 -3.12330185586E-015 -8.43251792178E-016 -1.63652639284E-005  4.22019372450E-001  5.18589348990E-004
1 1 55   1.16467065869E-002 -3.00595052322E-015 -8.42736796146E-016 -2.38876734900E-005  4.21987407944E-001  5.15588580708E-004
1 1 56   1.16766467067E-002 -2.88881603101E-015 -8.42221800114E-016 -3.14100830517E-005  4.21955443439E-001  5.12587812426E-004
1 1 57   1.17065868264E-002 -2.77147147463E-015 -8.41639041446E-016 -3.89324926137E-005  4.21923478933E-001  5.09587044144E-004
1 1 58   1.17365269462E-002 -2.65443862637E-015 -8.41140986073E-016 -4.64549021759E-005  4.21891514428E-001  5.06586275863E-004
1 1 59   1.17664670660E-002 -2.53712456317E-015 -8.40524346088E-016 -5.39773117384E-005  4.21859549922E-001  5.03585507581E-004
1 1 60   1.17964071857E-002 -2.41996296591E-015 -8.40080500823E-016 -6.14997213011E-005  4.21827585416E-001  5.00584739299E-004
1 1 61   1.18263473055E-002 -2.30330535325E-015 -8.39508541826E-016 -6.90221308640E-005  4.21795620911E-001  4.97583971017E-004
1 1 62   1.18562874252E-002 -1.79354144383E-016  6.42308472035E-016 -9.46532519267E-006  4.21871368837E-001  4.11935766157E-004
1 1 63   1.18862275449E-002 -1.92811803849E-016  5.93424506583E-016 -1.16814447853E-005  4.21837133380E-001  4.13345572349E-004
1 1 64   1.19161676647E-002 -2.06228805734E-016  5.45963556482E-016 -1.38975643779E-005  4.21802897923E-001  4.14755378542E-004
1 1 65   1.19461077845E-002 -2.19686465200E-016  4.98868524615E-016 -1.61136839705E-005  4.21768662466E-001  4.16165184734E-004
1 1 66   1.19760479042E-002 -2.32859521596E-016  4.53020325246E-016 -1.83298035631E-005  4.21734427008E-001  4.17574990927E-004
1 1 67   1.20059880240E-002 -2.46330733589E-016  4.08093697724E-016 -2.05459231557E-005  4.21700191551E-001  4.18984797120E-004
1 1 68   1.20359281437E-002 -2.59829050636E-016  3.63505883380E-016 -2.27620427482E-005  4.21665956094E-001  4.20394603312E-004
1 1 69   1.20658682635E-002 -2.72920791869E-016  3.20476609660E-016 -2.49781623408E-005  4.21631720637E-001  4.21804409505E-004
1 1 70   1.20958083833E-002 -2.86283583645E-016  2.78043647134E-016 -2.71942819334E-005  4.21597485180E-001  4.23214215698E-004
1 1 71   1.21257485030E-002 -2.99754795638E-016  2.36545808982E-016 -2.94104015260E-005  4.21563249723E-001  4.24624021890E-004
1 1 72   1.21556886228E-002 -3.12805879289E-016  1.96064410367E-016 -3.16265211185E-005  4.21529014266E-001  4.26033828083E-004
1 1 73   1.21856287425E-002 -3.25965383158E-016  1.56531688653E-016 -3.38426407111E-005  4.21494778809E-001  4.27443634276E-004
1 1 74   1.22155688623E-002 -3.39246859771E-016  1.17568173079E-016 -3.60587603036E-005  4.21460543352E-001  4.28853440468E-004
1 1 75   1.22455089821E-002 -3.52528336384E-016  7.94991242975E-017 -3.82748798962E-005  4.21426307895E-001  4.30263246661E-004
1 1 76   1.22754491018E-002 -3.65552314981E-016  4.27175655959E-017 -4.04909994887E-005  4.21392072438E-001  4.31673052854E-004
1 1 77   1.23053892216E-002 -3.78738923903E-016  6.84402621381E-018 -4.27071190812E-005  4.21357836981E-001  4.33082859046E-004
1 1 78   1.23353293413E-002 -3.91803560082E-016 -2.84806358185E-017 -4.49232386737E-005  4.21323601524E-001  4.34492665239E-004
1 1 79   1.23652694611E-002 -4.04949511423E-016 -6.28295158955E-017 -4.71393582663E-005  4.21289366066E-001  4.35902471431E-004
1 1 80   1.23952095809E-002 -4.17973490020E-016 -9.61348513816E-017 -4.93554778588E-005  4.21255130609E-001  4.37312277624E-004
1 1 81   1.24251497006E-002 -4.31085560044E-016 -1.28450852385E-016 -5.15715974513E-005  4.21220895152E-001  4.38722083817E-004
1 1 82   1.24550898204E-002 -4.44156972486E-016 -1.60217976039E-016 -5.37877170438E-005  4.21186659695E-001  4.40131890009E-004
1 1 83   1.24850299401E-002 -4.57042037679E-016 -1.90457052256E-016 -5.60038366363E-005  4.21152424238E-001  4.41541696202E-004
1 1 84   1.25149700599E-002 -4.70035523090E-016 -2.20316657713E-016 -5.82199562288E-005  4.21118188781E-001  4.42951502395E-004
1 1 85   1.25449101797E-002 -4.78693046844E-016 -2.39504495067E-016 -4.19560049346E-005  4.21085693482E-001  4.27844247258E-004
1 1 86   1.25748502994E-002 -4.78356774764E-016 -2.39673054623E-016 -4.03741006143E-005  4.21047000448E-001  4.25162180110E-004
1 1 87   1.26047904192E-002 -4.77164152374E-016 -2.39896671321E-016 -3.87921962940E-005  4.21008307415E-001  4.22480112962E-004
1 1 88   1.26347305390E-002 -4.74863610890E-016 -2.40482818121E-016 -3.72102919739E-005  4.20969614381E-001  4.19798045815E-004
1 1 89   1.26646706587E-002 -4.71461926574E-016 -2.40489594384E-016 -3.56283876539E-005  4.20930921347E-001  4.17115978667E-004
1 1 90   1.26946107785E-002 -4.67186104256E-016 -2.40801302509E-016 -3.40464833341E-005  4.20892228313E-001  4.14433911519E-004
1 1 91   1.27245508982E-002 -4.61870125479E-016 -2.40882617672E-016 -3.24645790143E-005  4.20853535279E-001  4.11751844372E-004
1 1 92   1.27544910180E-002 -4.55351359917E-016 -2.41424718758E-016 -3.08826746947E-005  4.20814842246E-001  4.09069777224E-004
1 1 93   1.27844311378E-002 -4.48087205361E-016 -2.41587349084E-016 -2.93007703752E-005  4.20776149212E-001  4.06387710077E-004
1 1 94   1.28143712575E-002 -4.39786282478E-016 -2.41912609736E-016 -2.77188660559E-005  4.20737456178E-001  4.03705642929E-004
1 1 95   1.28443113773E-002 -4.30401157422E-016 -2.42414053241E-016 -2.61369617366E-005  4.20698763144E-001  4.01023575782E-004
1 1 96   1.28742514971E-002 -4.20080907993E-016 -2.42576683566E-016 -2.45550574175E-005  4.20660070111E-001  3.98341508634E-004
1 1 97   1.29041916168E-002 -4.08595141228E-016 -2.42779971474E-016 -2.29731530985E-005  4.20621377077E-001  3.95659441487E-004
1 1 98   1.29341317366E-002 -3.96357209206E-016 -2.43132337180E-016 -2.13912487796E-005  4.20582684043E-001  3.92977374339E-004
1 1 99   1.29640718564E-002 -3.82872444686E-016 -2.43430492777E-016 -1.98093444609E-005  4.20543991009E-001  3.90295307192E-004
1 1 100   1.29940119761E-002 -3.68371240629E-016 -2.43864173646E-016 -1.82274401422E-005  4.20505297975E-001  3.87613240044E-004
1 1 101   1.30239520959E-002 -3.53097542524E-016 -2.43945488809E-016 -1.66455358237E-005  4.20466604942E-001  3.84931172897E-004
1 1 102   1.30538922156E-002 -3.36712537193E-016 -2.44243644407E-016 -1.50636315053E-005  4.20427911908E-001  3.82249105750E-004
1 1 103   1.30838323354E-002 -3.19270434743E-016 -2.44568905058E-016 -1.34817271871E-005  4.20389218874E-001  3.79567038602E-004
1 1 104   1.31137724552E-002 -3.01001628136E-016 -2.44758640439E-016 -1.18998228689E-005  4.20350525840E-001  3.76884971455E-004
1 1 105   1.31437125749E-002 -2.81445331450E-016 -2.45138111199E-016 -1.03179185509E-005  4.20311832807E-001  3.74202904307E-004
1 1 106   1.31736526947E-002 -2.79669950393E-016  1.98033592563E-015 -8.34356575471E-006  4.20239368533E-001  3.74438499501E-004
1 1 107   1.32035928145E-002 -2.88343567773E-016  1.89570716980E-015 -5.89691535788E-006  4.20173302710E-001  3.72278508755E-004
1 1 108   1.32335329342E-002 -2.96908764935E-016  1.81282668998E-015 -3.45026496095E-006  4.20107236887E-001  3.70118518010E-004
1 1 109   1.32634730540E-002 -3.05230016609E-016  1.73169448616E-015 -1.00361456389E-006  4.20041171064E-001  3.67958527264E-004
1 1 110   1.32934131737E-002 -3.13253112685E-016  1.65215470428E-015  1.44303583328E-006  4.19975105240E-001  3.65798536518E-004
1 1 111   1.33233532935E-002 -3.21221998653E-016  1.57408537160E-015  3.88968623056E-006  4.19909039417E-001  3.63638545772E-004
1 1 112   1.33532934133E-002 -3.28730098698E-016  1.49763895404E-015  6.33633662797E-006  4.19842973594E-001  3.61478555026E-004
1 1 113   1.33832335330E-002 -3.35940043145E-016  1.42336771709E-015  8.78298702548E-006  4.19776907771E-001  3.59318564280E-004
1 1 114   1.34131736528E-002 -3.43041567374E-016  1.35032976012E-015  1.12296374231E-005  4.19710841948E-001  3.57158573534E-004
1 1 115   1.34431137725E-002 -3.49804278425E-016  1.27898586904E-015  1.36762878209E-005  4.19644776125E-001  3.54998582788E-004
1 1 116   1.34730538923E-002 -3.56092651026E-016  1.20955627242E-015  1.61229382187E-005  4.19578710302E-001  3.52838592042E-004
1 1 117   1.35029940120E-002 -3.62597864061E-016  1.14150564543E-015  1.85695886167E-005  4.19512644479E-001  3.50678601296E-004
1 1 118   1.35329341318E-002 -3.68452555792E-016  1.07519651819E-015  2.10162390148E-005  4.19446578656E-001  3.48518610551E-004
1 1 119   1.35628742516E-002 -3.74253037415E-016  1.01062719662E-015  2.34628894130E-005  4.19380512833E-001  3.46358619805E-004
1 1 120   1.35928143713E-002 -3.79728258386E-016  9.47570675896E-016  2.59095398113E-005  4.19314447010E-001  3.44198629059E-004
1 1 121   1.36227544911E-002 -3.84918876287E-016  8.86199750735E-016  2.83561902098E-005  4.19248381187E-001  3.42038638313E-004
1 1 122   1.36526946108E-002 -3.89879101226E-016  8.26680439598E-016  3.08028406083E-005  4.19182315364E-001  3.39878647567E-004
1 1 123   1.36826347306E-002 -3.94385316505E-016  7.68563815021E-016  3.32494910070E-005  4.19116249541E-001  3.37718656821E-004
1 1 124   1.37125748504E-002 -3.98993175738E-016  7.12263229083E-016  3.56961414058E-005  4.19050183718E-001  3.35558666075E-004
1 1 125   1.37425149701E-002 -4.03065710149E-016  6.57564382448E-016  3.81427918047E-005  4.18984117895E-001  3.33398675330E-004
1 1 126   1.37724550899E-002 -4.07012883683E-016  6.04602800388E-016  4.05894422037E-005  4.18918052071E-001  3.31238684584E-004
1 1 127   1.38023952096E-002 -4.10665289751E-016  5.53325966860E-016  4.30360926029E-005  4.18851986248E-001  3.29078693838E-004
1 1 128   1.38323353294E-002 -4.14043257145E-016  5.03603862307E-016  4.54827430021E-005  4.18785920425E-001  3.26918703092E-004
1 1 129   1.38622754491E-002 -4.17292475531E-016  4.55448345189E-016  4.79293934015E-005  4.18719854602E-001  3.24758712346E-004
1 1 130   1.38922155689E-002 -4.20069049532E-016  4.09166253193E-016  5.03760438009E-005  4.18653788779E-001  3.22598721600E-004
1 1 131   1.39221556887E-002 -4.22794801556E-016  3.64447148743E-016  5.28226942005E-005  4.18587722956E-001  3.20438730855E-004
1 1 132   1.39520958084E-002 -4.25225786115E-016  3.21408345902E-016  5.52693446003E-005  4.18521657133E-001  3.18278740109E-004
1 1 133   1.39820359282E-002  1.15177507289E-015  2.40174498128E-016  3.91647117183E-005  4.18444728718E-001  3.34024239469E-004
1 1 134   1.40119760480E-002  1.20186521325E-015  1.53211319499E-016  4.05117397036E-005  4.18373245756E-001  3.33699639575E-004
1 1 135   1.40419161677E-002  1.25209087889E-015  6.10033128613E-017  4.18587676890E-005  4.18301762795E-001  3.33375039680E-004
1 1 136   1.40718562875E-002  1.30269601530E-015 -3.67747824380E-017  4.32057956743E-005  4.18230279834E-001  3.33050439786E-004
1 1 137   1.41017964073E-002  1.35319273148E-015 -1.39943395414E-016  4.45528236597E-005  4.18158796872E-001  3.32725839891E-004
1 1 138   1.41317365270E-002  1.40404181337E-015 -2.48621110678E-016  4.58998516450E-005  4.18087313911E-001  3.32401239997E-004
1 1 139   1.41616766467E-002 -3.69831525430E-016  8.05939143818E-017  4.99198013594E-005  4.18004528954E-001  3.09164689795E-004
1 1 140   1.41916167665E-002 -3.84559734317E-016  7.29740059883E-017  4.67696063179E-005  4.17930786743E-001  3.06614062909E-004
1 1 141   1.42215568862E-002 -3.88449309611E-016  6.50453540856E-017  4.36194112765E-005  4.17857044533E-001  3.04063436023E-004
1 1 142   1.42514970060E-002 -3.81720479878E-016  5.67554426308E-017  4.04692162352E-005  4.17783302322E-001  3.01512809136E-004
1 1 143   1.42814371258E-002 -3.64088642048E-016  4.81504349196E-017  3.73190211941E-005  4.17709560111E-001  2.98962182250E-004
1 1 144   1.43113772455E-002 -3.35885833036E-016  3.91701916128E-017  3.41688261530E-005  4.17635817900E-001  2.96411555364E-004
1 1 145   1.43413173653E-002 -2.96868107354E-016  2.99205918288E-017  3.10186311122E-005  4.17562075689E-001  2.93860928478E-004
1 1 146   1.43712574850E-002 -2.47143885218E-016  2.03067678775E-017  2.78684360714E-005  4.17488333478E-001  2.91310301592E-004
1 1 147   1.44011976048E-002 -1.86672509048E-016  1.03676832744E-017  2.47182410308E-005  4.17414591267E-001  2.88759674706E-004
1 1 148   1.44311377246E-002 -1.15453978843E-016  1.81265050712E-019  2.15680459903E-005  4.17340849057E-001  2.86209047820E-004
1 1 149   1.44610778443E-002 -3.34476370212E-017 -1.04964322824E-017  1.84178509499E-005  4.17267106846E-001  2.83658420934E-004
1 1 150   1.44910179641E-002  5.91838860906E-017 -2.14739792788E-017  1.52676559097E-005  4.17193364635E-001  2.81107794048E-004
1 1 151   1.45209580838E-002  1.62698088509E-016 -3.26903895663E-017  1.21174608696E-005  4.17119622424E-001  2.78557167162E-004
1 1 152   1.45508982036E-002  2.76796814636E-016 -4.42202020444E-017  8.96726582964E-006  4.17045880213E-001  2.76006540276E-004
1 1 153   1.45808383234E-002  4.01805325123E-016 -5.62362114341E-017  5.81707078981E-006  4.16972138002E-001  2.73455913390E-004
1 1 154   1.46107784431E-002  5.37384806792E-016 -6.83809698318E-017  2.66687575010E-006  4.16898395792E-001  2.70905286504E-004
1 1 155   1.46407185629E-002  6.84029926885E-016 -8.10182778884E-017 -4.83319289467E-007  4.16824653581E-001  2.68354659618E-004
1 1 156   1.46706586826E-002  8.41174867391E-016 -9.39556473665E-017 -3.63351432890E-006  4.16750911370E-001  2.65804032732E-004
1 1 157   1.47005988024E-002  3.49613939534E-015 -1.04952040846E-016  3.08191860846E-006  4.16719640068E-001  2.80835448699E-004
1 1 158   1.47305389222E-002  3.59734352715E-015 -9.93908460308E-017  1.63318397268E-006  4.16626824550E-001  2.79296126952E-004
1 1 159   1.47604790419E-002  3.70022266662E-015 -9.12796585279E-017  1.84449336748E-007  4.16534009033E-001  2.77756805206E-004
1 1 160   1.47904191617E-002  3.80441544831E-015 -8.06578653693E-017 -1.26428529935E-006  4.16441193516E-001  2.76217483460E-004
1 1 161   1.48203592814E-002  3.91099283950E-015 -6.75525716094E-017 -2.71301993561E-006  4.16348377999E-001  2.74678161714E-004
1 1 162   1.48502994012E-002  4.01890923096E-015 -5.17909825269E-017 -4.16175457203E-006  4.16255562481E-001  2.73138839968E-004
1 1 163   1.48802395210E-002  4.12915919820E-015 -3.37932264637E-017 -5.61048920861E-006  4.16162746964E-001  2.71599518222E-004
1 1 164   1.49101796407E-002  4.24108994350E-015 -1.30646361785E-017 -7.05922384535E-006  4.16069931447E-001  2.70060196476E-004
1 1 165   1.49401197605E-002  4.35434084258E-015  1.03066969022E-017 -8.50795848225E-006  4.15977115929E-001  2.68520874730E-004
1 1 166   1.49700598802E-002  4.46936595806E-015  3.60971560802E-017 -9.95669311932E-006  4.15884300412E-001  2.66981552984E-004
1 1 167   1.50000000000E-002  4.58680262927E-015  6.43067413555E-017 -1.14054277565E-005  4.15791484895E-001  2.65442231238E-004
1 1 168   1.50299401198E-002  4.70501113279E-015  9.52200557985E-017 -1.28541623939E-005  4.15698669378E-001  2.63902909492E-004
1 1 169   1.50598802396E-002  8.42333158477E-016  1.11747690891E-015 -9.68363856248E-006  4.15661082146E-001  2.52617818805E-004
1 1 170   1.50898203594E-002  8.13073278817E-016  1.06063771589E-015 -1.05412007117E-005  4.15565464260E-001  2.51623248352E-004
1 1 171   1.51197604791E-002  7.84346579927E-016  1.00644454793E-015 -1.13987628608E-005  4.15469846375E-001  2.50628677899E-004
1 1 172   1.51497005989E-002  7.56690954199E-016  9.55033036161E-016 -1.22563250097E-005  4.15374228489E-001  2.49634107447E-004
1 1 173   1.51796407187E-002  7.29403787803E-016  9.05932230275E-016 -1.31138871583E-005  4.15278610603E-001  2.48639536994E-004
1 1 174   1.52095808384E-002  7.02971277651E-016  8.59653738168E-016 -1.39714493068E-005  4.15182992718E-001  2.47644966542E-004
1 1 175   1.52395209582E-002  6.77375636051E-016  8.16116244680E-016 -1.48290114551E-005  4.15087374832E-001  2.46650396089E-004
1 1 176   1.52694610779E-002  6.52150994882E-016  7.74872516412E-016 -1.56865736032E-005  4.14991756947E-001  2.45655825637E-004
1 1 177   1.52994011977E-002  6.27944487315E-016  7.36735704995E-016 -1.65441357511E-005  4.14896139061E-001  2.44661255184E-004
1 1 178   1.53293413174E-002  6.04510473796E-016  7.01072229783E-016 -1.74016978988E-005  4.14800521175E-001  2.43666684732E-004
1 1 179   1.53592814372E-002  5.81601620705E-016  6.67997287259E-016 -1.82592600463E-005  4.14704903290E-001  2.42672114280E-004
1 1 180   1.53892215569E-002  5.59553353088E-016  6.37585416321E-016 -1.91168221936E-005  4.14609285404E-001  2.41677543827E-004
1 1 181   1.54191616767E-002  5.38099702600E-016  6.09728196752E-016 -1.99743843407E-005  4.14513667518E-001  2.40682973375E-004
1 1 182   1.54491017965E-002  5.17320290338E-016  5.84554377559E-016 -2.08319464876E-005  4.14418049633E-001  2.39688402922E-004
1 1 183   1.54790419162E-002  4.97452285527E-016  5.62321456760E-016 -2.16895086343E-005  4.14322431747E-001  2.38693832470E-004
1 1 184   1.55089820360E-002  4.78187368175E-016  5.42385689313E-016 -2.25470707808E-005  4.14226813862E-001  2.37699262018E-004
1 1 185   1.55389221557E-002  4.59728826188E-016  5.25417925314E-016 -2.34046329272E-005  4.14131195976E-001  2.36704691565E-004
1 1 186   1.55688622755E-002  4.41829325947E-016  5.10760867194E-016 -2.42621950733E-005  4.14035578090E-001  2.35710121113E-004
1 1 187   1.55988023952E-002  4.24732812939E-016  4.98936287251E-016 -2.51197572192E-005  4.13939960205E-001  2.34715550661E-004
1 1 188   1.56287425150E-002  4.08434204968E-016  4.89747673839E-016 -2.59773193650E-005  4.13844342319E-001  2.33720980208E-004
1 1 189   1.56586826348E-002  3.92730214126E-016  4.83154369377E-016 -2.68348815105E-005  4.13748724434E-001  2.32726409756E-004
1 1 190   1.56886227545E-002  3.77764836014E-016  4.79163150130E-016 -2.76924436559E-005  4.13653106548E-001  2.31731839304E-004
1 1 191   1.57185628743E-002  3.63495718985E-016  4.78048454771E-016 -2.85500058010E-005  4.13557488662E-001  2.30737268851E-004
1 1 192   1.57485029940E-002  3.50048223914E-016  4.79420648146E-016 -2.94075679460E-005  4.13461870777E-001  2.29742698399E-004
1 1 193   1.57784431138E-002  3.37222451027E-016  4.83316999703E-016 -3.02651300907E-005  4.13366252891E-001  2.28748127947E-004
1 1 194   1.58083832335E-002  3.25212370868E-016  4.90086487018E-016 -3.11226922353E-005  4.13270635006E-001  2.27753557495E-004
1 1 195   1.58383233533E-002  3.13807072233E-016  4.99242913178E-016 -3.19802543797E-005  4.13175017120E-001  2.26758987042E-004
1 1 196   1.58682634731E-002  3.03203066766E-016  5.11383436411E-016 -3.28378165238E-005  4.13079399234E-001  2.25764416590E-004
1 1 197   1.58982035928E-002  2.93199607659E-016  5.25848959205E-016 -3.36953786678E-005  4.12983781349E-001  2.24769846138E-004
1 1 198   1.59281437126E-002 -1.37017065987E-015  1.78844569362E-015 -1.91100068949E-005  4.12888477885E-001  2.11066356431E-004
1 1 199   1.59580838323E-002 -1.35908977486E-015  1.85588306875E-015 -1.70596528910E-005  4.12793731265E-001  2.09257497428E-004
1 1 200   1.59880239521E-002 -1.34775139183E-015  1.92454017132E-015 -1.50092988872E-005  4.12698984646E-001  2.07448638425E-004
1 1 201   1.60179640719E-002 -1.33650957055E-015  1.99490489232E-015 -1.29589448834E-005  4.12604238027E-001  2.05639779422E-004
1 1 202   1.60479041916E-002 -1.32434448336E-015  2.06676039130E-015 -1.09085908798E-005  4.12509491407E-001  2.03830920419E-004
1 1 203   1.60778443114E-002 -1.31263848803E-015  2.13991693289E-015 -8.85823687615E-006  4.12414744788E-001  2.02022061416E-004
1 1 204   1.61077844311E-002 -1.30039547381E-015  2.21440162214E-015 -6.80788287261E-006  4.12319998168E-001  2.00213202413E-004
1 1 205   1.61377245509E-002 -1.28712585566E-015  2.29029577421E-015 -4.75752886913E-006  4.12225251549E-001  1.98404343410E-004
1 1 206   1.61676646707E-002 -1.27369445421E-015  2.36713860319E-015 -2.70717486573E-006  4.12130504930E-001  1.96595484407E-004
1 1 207   1.61976047904E-002 -1.26104062902E-015  2.44609562640E-015 -6.56820862386E-007  4.12035758310E-001  1.94786625404E-004
1 1 208   1.62275449102E-002 -1.24703663330E-015  2.52589290629E-015  1.39353314089E-006  4.11941011691E-001  1.92977766401E-004
1 1 209   1.62574850299E-002 -1.26095084352E-015  2.49557929118E-015  2.88888357571E-006  4.11840689238E-001  2.00015550537E-004
1 1 210   1.62874251497E-002 -1.29278403575E-015  2.38680670822E-015  3.71747199864E-006  4.11734256420E-001  1.98660802115E-004
1 1 211   1.63173652695E-002 -1.32467482621E-015  2.27891165140E-015  4.54606042170E-006  4.11627823602E-001  1.97306053694E-004
1 1 212   1.63473053892E-002 -1.35660796832E-015  2.17173149039E-015  5.37464884490E-006  4.11521390785E-001  1.95951305273E-004
1 1 213   1.63772455090E-002 -1.38705710871E-015  2.06471395970E-015  6.20323726823E-006  4.11414957967E-001  1.94596556851E-004
1 1 214   1.64071856287E-002 -1.41762144558E-015  1.95852990943E-015  7.03182569170E-006  4.11308525149E-001  1.93241808430E-004
1 1 215   1.64371257485E-002 -1.44696944314E-015  1.85258980465E-015  7.86041411529E-006  4.11202092332E-001  1.91887060009E-004
1 1 216   1.64670658683E-002 -1.47669691145E-015  1.74750350908E-015  8.68900253902E-006  4.11095659514E-001  1.90532311587E-004
1 1 217   1.64970059880E-002 -1.50584839737E-015  1.64308128735E-015  9.51759096288E-006  4.10989226696E-001  1.89177563166E-004
1 1 218   1.65269461078E-002 -1.53406475890E-015  1.53902498384E-015  1.03461793869E-005  4.10882793878E-001  1.87822814744E-004
1 1 219   1.65568862275E-002 -1.56182033452E-015  1.43556499153E-015  1.11747678110E-005  4.10776361061E-001  1.86468066323E-004
1 1 220   1.65868263473E-002 -1.58911512421E-015  1.33278262558E-015  1.20033562353E-005  4.10669928243E-001  1.85113317902E-004
1 1 221   1.66167664671E-002 -1.61631504621E-015  1.23016288996E-015  1.28319446597E-005  4.10563495425E-001  1.83758569480E-004
1 1 222   1.66467065868E-002 -1.64244431857E-015  1.12835630596E-015  1.36605330842E-005  4.10457062607E-001  1.82403821059E-004
1 1 223   1.66766467066E-002 -1.66805859490E-015  1.02687498262E-015  1.44891215088E-005  4.10350629790E-001  1.81049072637E-004
1 1 224   1.67065868263E-002 -1.69356445100E-015  9.26233915954E-016  1.53177099336E-005  4.10244196972E-001  1.79694324216E-004
1 1 225   1.67365269461E-002 -1.71873149393E-015  8.26162055434E-016  1.61462983586E-005  4.10137764154E-001  1.78339575795E-004
1 1 226   1.67664670658E-002 -1.74309893776E-015  7.26794926326E-016  1.69748867836E-005  4.10031331336E-001  1.76984827373E-004
1 1 227   1.67964071856E-002 -1.76678875523E-015  6.27698847760E-016  1.78034752088E-005  4.09924898519E-001  1.75630078952E-004
1 1 228   1.68263473054E-002 -1.79032949490E-015  5.29144870282E-016  1.86320636341E-005  4.09818465701E-001  1.74275330530E-004
1 1 229   1.68562874251E-002 -1.81294866272E-015  4.31187203997E-016  1.94606520596E-005  4.09712032883E-001  1.72920582109E-004
1 1 230   1.68862275449E-002 -1.83552717296E-015  3.33880059017E-016  2.02892404852E-005  4.09605600065E-001  1.71565833687E-004
1 1 231   1.69161676646E-002 -1.85703503356E-015  2.36871069634E-016  2.11178289109E-005  4.09499167248E-001  1.70211085266E-004
1 1 232   1.69461077844E-002 -1.87839381636E-015  1.40837862206E-016  2.19464173368E-005  4.09392734430E-001  1.68856336844E-004
1 1 233   1.69760479041E-002 -1.89915628796E-015  4.50486002668E-017  2.27750057627E-005  4.09286301612E-001  1.67501588423E-004
1 1 234   1.70059880239E-002 -7.33738055394E-017  1.18615529318E-016  3.10037852733E-006  4.09185624948E-001  1.73299226136E-004
1 1 235   1.70359281436E-002 -7.24831503954E-017  1.10596244890E-016  2.26451816171E-006  4.09079592476E-001  1.71992821146E-004
1 1 236   1.70658682634E-002 -7.07238629639E-017  1.03456604178E-016  1.42865779566E-006  4.08973560003E-001  1.70686416156E-004
1 1 237   1.70958083832E-002 -6.83860520295E-017  9.68632997162E-017  5.92797429178E-007  4.08867527530E-001  1.69380011167E-004
1 1 238   1.71257485029E-002 -6.52012081478E-017  9.12847407256E-017 -2.43062937732E-007  4.08761495057E-001  1.68073606177E-004
1 1 239   1.71556886227E-002 -6.14539343892E-017  8.61195338132E-017 -1.07892330507E-006  4.08655462585E-001  1.66767201187E-004
1 1 240   1.71856287424E-002 -5.74085050331E-017  8.08713176721E-017 -1.91478367284E-006  4.08549430112E-001  1.65460796197E-004
1 1 241   1.72155688622E-002 -5.21975583416E-017  7.72426285260E-017 -2.75064404104E-006  4.08443397639E-001  1.64154391207E-004
1 1 242   1.72455089819E-002 -4.64919444089E-017  7.38240035509E-017 -3.58650440968E-006  4.08337365166E-001  1.62847986217E-004
1 1 243   1.72754491017E-002 -4.03187682893E-017  7.06933697778E-017 -4.42236477874E-006  4.08231332694E-001  1.61541581227E-004
1 1 244   1.73053892214E-002 -3.35018471298E-017  6.81692115950E-017 -5.25822514823E-006  4.08125300221E-001  1.60235176237E-004
1 1 245   1.73353293412E-002 -2.57904591780E-017  6.66919861350E-017 -6.09408551815E-006  4.08019267748E-001  1.58928771248E-004
1 1 246   1.73652694610E-002 -1.75369701400E-017  6.55942314354E-017 -6.92994588850E-006  4.07913235275E-001  1.57622366258E-004
1 1 247   1.73952095807E-002 -8.72782748851E-018  6.50656828763E-017 -7.76580625928E-006  4.07807202803E-001  1.56315961268E-004
1 1 316   1.94610778443E-002 -8.99602988334E-017  1.10270719541E-016 -4.92932447919E-005  4.00294505194E-001  9.42822654948E-005
1 1 317   1.94910179641E-002 -9.13141751205E-017  1.10781321589E-016 -4.71224845447E-005  4.00200873727E-001  9.33881919241E-005
1 1 318   1.95209580838E-002 -9.22363822418E-017  1.11347139598E-016 -4.49517242976E-005  4.00107242260E-001  9.24941183533E-005
1 1 319   1.95508982036E-002 -9.23968949853E-017  1.11752444863E-016 -4.27809640505E-005  4.00013610792E-001  9.16000447825E-005
1 1 320   1.95808383234E-002 -9.20750224654E-017  1.12283534521E-016 -4.06102038036E-005  3.99919979325E-001  9.07059712117E-005
1 1 321   1.96107784431E-002 -9.12720352314E-017  1.12826482640E-016 -3.84394435568E-005  3.99826347858E-001  8.98118976410E-005
1 1 322   1.96407185629E-002 -8.97278941685E-017  1.13416017571E-016 -3.62686833100E-005  3.99732716391E-001  8.89178240702E-005
1 1 323   1.96706586826E-002 -8.76475812501E-017  1.13814123057E-016 -3.40979230634E-005  3.99639084923E-001  8.80237504994E-005
1 1 324   1.97005988024E-002 -8.49235232917E-017  1.14491749414E-016 -3.19271628169E-005  3.99545453456E-001  8.71296769286E-005
1 1 325   1.97305389222E-002 -8.16573642471E-017  1.14925430283E-016 -2.97564025704E-005  3.99451821989E-001  8.62356033578E-005
1 1 326   1.97604790419E-002 -7.78253871937E-017  1.15535294005E-016 -2.75856423241E-005  3.99358190522E-001  8.53415297871E-005
1 1 327   1.97904191617E-002 -7.34445327905E-017  1.16067230696E-016 -2.54148820778E-005  3.99264559055E-001  8.44474562163E-005
1 1 328   1.98203592815E-002 -6.82844080759E-017  1.16585614860E-016 -2.32441218317E-005  3.99170927587E-001  8.35533826455E-005
1 1 329   1.98502994012E-002 -6.27854701823E-017  1.17063341442E-016 -2.10733615857E-005  3.99077296120E-001  8.26593090747E-005
1 1 330   1.98802395210E-002 -5.66089059309E-017  1.17656264505E-016 -1.89026013397E-005  3.98983664653E-001  8.17652355040E-005
1 1 331   1.99101796407E-002 -4.98360304847E-017  1.18293233282E-016 -1.67318410939E-005  3.98890033186E-001  8.08711619332E-005
1 1 332   1.99401197605E-002 -4.23821405488E-017  1.18665927779E-016 -1.45610808481E-005  3.98796401719E-001  7.99770883624E-005
1 1 333   1.99700598803E-002 -3.45013460076E-017  1.19289344028E-016 -1.23903206025E-005  3.98702770251E-001  7.90830147916E-005
1 1 334   2.00000000000E-002 -2.59056556588E-017  1.19770458742E-016 -1.02195603570E-005  3.98609138784E-001  7.81889412209E-005
1 1 335   2.00299401198E-002 -1.67373710377E-017  1.20299007301E-016 -8.04880011152E-006  3.98515507317E-001  7.72948676501E-005
1 1 336   2.00598802395E-002 -7.08797170262E-018  1.20942752341E-016 -5.87803986617E-006  3.98421875850E-001  7.64007940793E-005
1 1 337   2.00898203593E-002  3.27293530819E-018  1.21471300900E-016 -3.70727962093E-006  3.98328244383E-001  7.55067205085E-005
1 1 338   2.01197604791E-002  1.41962721960E-017  1.21979520668E-016 -1.53651937578E-006  3.98234612915E-001  7.46126469378E-005
1 1 339   2.01497005988E-002  2.56617101700E-017  1.22467411646E-016  6.34240869267E-007  3.98140981448E-001  7.37185733670E-005
1 1 340   2.01796407186E-002  3.77505643932E-017  1.23124709213E-016  2.80500111421E-006  3.98047349981E-001  7.28244997962E-005
1 1 341   2.02095808383E-002  5.04628348656E-017  1.23504179973E-016  4.97576135906E-006  3.97953718514E-001  7.19304262254E-005
1 1 342   2.02395209581E-002  6.35681286255E-017  1.24236016440E-016  7.14652160381E-006  3.97860087046E-001  7.10363526547E-005
1 1 343   2.02694610779E-002  7.75136790691E-017  1.24710354890E-016  9.31728184846E-006  3.97766455579E-001  7.01422790839E-005
1 1 344   2.02994011976E-002  9.19132391725E-017  1.25211798395E-016  1.14880420930E-005  3.97672824112E-001  6.92482055131E-005
1 1 345   2.03293413174E-002  1.06936215525E-016  1.25781004535E-016  1.36588023375E-005  3.97579192645E-001  6.83541319423E-005
1 1 346   2.03592814371E-002  1.22480964173E-016  1.26472183420E-016  1.58295625818E-005  3.97485561178E-001  6.74600583716E-005
1 1 347   2.03892215569E-002  1.38723667970E-016  1.26878759235E-016  1.80003228261E-005  3.97391929710E-001  6.65659848008E-005
1 1 348   2.04191616767E-002  1.55447486480E-016  1.27529280539E-016  2.01710830702E-005  3.97298298243E-001  6.56719112300E-005
1 1 349   2.04491017964E-002  1.72889588930E-016  1.28084934152E-016  2.23418433143E-005  3.97204666776E-001  6.47778376592E-005
1 1 350   2.04790419162E-002  1.90738267195E-016  1.28681245347E-016  2.45126035582E-005  3.97111035309E-001  6.38837640885E-005
1 1 351   2.05089820359E-002  2.09413649616E-016  1.29114926216E-016  2.66833638021E-005  3.97017403842E-001  6.29896905177E-005
1 1 352   2.05389221557E-002  2.28427845216E-016  1.29860315209E-016  2.88541240459E-005  3.96923772374E-001  6.20956169469E-005
1 1 353   2.05688622755E-002  2.48187429809E-016  1.30293996078E-016  3.10248842895E-005  3.96830140907E-001  6.12015433761E-005
1 1 354   2.05988023952E-002  2.68462010435E-016  1.30917412328E-016  3.31956445331E-005  3.96736509440E-001  6.03074698054E-005
1 1 355   2.06287425150E-002  2.89305797201E-016  1.31418855832E-016  3.53664047765E-005  3.96642877973E-001  5.94133962346E-005
1 1 356   2.06586826347E-002  3.10976288123E-016  1.31866089229E-016  3.75371650199E-005  3.96549246506E-001  5.85193226638E-005
1 1 357   2.06886227545E-002  3.32822961899E-016  1.32570820641E-016  3.97079252632E-005  3.96455615038E-001  5.76252490930E-005
1 1 358   2.07185628743E-002  3.55536997412E-016  1.33140026781E-016  4.18786855063E-005  3.96361983571E-001  5.67311755222E-005
1 1 359   2.07485029940E-002  3.78860896648E-016  1.33682127867E-016  4.40494457494E-005  3.96268352104E-001  5.58371019515E-005
1 1 360   2.07784431138E-002  4.02632029280E-016  1.34197123899E-016  4.62202059923E-005  3.96174720637E-001  5.49430283807E-005
1 1 361   2.08083832336E-002  4.26972368052E-016  1.34793435094E-016  4.83909662352E-005  3.96081089170E-001  5.40489548099E-005
1 1 362   2.08383233533E-002  4.51963228128E-016  1.35416851343E-016  5.05617264780E-005  3.95987457702E-001  5.31548812391E-005
1 1 363   2.08682634731E-002  4.77591056980E-016  1.36040267593E-016  5.27324867206E-005  3.95893826235E-001  5.22608076684E-005
1 1 364   2.08982035928E-002  5.03666119228E-016  1.36582368679E-016  5.49032469632E-005  3.95800194768E-001  5.13667340976E-005
1 1 365   2.09281437126E-002  5.30500122997E-016  1.37070259656E-016  5.70740072057E-005  3.95706563301E-001  5.04726605268E-005
1 1 366   2.09580838324E-002  5.57849122798E-016  1.37639465797E-016  5.92447674481E-005  3.95612931833E-001  4.95785869560E-005
1 1 367   2.09880239521E-002  5.85686013577E-016  1.38452617426E-016  6.14155276903E-005  3.95519300366E-001  4.86845133853E-005
1 1 368   2.10179640719E-002  6.14227635767E-016  1.38967613458E-016  6.35862879325E-005  3.95425668899E-001  4.77904398145E-005
1 1 369   2.10479041916E-002  6.43419779262E-016  1.39455504436E-016  6.57570481746E-005  3.95332037432E-001  4.68963662437E-005
1 1 405   2.21257485032E-002  6.75882740482E-016  3.79091289610E-016 -5.62702344769E-005  3.92641735037E-001  2.54390704302E-005
1 1 406   2.21556886229E-002  6.38349228281E-016  3.81259693955E-016 -5.34852687994E-005  3.92589937967E-001  2.46065547855E-005
1 1 407   2.21856287427E-002  6.01462002219E-016  3.83482308408E-016 -5.07003031217E-005  3.92538140896E-001  2.37740391408E-005
1 1 408   2.22155688625E-002  5.65438538006E-016  3.85677817807E-016 -4.79153374437E-005  3.92486343826E-001  2.29415234961E-005
1 1 409   2.22455089822E-002  5.30197732235E-016  3.87927537315E-016 -4.51303717655E-005  3.92434546755E-001  2.21090078514E-005
1 1 410   2.22754491020E-002  4.96064210285E-016  3.90014626497E-016 -4.23454060870E-005  3.92382749685E-001  2.12764922067E-005
1 1 411   2.23053892217E-002  4.62279242392E-016  3.92318556114E-016 -3.95604404083E-005  3.92330952614E-001  2.04439765620E-005
1 1 412   2.23353293415E-002  4.29222299318E-016  3.94649590785E-016 -3.67754747294E-005  3.92279155543E-001  1.96114609173E-005
1 1 413   2.23652694612E-002  3.97408377094E-016  3.96655364804E-016 -3.39905090502E-005  3.92227358473E-001  1.87789452726E-005
1 1 414   2.23952095810E-002  3.65932421016E-016  3.99094819692E-016 -3.12055433708E-005  3.92175561402E-001  1.79464296279E-005
1 1 415   2.24251497007E-002  3.35331026456E-016  4.01425854363E-016 -2.84205776911E-005  3.92123764332E-001  1.71139139832E-005
1 1 416   2.24550898205E-002  3.05688049675E-016  4.03702678925E-016 -2.56356120113E-005  3.92071967261E-001  1.62813983385E-005
1 1 417   2.24850299403E-002  2.76694641286E-016  4.05843978216E-016 -2.28506463311E-005  3.92020170191E-001  1.54488826938E-005
1 1 418   2.25149700600E-002  2.48575476778E-016  4.08093697724E-016 -2.00656806508E-005  3.91968373120E-001  1.46163670492E-005
1 1 419   2.25449101798E-002  2.21103339562E-016  4.10451837449E-016 -1.72807149701E-005  3.91916576049E-001  1.37838514045E-005
1 1 420   2.25748502995E-002  1.94480988151E-016  4.12809977174E-016 -1.44957492893E-005  3.91864778979E-001  1.29513357598E-005
1 1 421   2.26047904193E-002  1.68559556504E-016  4.15086801736E-016 -1.17107836082E-005  3.91812981908E-001  1.21188201152E-005
1 1 422   2.26347305390E-002  1.43488228298E-016  4.17363626298E-016 -8.92581792687E-006  3.91761184838E-001  1.12863044705E-005
1 1 423   2.26646706588E-002  1.19293790951E-016  4.19613345806E-016 -6.14085224531E-006  3.91709387767E-001  1.04537888259E-005
1 1 424   2.26946107786E-002  9.57195934792E-017  4.22134115857E-016 -3.35588656350E-006  3.91657590697E-001  9.62127318123E-006
1 1 425   2.27245508983E-002  7.29710413730E-017  4.24383835365E-016 -5.70920881448E-007  3.91605793626E-001  8.78875753658E-006
1 1 426   2.27544910181E-002  5.10019713365E-017  4.26796185199E-016  2.21404480084E-006  3.91553996555E-001  7.95624189194E-006
1 1 427   2.27844311378E-002  2.98418177647E-017  4.29045904707E-016  4.99901048337E-006  3.91502199485E-001  7.12372624730E-006
1 1 428   2.28143712576E-002  9.33239725461E-018  4.31553122231E-016  7.78397616613E-006  3.91450402414E-001  6.29121060267E-006
1 1 429   2.28443113773E-002 -1.03036264078E-017  4.33911261956E-016  1.05689418491E-005  3.91398605344E-001  5.45869495804E-006
1 1 430   2.28742514971E-002 -2.91845201976E-017  4.36242296627E-016  1.33539075324E-005  3.91346808273E-001  4.62617931342E-006
1 1 431   2.29041916168E-002 -4.70525743409E-017  4.38586883825E-016  1.61388732159E-005  3.91295011203E-001  3.79366366880E-006
1 1 432   2.29341317366E-002 -6.44771008571E-017  4.40972128604E-016  1.89238388996E-005  3.91243214132E-001  2.96114802418E-006
1 1 433   2.29640718564E-002 -8.09567621206E-017  4.43452241074E-016  2.17088045836E-005  3.91191417062E-001  2.12863237957E-006
1 1 434   2.29940119761E-002 -9.66880697752E-017  4.45851038380E-016  2.44937702678E-005  3.91139619991E-001  1.29611673496E-006
1 1 435   2.30239520959E-002 -1.11691299672E-016  4.48222730633E-016  2.72787359522E-005  3.91087822920E-001  4.63601090352E-007
1 1 436   2.30538922156E-002 -1.25800115716E-016  4.50716395629E-016  3.00637016369E-005  3.91036025850E-001 -3.68914554250E-007
1 1 437   2.30838323354E-002 -1.39204888563E-016  4.53155850517E-016  3.28486673218E-005  3.90984228779E-001 -1.20143019885E-006
1 1 438   2.31137724551E-002 -1.51800268488E-016  4.55486885188E-016  3.56336330070E-005  3.90932431709E-001 -2.03394584344E-006
1 1 439   2.31437125749E-002 -1.63636706893E-016  4.58014431503E-016  3.84185986924E-005  3.90880634638E-001 -2.86646148803E-006
1 1 440   2.31736526947E-002 -1.74701392404E-016  4.60433557600E-016  4.12035643780E-005  3.90828837568E-001 -3.69897713262E-006
1 1 441   2.32035928144E-002 -1.84865099557E-016  4.62886565016E-016  4.39885300639E-005  3.90777040497E-001 -4.53149277720E-006
1 1 442   2.32335329342E-002 -1.94463332808E-016  4.65427663857E-016  4.67734957500E-005  3.90725243426E-001 -5.36400842178E-006
1 1 443   2.32634730539E-002 -2.03201483511E-016  4.67826461164E-016  4.95584614364E-005  3.90673446356E-001 -6.19652406635E-006
1 1 444   2.32934131737E-002 -2.11106444961E-016  4.70333678688E-016  5.23434271230E-005  3.90621649285E-001 -7.02903971092E-006
1 1 445   2.33233532935E-002 -2.18261358736E-016  4.72840896212E-016  5.51283928098E-005  3.90569852215E-001 -7.86155535549E-006
1 1 446   2.33532934132E-002 -2.24566142600E-016  4.75273574836E-016  5.79133584969E-005  3.90518055144E-001 -8.69407100005E-006
1 1 447   2.33832335330E-002 -2.30223740352E-016  4.77921399829E-016  6.06983241842E-005  3.90466258074E-001 -9.52658664461E-006
1 1 448   2.34131736527E-002 -2.34919466019E-016  4.80366783948E-016  6.34832898718E-005  3.90414461003E-001 -1.03591022892E-005
1 1 463   2.38622754491E-002 -1.38972960354E-016  1.97254491658E-016  3.56873862701E-006  3.90052621523E-001  1.78532001765E-005
1 1 464   2.38922155689E-002 -1.44285498059E-016  1.29589264666E-016  5.63071432528E-006  3.90033594014E-001  1.23295788053E-005
1 1 465   2.39221556886E-002 -1.50647350768E-016  6.71527720583E-017  7.69269002362E-006  3.90014566505E-001  6.80595743416E-006
1 1 466   2.39520958084E-002 -1.58015266860E-016  1.07064964533E-017  9.75466572203E-006  3.89995538996E-001  1.28233606302E-006
1 1 467   2.39820359281E-002 -1.66604604461E-016 -4.00477177462E-017  1.18166414205E-005  3.89976511487E-001 -4.24128530809E-006
1 1 468   2.40119760479E-002 -1.76469150165E-016 -8.47710573612E-017  1.38786171191E-005  3.89957483977E-001 -9.76490667915E-006
1 1 469   2.40419161677E-002 -1.87184116948E-016 -1.24263121494E-016  1.59405928177E-005  3.89938456468E-001 -1.52885280502E-005
1 1 470   2.40718562874E-002 -1.99165397987E-016 -1.57480365554E-016  1.80025685164E-005  3.89919428959E-001 -2.08121494212E-005
1 1 471   2.41017964072E-002 -2.12311349328E-016 -1.85052982053E-016  2.00645442152E-005  3.89900401450E-001 -2.63357707921E-005
1 1 472   2.41317365269E-002 -2.26637641082E-016 -2.07048733627E-016  2.21265199140E-005  3.89881373940E-001 -3.18593921631E-005
1 1 473   2.41616766467E-002 -2.42010018525E-016 -2.23135583361E-016  2.41884956129E-005  3.89862346431E-001 -3.73830135339E-005
1 1 474   2.41916167665E-002 -2.58594076599E-016 -2.33618463116E-016  2.62504713119E-005  3.89843318922E-001 -4.29066349048E-005
1 1 475   2.42215568862E-002 -2.76199021133E-016 -2.38266979931E-016  2.83124470110E-005  3.89824291413E-001 -4.84302562756E-005
1 1 476   2.42514970060E-002 -2.94998917397E-016 -2.37203106549E-016  3.03744227101E-005  3.89805263904E-001 -5.39538776464E-005
1 1 477   2.42814371257E-002 -3.01828332293E-016 -2.34702665289E-016  1.01209391937E-004  3.89881986305E-001 -3.29323642466E-005
1 1 478   2.43113772455E-002 -2.48214534863E-016 -2.49583340106E-016  9.69924099789E-005  3.89863640696E-001 -3.37679408573E-005
1 1 479   2.43413173653E-002 -1.89139068990E-016 -2.64003229000E-016  9.27754280208E-005  3.89845295087E-001 -3.46035174681E-005
1 1 480   2.43712574850E-002 -1.25062720596E-016 -2.78206277460E-016  8.85584460627E-005  3.89826949479E-001 -3.54390940788E-005
1 1 481   2.44011976048E-002 -5.51452329980E-017 -2.92029855159E-016  8.43414641045E-005  3.89808603870E-001 -3.62746706896E-005
1 1 482   2.44311377246E-002  2.00848452453E-017 -3.05663697478E-016  8.01244821464E-005  3.89790258261E-001 -3.71102473003E-005
1 1 483   2.44610778443E-002  1.00397121172E-016 -3.18836753874E-016  7.59075001882E-005  3.89771912653E-001 -3.79458239110E-005
1 1 484   2.44910179641E-002  1.86184618070E-016 -3.31738759726E-016  7.16905182301E-005  3.89753567044E-001 -3.87814005218E-005
1 1 485   2.45209580838E-002  2.77745491536E-016 -3.44261294818E-016  6.74735362719E-005  3.89735221435E-001 -3.96169771325E-005
1 1 486   2.45508982036E-002  3.74334352578E-016 -3.56485674313E-016  6.32565543138E-005  3.89716875827E-001 -4.04525537433E-005
1 1 487   2.45808383234E-002  4.76276461846E-016 -3.68628738645E-016  5.90395723557E-005  3.89698530218E-001 -4.12881303540E-005
1 1 488   2.46107784431E-002  5.83775107248E-016 -3.80094176619E-016  5.48225903975E-005  3.89680184609E-001 -4.21237069647E-005
1 1 489   2.46407185629E-002  6.96437265496E-016 -3.91532509539E-016  5.06056084394E-005  3.89661839000E-001 -4.29592835754E-005
1 1 490   2.46706586826E-002  8.14452671971E-016 -4.02428741372E-016  4.63886264812E-005  3.89643493392E-001 -4.37948601862E-005
1 1 491   2.47005988024E-002  9.38187244906E-016 -4.13162342880E-016  4.21716445230E-005  3.89625147783E-001 -4.46304367969E-005
1 1 492   2.47305389222E-002  1.06661099224E-015 -4.23543578681E-016  3.79546625649E-005  3.89606802174E-001 -4.54660134076E-005
1 1 493   2.47604790419E-002  1.20116048184E-015 -4.33572448777E-016  3.37376806067E-005  3.89588456566E-001 -4.63015900183E-005
1 1 494   2.47904191617E-002  1.34056177617E-015 -4.43330268329E-016  2.95206986486E-005  3.89570110957E-001 -4.71371666291E-005
1 1 495   2.48203592814E-002  1.48587197234E-015 -4.52627301958E-016  2.53037166904E-005  3.89551765348E-001 -4.79727432398E-005
1 1 496   2.48502994012E-002  1.63611528839E-015 -4.61870125479E-016  2.10867347322E-005  3.89533419740E-001 -4.88083198505E-005
1 1 497   2.48802395210E-002  1.79167119509E-015 -4.70652163076E-016  1.68697527741E-005  3.89515074131E-001 -4.96438964612E-005
1 1 498   2.49101796407E-002  1.95270232276E-015 -4.79217360239E-016  1.26527708159E-005  3.89496728522E-001 -5.04794730719E-005
1 1 499   2.49401197605E-002  2.11939840677E-015 -4.87511506858E-016  8.43578885774E-006  3.89478382913E-001 -5.13150496826E-005
1 1 500   2.49700598802E-002  2.29137997639E-015 -4.94992501848E-016  4.21880689956E-006  3.89460037305E-001 -5.21506262933E-005
1 1 501   2.50000000000E-002 -1.45144855336E-015  2.18954628733E-016  1.82494206783E-009  1.30218008967E-005 -3.21525540671E-009
