   0.000000000000E+000   0.000000000000E+000   1.548758411807E-001   6.549416167653E-004   3.333333333330E-004   4.188213144682E-001   4.188213159381E-001   4.188213054694E-001   2.182652343400E+001   1.842813744065E-001   2.164224207673E+001   0.000000000000E+000   0.000000000000E+000   7.175126735960E-001   7.175127043302E-001   7.175127080642E-001   7.175126640974E+000   1.076269062096E-001  -7.282753572567E+000   0.000000000000E+000   0.000000000000E+000
   0.000000000000E+000   0.000000000000E+000   2.990584548776E-001   1.272388632713E-003   6.666666666660E-004   5.818734358751E-001   5.818735071654E-001   5.818735544452E-001   2.130882952188E+001   2.560243639559E-001   2.105280516449E+001   0.000000000000E+000   0.000000000000E+000   9.972503174468E-001   9.972503217653E-001   9.972502684751E-001   9.972503093957E+000   1.495875402713E-001  -1.012209059870E+001   0.000000000000E+000   0.000000000000E+000
   0.000000000000E+000   0.000000000000E+000   3.541818015566E-001   1.538544725909E-003   9.999999999990E-004   6.336858165347E-001   6.336858095023E-001   6.336858035689E-001   2.045508268522E+001   2.788217535703E-001   2.017626093382E+001   0.000000000000E+000   0.000000000000E+000   1.084479645531E+000   1.084479645241E+000   1.084479643796E+000   1.084479645709E+001   1.626719465694E-001  -1.100746840509E+001   0.000000000000E+000   0.000000000000E+000
   0.000000000000E+000   0.000000000000E+000   3.531642575755E-001   1.586091504758E-003   1.333333333332E-003   6.334730637573E-001   6.334730362781E-001   6.334730132410E-001   1.927874703701E+001   2.787281258260E-001   1.900001899405E+001   0.000000000000E+000   0.000000000000E+000   1.081693683471E+000   1.081693682371E+000   1.081693680470E+000   1.081693683919E+001   1.622540520705E-001  -1.097919089403E+001   0.000000000000E+000   0.000000000000E+000
   0.000000000000E+000   0.000000000000E+000   3.222707491485E-001   1.518059544732E-003   1.666666666665E-003   6.060006911241E-001   6.060007089437E-001   6.060007421873E-001   1.779837389899E+001   2.666403265624E-001   1.753173354246E+001   0.000000000000E+000   0.000000000000E+000   1.031769210534E+000   1.031769211163E+000   1.031769211774E+000   1.031769209951E+001   1.547653817661E-001  -1.047245747562E+001   0.000000000000E+000   0.000000000000E+000
   0.000000000000E+000   0.000000000000E+000   2.760814353788E-001   1.390554170591E-003   1.999999999998E-003   5.619196368936E-001   5.619195509413E-001   5.619195004711E-001   1.603730983536E+001   2.472445802073E-001   1.579006534072E+001   0.000000000000E+000   0.000000000000E+000   9.531603232271E-001   9.531603251572E-001   9.531603270756E-001   9.531603215545E+000   1.429740490613E-001  -9.674577247347E+000   0.000000000000E+000   0.000000000000E+000
   0.000000000000E+000   0.000000000000E+000   2.229355909801E-001   1.234263113806E-003   2.333333333331E-003   5.061406349853E-001   5.061406078492E-001   5.061405951924E-001   1.402332779221E+001   2.227018618846E-001   1.380062586640E+001   0.000000000000E+000   0.000000000000E+000   8.543986102618E-001   8.543986101900E-001   8.543986101094E-001   8.543986102925E+000   1.281597915164E-001  -8.672145894628E+000   0.000000000000E+000   0.000000000000E+000
   0.000000000000E+000   0.000000000000E+000   1.683787394177E-001   1.068467286211E-003   2.666666666664E-003   4.412547395626E-001   4.412548999373E-001   4.412549181119E-001   1.178818954740E+001   1.941521639693E-001   1.159403731486E+001   0.000000000000E+000   0.000000000000E+000   7.400591820233E-001   7.400591851057E-001   7.400591882234E-001   7.400591789522E+000   1.110088782335E-001  -7.511600637158E+000   0.000000000000E+000   0.000000000000E+000
   0.000000000000E+000   0.000000000000E+000   1.167030607872E-001   9.076954681225E-004   2.999999999997E-003   3.689910192951E-001   3.689910762343E-001   3.689902826505E-001   9.367144161460E+000   1.623557243662E-001   9.204788419012E+000   0.000000000000E+000   0.000000000000E+000   6.131767409474E-001   6.131767411225E-001   6.131767410274E-001   6.131767407766E+000   9.197651115411E-002  -6.223743917422E+000   0.000000000000E+000   0.000000000000E+000
   0.000000000000E+000   0.000000000000E+000   7.148187359387E-002   7.632716027004E-004   3.333333333330E-003   2.907620377675E-001   2.907623007999E-001   2.907624300876E-001   6.798374143458E+000   1.279354692386E-001   6.670438714227E+000   0.000000000000E+000   0.000000000000E+000   4.762864379327E-001   4.762864347952E-001   4.762864316823E-001   4.762864410735E+000   7.144296475234E-002  -4.834307406918E+000   0.000000000000E+000   0.000000000000E+000
   0.000000000000E+000   0.000000000000E+000   3.566205157614E-002   6.447365927146E-004   3.666666666663E-003   2.078809519997E-001   2.078803018916E-001   2.078799161724E-001   4.122388409035E+000   9.146716311586E-002   4.030921215524E+000   0.000000000000E+000   0.000000000000E+000   3.317551514251E-001   3.317551529351E-001   3.317551544146E-001   3.317551499152E+000   4.976327316218E-002  -3.367314757280E+000   0.000000000000E+000   0.000000000000E+000
   0.000000000000E+000   0.000000000000E+000   1.153887421358E-002   5.595559702238E-004   3.999999999996E-003   1.217421123696E-001   1.217417198804E-001   1.217415461229E-001   1.381390957384E+000   5.356628029408E-002   1.327824697152E+000   0.000000000000E+000   0.000000000000E+000   1.819124344158E-001   1.819124158493E-001   1.819124372988E-001   1.819124345507E+000   2.728686559483E-002  -1.846411280919E+000   0.000000000000E+000   0.000000000000E+000
   0.000000000000E+000   0.000000000000E+000   6.288982303448E-004   5.129843203098E-004   4.333333333329E-003   3.351503076318E-002   3.351505696615E-002   3.351506812206E-002  -1.381391371836E+000   1.474662997371E-002  -1.396138038859E+000   0.000000000000E+000   0.000000000000E+000   2.925330092729E-002   2.925328370205E-002   2.925326649412E-002   2.925331813745E-001   4.387989974118E-003  -2.969213433536E-001   0.000000000000E+000   0.000000000000E+000
   0.000000000000E+000   0.000000000000E+000   3.646395369893E-003   5.080946277469E-004   4.666666666662E-003  -5.534455389466E-002  -5.534442649643E-002  -5.534439319985E-002  -4.122388734915E+000  -2.435153300793E-002  -4.098037194503E+000   0.000000000000E+000   0.000000000000E+000  -1.238001890281E-001  -1.238001536489E-001  -1.238001182956E-001  -1.238002244140E+000  -1.857001774434E-002   1.256572615550E+000   0.000000000000E+000   0.000000000000E+000
   0.000000000000E+000   0.000000000000E+000   2.041371095116E-002   5.453229199514E-004   4.999999999995E-003  -1.432375344843E-001  -1.432382809960E-001  -1.432386582385E-001  -6.798374210089E+000  -6.302500962493E-002  -6.735349024682E+000   0.000000000000E+000   0.000000000000E+000  -2.750972625940E-001  -2.750972636613E-001  -2.750972647936E-001  -2.750972615463E+000  -4.126458971905E-002   2.792237194832E+000   0.000000000000E+000   0.000000000000E+000
   0.000000000000E+000   0.000000000000E+000   4.986504059822E-002   6.224325985935E-004   5.333333333328E-003  -2.288756784025E-001  -2.288756125928E-001  -2.288757373334E-001  -9.367144372218E+000  -1.007053244267E-001  -9.266439231736E+000   0.000000000000E+000   0.000000000000E+000  -4.219638025792E-001  -4.219637964874E-001  -4.219637904048E-001  -4.219638086703E+000  -6.329456856072E-002   4.282932716063E+000   0.000000000000E+000   0.000000000000E+000
   0.000000000000E+000   0.000000000000E+000   9.014744266541E-002   7.344691153518E-004   5.666666666661E-003  -3.108579753439E-001  -3.108578882668E-001  -3.108576212828E-001  -1.178818928814E+001  -1.367773533644E-001  -1.165141172334E+001   0.000000000000E+000   0.000000000000E+000  -5.622174342318E-001  -5.622174296720E-001  -5.622174250762E-001  -5.622174387857E+000  -8.433261376144E-002   5.706507047253E+000   0.000000000000E+000   0.000000000000E+000
   0.000000000000E+000   0.000000000000E+000   1.387119548234E-001   8.741248745423E-004   5.999999999994E-003  -3.878747027435E-001  -3.878751280440E-001  -3.878753101753E-001  -1.402332799884E+001  -1.706651364771E-001  -1.385266269036E+001   0.000000000000E+000   0.000000000000E+000  -6.936099223305E-001  -6.936099153315E-001  -6.936099083035E-001  -6.936099293169E+000  -1.040414862455E-001   7.040140849363E+000   0.000000000000E+000   0.000000000000E+000
   0.000000000000E+000   0.000000000000E+000   1.924845943684E-001   1.031951537988E-003   6.333333333327E-003  -4.586739172495E-001  -4.586735360037E-001  -4.586733635727E-001  -1.603730942476E+001  -2.018162799720E-001  -1.583549315194E+001   0.000000000000E+000   0.000000000000E+000  -8.140951153883E-001  -8.140951082789E-001  -8.140951011385E-001  -8.140951225328E+000  -1.221142651708E-001   8.263065561075E+000   0.000000000000E+000   0.000000000000E+000
   0.000000000000E+000   0.000000000000E+000   2.480643452926E-001   1.197101039594E-003   6.666666666660E-003  -5.221343976498E-001  -5.221344573908E-001  -5.221344926789E-001  -1.779837390232E+001  -2.297391767787E-001  -1.756863468767E+001   0.000000000000E+000   0.000000000000E+000  -9.217513096256E-001  -9.217513040341E-001  -9.217512984031E-001  -9.217513151977E+000  -1.382626947605E-001   9.355775902439E+000   0.000000000000E+000   0.000000000000E+000
   0.000000000000E+000   0.000000000000E+000   3.019420771764E-001   1.358121979970E-003   6.999999999993E-003  -5.772601637162E-001  -5.772602642820E-001  -5.772602544937E-001  -1.927874688641E+001  -2.539945119772E-001  -1.902475246015E+001   0.000000000000E+000   0.000000000000E+000  -1.014875664230E+000  -1.014875659102E+000  -1.014875654015E+000  -1.014875669262E+001  -1.522313481022E-001   1.030098809278E+001   0.000000000000E+000   0.000000000000E+000
   0.000000000000E+000   0.000000000000E+000   3.507274616162E-001   1.503783834878E-003   7.333333333326E-003  -6.232017860628E-001  -6.232018514583E-001  -6.232018422686E-001  -2.045508263568E+001  -2.742088105982E-001  -2.018087389106E+001   0.000000000000E+000   0.000000000000E+000  -1.091993426425E+000  -1.091993423863E+000  -1.091993421299E+000  -1.091993428963E+001  -1.637990131948E-001   1.108373332810E+001   0.000000000000E+000   0.000000000000E+000
   0.000000000000E+000   0.000000000000E+000   3.913843508346E-001   1.624160158280E-003   7.666666666659E-003  -6.593131157339E-001  -6.593131357143E-001  -6.593131457618E-001  -2.130882958369E+001  -2.900977841352E-001  -2.101873179619E+001   0.000000000000E+000   0.000000000000E+000  -1.151867918394E+000  -1.151867918698E+000  -1.151867918923E+000  -1.151867918076E+001  -1.727801878384E-001   1.169145936539E+001   0.000000000000E+000   0.000000000000E+000
   0.000000000000E+000   0.000000000000E+000   4.220460997702E-001   1.749614904168E-003   7.999999999992E-003  -6.862296028857E-001  -6.862296977827E-001  -6.862297042552E-001  -2.182652339450E+001  -3.019410698723E-001  -2.152458226191E+001   0.000000000000E+000   0.000000000000E+000  -1.193417771927E+000  -1.193417696420E+000  -1.193417671857E+000  -1.193417792276E+001  -1.790126507786E-001   1.211319055927E+001   0.000000000000E+000   0.000000000000E+000
   0.000000000000E+000   0.000000000000E+000   4.411385947623E-001   1.812829219050E-003   8.333333333325E-003  -7.050891873734E-001  -7.050891744359E-001  -7.050891745226E-001  -2.199999999976E+001  -3.102392367900E-001  -2.168976077442E+001   0.000000000000E+000   0.000000000000E+000  -1.214019781098E+000  -1.214019798766E+000  -1.214019761394E+000  -1.214019770119E+001  -1.821029642091E-001   1.232230063836E+001   0.000000000000E+000   0.000000000000E+000
   0.000000000000E+000   0.000000000000E+000   4.458511187590E-001   1.864173273438E-003   8.666666666658E-003  -7.097734188708E-001  -7.097733873979E-001  -7.097733192694E-001  -2.182652336743E+001  -3.123002604786E-001  -2.151422313471E+001   0.000000000000E+000   0.000000000000E+000  -1.218865447557E+000  -1.218865445713E+000  -1.218865445318E+000  -1.218865449116E+001  -1.828298167977E-001   1.237148432133E+001   0.000000000000E+000   0.000000000000E+000
   0.000000000000E+000   0.000000000000E+000   4.360239362824E-001   1.870862077224E-003   8.999999999991E-003  -7.027187580982E-001  -7.027188262209E-001  -7.027188668018E-001  -2.130882952504E+001  -3.091963013928E-001  -2.099963314965E+001   0.000000000000E+000   0.000000000000E+000  -1.203936698351E+000  -1.203936696157E+000  -1.203936692777E+000  -1.203936700614E+001  -1.805905039166E-001   1.221995753376E+001   0.000000000000E+000   0.000000000000E+000
   0.000000000000E+000   0.000000000000E+000   4.125992707127E-001   1.832709638092E-003   9.333333333324E-003  -6.844268770019E-001  -6.844267908314E-001  -6.844267363696E-001  -2.045508271828E+001  -3.011477640026E-001  -2.015393505371E+001   0.000000000000E+000   0.000000000000E+000  -1.169667420369E+000  -1.169667419814E+000  -1.169667419314E+000  -1.169667420791E+001  -1.754501128972E-001   1.187212432450E+001   0.000000000000E+000   0.000000000000E+000
   0.000000000000E+000   0.000000000000E+000   3.772271045851E-001   1.753208212137E-003   9.666666666657E-003  -6.553608960235E-001  -6.553609108717E-001  -6.553609014224E-001  -1.927874709112E+001  -2.883587966258E-001  -1.899038838500E+001   0.000000000000E+000   0.000000000000E+000  -1.116769965156E+000  -1.116769965851E+000  -1.116769966788E+000  -1.116769964478E+001  -1.675154950182E-001   1.133521513273E+001   0.000000000000E+000   0.000000000000E+000
   0.000000000000E+000   0.000000000000E+000   3.322085607402E-001   1.638976745654E-003   9.999999999990E-003  -6.160589996589E-001  -6.160592098074E-001  -6.160591007959E-001  -1.779837375695E+001  -2.710660043502E-001  -1.752730788030E+001   0.000000000000E+000   0.000000000000E+000  -1.046168319952E+000  -1.046168322247E+000  -1.046168324439E+000  -1.046168317694E+001  -1.569252486659E-001   1.061860840321E+001   0.000000000000E+000   0.000000000000E+000
   0.000000000000E+000   0.000000000000E+000   2.804081545698E-001   1.499059744409E-003   1.033333333332E-002  -5.671943467383E-001  -5.671945672194E-001  -5.671942718904E-001  -1.603730958057E+001  -2.495654796318E-001  -1.578774413345E+001   0.000000000000E+000   0.000000000000E+000  -9.590235258849E-001  -9.590235284390E-001  -9.590235310025E-001  -9.590235233648E+000  -1.438535296504E-001   9.734088738163E+000   0.000000000000E+000   0.000000000000E+000
   0.000000000000E+000   0.000000000000E+000   2.250650661384E-001   1.343619981096E-003   1.066666666666E-002  -5.095269640635E-001  -5.095269996772E-001  -5.095270183494E-001  -1.402332780326E+001  -2.241918880737E-001  -1.379913591669E+001   0.000000000000E+000   0.000000000000E+000  -8.567309969008E-001  -8.567309998976E-001  -8.567310029785E-001  -8.567309939568E+000  -1.285096504468E-001   8.695819560700E+000   0.000000000000E+000   0.000000000000E+000
   0.000000000000E+000   0.000000000000E+000   1.696521412228E-001   1.183297650479E-003   1.099999999999E-002  -4.439895090335E-001  -4.439894259047E-001  -4.439892448721E-001  -1.178818976319E+001  -1.953552677437E-001  -1.159283515341E+001   0.000000000000E+000   0.000000000000E+000  -7.409326617275E-001  -7.409326655436E-001  -7.409326693770E-001  -7.409326579101E+000  -1.111399004066E-001   7.520466441086E+000   0.000000000000E+000   0.000000000000E+000
   0.000000000000E+000   0.000000000000E+000   1.176038160945E-001   1.028812842888E-003   1.133333333332E-002  -3.715689979186E-001  -3.715691888417E-001  -3.715694365142E-001  -9.367144632853E+000  -1.634905520662E-001  -9.203654255000E+000   0.000000000000E+000   0.000000000000E+000  -6.134381692696E-001  -6.134381854305E-001  -6.134382055434E-001  -6.134381533350E+000  -9.201573083151E-002   6.226397101953E+000   0.000000000000E+000   0.000000000000E+000
   0.000000000000E+000   0.000000000000E+000   7.215857742404E-002   8.898605803397E-004   1.166666666665E-002  -2.933613645884E-001  -2.933612714680E-001  -2.933612282944E-001  -6.798373796916E+000  -1.290789404495E-001  -6.669294883790E+000   0.000000000000E+000   0.000000000000E+000  -4.762772784794E-001  -4.762772799169E-001  -4.762772812981E-001  -4.762772770085E+000  -7.144159219471E-002   4.834214347597E+000   0.000000000000E+000   0.000000000000E+000
   0.000000000000E+000   0.000000000000E+000   3.615275436867E-002   7.749648783763E-004   1.199999999999E-002  -2.105559897076E-001  -2.105552680251E-001  -2.105549303548E-001  -4.122388645955E+000  -9.264416935610E-002  -4.029744564389E+000   0.000000000000E+000   0.000000000000E+000  -3.316616267230E-001  -3.316616277435E-001  -3.316616288345E-001  -3.316616256948E+000  -4.974924432517E-002   3.366365490921E+000   0.000000000000E+000   0.000000000000E+000
   0.000000000000E+000   0.000000000000E+000   1.182742579004E-002   6.910472794106E-004   1.233333333332E-002  -1.244069754807E-001  -1.244077955415E-001  -1.244082083074E-001  -1.381391909700E+000  -5.473961165527E-002  -1.326652207688E+000   0.000000000000E+000   0.000000000000E+000  -1.818270380080E-001  -1.818270315634E-001  -1.818270251538E-001  -1.818270445110E+000  -2.727405377307E-002   1.845544564284E+000   0.000000000000E+000   0.000000000000E+000
   0.000000000000E+000   0.000000000000E+000   7.140091637411E-004   6.432302580215E-004   1.266666666665E-002  -3.627469210587E-002  -3.627467075268E-002  -3.627507471340E-002   1.381391218135E+000  -1.596103287390E-002   1.397352329182E+000   0.000000000000E+000   0.000000000000E+000  -2.914725775868E-002  -2.914725736292E-002  -2.914725733112E-002  -2.914725832671E-001  -4.372088599667E-003   2.958446786040E-001   0.000000000000E+000   0.000000000000E+000
   0.000000000000E+000   0.000000000000E+000   3.519283126016E-003   6.346412752935E-004   1.299999999999E-002   5.270002905183E-002   5.269951472494E-002   5.269891897265E-002   4.122388782077E+000   2.318752434797E-002   4.099200850237E+000   0.000000000000E+000   0.000000000000E+000   1.238150928234E-001   1.238150406141E-001   1.238149883265E-001   1.238151449783E+000   1.857224824897E-002  -1.256724219463E+000   0.000000000000E+000   0.000000000000E+000
   0.000000000000E+000   0.000000000000E+000   2.010341094573E-002   6.659673703387E-004   1.333333333332E-002   1.407604320936E-001   1.407609016677E-001   1.407610899774E-001   6.798374063110E+000   6.193487959005E-002   6.736438903684E+000   0.000000000000E+000   0.000000000000E+000   2.751456237601E-001   2.751456795404E-001   2.751457354220E-001   2.751455681467E+000   4.127186031331E-002  -2.792726987291E+000   0.000000000000E+000   0.000000000000E+000
   0.000000000000E+000   0.000000000000E+000   4.939582932477E-002   7.355695429229E-004   1.366666666665E-002   2.266091970463E-001   2.266092866295E-001   2.266093379818E-001   9.367144578944E+000   9.970810871199E-002   9.267436391207E+000   0.000000000000E+000   0.000000000000E+000   4.218988328257E-001   4.218988437934E-001   4.218988549529E-001   4.218988219976E+000   6.328482824294E-002  -4.282272941059E+000   0.000000000000E+000   0.000000000000E+000
   0.000000000000E+000   0.000000000000E+000   8.955729470173E-002   8.390112317263E-004   1.399999999999E-002   3.087659032558E-001   3.087658819421E-001   3.087660899217E-001   1.178818953241E+001   1.358570795655E-001   1.165233261168E+001   0.000000000000E+000   0.000000000000E+000   5.621496530371E-001   5.621496555874E-001   5.621496582336E-001   5.621496505594E+000   8.432244873503E-002  -5.705818930054E+000   0.000000000000E+000   0.000000000000E+000
   0.000000000000E+000   0.000000000000E+000   1.380204926689E-001   9.693251803209E-004   1.433333333332E-002   3.859110399226E-001   3.859107696743E-001   3.859106628616E-001   1.402332716668E+001   1.698006916591E-001   1.385352643764E+001   0.000000000000E+000   0.000000000000E+000   6.935494063160E-001   6.935493932500E-001   6.935493802300E-001   6.935494193762E+000   1.040324070345E-001  -7.039526731899E+000   0.000000000000E+000   0.000000000000E+000
   0.000000000000E+000   0.000000000000E+000   1.917200817614E-001   1.117264348180E-003   1.466666666665E-002   4.568231101676E-001   4.568233306117E-001   4.568231460845E-001   1.603730973915E+001   2.010021842772E-001   1.583630743945E+001   0.000000000000E+000   0.000000000000E+000   8.140621738269E-001   8.140621659986E-001   8.140621581523E-001   8.140621816645E+000   1.221093237228E-001  -8.262731218803E+000   0.000000000000E+000   0.000000000000E+000
   0.000000000000E+000   0.000000000000E+000   2.472497695467E-001   1.272265687628E-003   1.499999999998E-002   5.204102710667E-001   5.204102254210E-001   5.204101147908E-001   1.779837398711E+001   2.289804505080E-001   1.756939329639E+001   0.000000000000E+000   0.000000000000E+000   9.217088318080E-001   9.217088217029E-001   9.217088116022E-001   9.217088419023E+000   1.382563217403E-001  -9.355344841764E+000   0.000000000000E+000   0.000000000000E+000
   0.000000000000E+000   0.000000000000E+000   3.010975990950E-001   1.422936201581E-003   1.533333333332E-002   5.756379079804E-001   5.756376365755E-001   5.756379297218E-001   1.927874697345E+001   2.532806890776E-001   1.902546649184E+001   0.000000000000E+000   0.000000000000E+000   1.014845497500E+000   1.014845488598E+000   1.014845479718E+000   1.014845506399E+001   1.522268219577E-001  -1.030068197478E+001   0.000000000000E+000   0.000000000000E+000
   0.000000000000E+000   0.000000000000E+000   3.498481710230E-001   1.558000967050E-003   1.566666666665E-002   6.216256774141E-001   6.216253279974E-001   6.216248664864E-001   2.045508255878E+001   2.735149412540E-001   2.018156779722E+001   0.000000000000E+000   0.000000000000E+000   1.091985672443E+000   1.091985665786E+000   1.091985659118E+000   1.091985679084E+001   1.637978488677E-001  -1.108365470600E+001   0.000000000000E+000   0.000000000000E+000
   0.000000000000E+000   0.000000000000E+000   3.904421346868E-001   1.667228698812E-003   1.599999999998E-002   6.576971662772E-001   6.576971094186E-001   6.576970971743E-001   2.130882959800E+001   2.893867227567E-001   2.101944279291E+001   0.000000000000E+000   0.000000000000E+000   1.151892390486E+000   1.151892388141E+000   1.151892385805E+000   1.151892392825E+001   1.727838578708E-001  -1.169170780953E+001   0.000000000000E+000   0.000000000000E+000
   0.000000000000E+000   0.000000000000E+000   4.203616850773E-001   1.742415493056E-003   1.633333333332E-002   6.833670528647E-001   6.833671059192E-001   6.833671037011E-001   2.182652349761E+001   3.006815256285E-001   2.152584198060E+001   0.000000000000E+000   0.000000000000E+000   1.193605538931E+000   1.193605539205E+000   1.193605539436E+000   1.193605538637E+001   1.790408309153E-001  -1.211509621424E+001   0.000000000000E+000   0.000000000000E+000
   0.000000000000E+000   0.000000000000E+000   4.384218800360E-001   1.815923029162E-003   1.666666666665E-002   6.994230450185E-001   6.994230453416E-001   6.994229681659E-001   2.199999998529E+001   3.077461059930E-001   2.169225386346E+001   0.000000000000E+000   0.000000000000E+000   1.216338588748E+000   1.216338454124E+000   1.216338474286E+000   1.216338572005E+001   1.824507711429E-001  -1.234583647223E+001   0.000000000000E+000   0.000000000000E+000
   0.000000000000E+000   0.000000000000E+000   4.438298158210E-001   1.823106709160E-003   1.699999999998E-002   7.072140151800E-001   7.072140699991E-001   7.072140408093E-001   2.182652341278E+001   3.111741779561E-001   2.151534925771E+001   0.000000000000E+000   0.000000000000E+000   1.217756669676E+000   1.217756689540E+000   1.217756715530E+000   1.217756664331E+001   1.826635073296E-001  -1.236023014901E+001   0.000000000000E+000   0.000000000000E+000
   0.000000000000E+000   0.000000000000E+000   4.345917134697E-001   1.817035388169E-003   1.733333333332E-002   7.007675675113E-001   7.007675650861E-001   7.007675684548E-001   2.130882954527E+001   3.083377301201E-001   2.100049181546E+001   0.000000000000E+000   0.000000000000E+000   1.203352491556E+000   1.203352489587E+000   1.203352487340E+000   1.203352493463E+001   1.805028731009E-001  -1.221402782683E+001   0.000000000000E+000   0.000000000000E+000
   0.000000000000E+000   0.000000000000E+000   4.114621245193E-001   1.767375316009E-003   1.766666666665E-002   6.827001075020E-001   6.827001002817E-001   6.827001946160E-001   2.045508265141E+001   3.003880856310E-001   2.015469462536E+001   0.000000000000E+000   0.000000000000E+000   1.169428983355E+000   1.169428981180E+000   1.169428978862E+000   1.169428985492E+001   1.754143468293E-001  -1.186970422305E+001   0.000000000000E+000   0.000000000000E+000
   0.000000000000E+000   0.000000000000E+000   3.762241270556E-001   1.677775420546E-003   1.799999999998E-002   6.536789959776E-001   6.536789745237E-001   6.536789201345E-001   1.927874701940E+001   2.876187248592E-001   1.899112822166E+001   0.000000000000E+000   0.000000000000E+000   1.116710975295E+000   1.116710974549E+000   1.116710973224E+000   1.116710976237E+001   1.675066459835E-001  -1.133461641861E+001   0.000000000000E+000   0.000000000000E+000
   0.000000000000E+000   0.000000000000E+000   3.312716443234E-001   1.553755734903E-003   1.833333333331E-002   6.143347883796E-001   6.143348358307E-001   6.143348720318E-001   1.779837390807E+001   2.703073436940E-001   1.752806652572E+001   0.000000000000E+000   0.000000000000E+000   1.046202433635E+000   1.046202433873E+000   1.046202434372E+000   1.046202433434E+001   1.569303651558E-001  -1.061895469747E+001   0.000000000000E+000   0.000000000000E+000
   0.000000000000E+000   0.000000000000E+000   2.795025532746E-001   1.404121749162E-003   1.866666666665E-002   5.653526669014E-001   5.653523965564E-001   5.653522567677E-001   1.603730958291E+001   2.487549929778E-001   1.578855468474E+001   0.000000000000E+000   0.000000000000E+000   9.591152379084E-001   9.591152434449E-001   9.591152496857E-001   9.591152326440E+000   1.438672874529E-001  -9.735019561249E+000   0.000000000000E+000   0.000000000000E+000
   0.000000000000E+000   0.000000000000E+000   2.242007421812E-001   1.239327684049E-003   1.899999999998E-002   5.075579918115E-001   5.075579333465E-001   5.075579433204E-001   1.402332780843E+001   2.233254950610E-001   1.380000226605E+001   0.000000000000E+000   0.000000000000E+000   8.568493944570E-001   8.568493940311E-001   8.568493936107E-001   8.568493948970E+000   1.285274090416E-001  -8.697021362503E+000   0.000000000000E+000   0.000000000000E+000
   0.000000000000E+000   0.000000000000E+000   1.688326589160E-001   1.070428554653E-003   1.933333333331E-002   4.418407006135E-001   4.418407626544E-001   4.418408657946E-001   1.178818937540E+001   1.944099809496E-001   1.159377960589E+001   0.000000000000E+000   0.000000000000E+000   7.410711337553E-001   7.410711387739E-001   7.410711437810E-001   7.410711287516E+000   1.111606715671E-001  -7.521871909028E+000   0.000000000000E+000   0.000000000000E+000
   0.000000000000E+000   0.000000000000E+000   1.168599958301E-001   9.085040944825E-004   1.966666666665E-002   3.692368325492E-001   3.692370096303E-001   3.692369488348E-001   9.367144311057E+000   1.624642574873E-001   9.204680038972E+000   0.000000000000E+000   0.000000000000E+000   6.135913189370E-001   6.135913199536E-001   6.135913209567E-001   6.135913179346E+000   9.203869814351E-002  -6.227951867541E+000   0.000000000000E+000   0.000000000000E+000
   0.000000000000E+000   0.000000000000E+000   7.152987609114E-002   7.636847002765E-004   1.999999999998E-002   2.908470481875E-001   2.908470028365E-001   2.908469775849E-001   6.798374042163E+000   1.279726701374E-001   6.670401752214E+000   0.000000000000E+000   0.000000000000E+000   4.764702823717E-001   4.764702850826E-001   4.764702877887E-001   4.764702796591E+000   7.147054316830E-002  -4.836173312483E+000   0.000000000000E+000   0.000000000000E+000
   0.000000000000E+000   0.000000000000E+000   3.567557954637E-002   6.450139273566E-004   2.033333333331E-002   2.079200556795E-001   2.079203225572E-001   2.079201791061E-001   4.122388796319E+000   9.148487880670E-002   4.030903665888E+000   0.000000000000E+000   0.000000000000E+000   3.318164975680E-001   3.318164957156E-001   3.318164938536E-001   3.318164994406E+000   4.977247407804E-002  -3.367937487405E+000   0.000000000000E+000   0.000000000000E+000
   0.000000000000E+000   0.000000000000E+000   1.153592061708E-002   5.597743671211E-004   2.066666666665E-002   1.216858205674E-001   1.216858271827E-001   1.216856483951E-001   1.381391539199E+000   5.354168529386E-002   1.327849672352E+000   0.000000000000E+000   0.000000000000E+000   1.819701883964E-001   1.819701869992E-001   1.819701856050E-001   1.819701897908E+000   2.729552784076E-002  -1.846997439837E+000   0.000000000000E+000   0.000000000000E+000
   0.000000000000E+000   0.000000000000E+000   6.290042824130E-004   5.132106098834E-004   2.099999999998E-002   3.351939307270E-002   3.351945809436E-002   3.351960721619E-002  -1.381391599103E+000   1.474862717512E-002  -1.396139976867E+000   0.000000000000E+000   0.000000000000E+000   2.924986109520E-002   2.924984772631E-002   2.924983435486E-002   2.924987448628E-001   4.387475153229E-003  -2.968863538602E-001   0.000000000000E+000   0.000000000000E+000
   0.000000000000E+000   0.000000000000E+000   3.646963493375E-003   5.083282345146E-004   2.133333333331E-002  -5.537863170320E-002  -5.537838088906E-002  -5.537836475929E-002  -4.122389138091E+000  -2.436648049409E-002  -4.098022445453E+000   0.000000000000E+000   0.000000000000E+000  -1.237700190460E-001  -1.237699629263E-001  -1.237699067911E-001  -1.237700751007E+000  -1.856548601867E-002   1.256266797261E+000   0.000000000000E+000   0.000000000000E+000
   0.000000000000E+000   0.000000000000E+000   2.041846411129E-002   5.455428482478E-004   2.166666666664E-002  -1.432625109034E-001  -1.432623128034E-001  -1.432624825653E-001  -6.798373862192E+000  -6.303549232874E-002  -6.735338592363E+000   0.000000000000E+000   0.000000000000E+000  -2.751180866743E-001  -2.751180958656E-001  -2.751181050947E-001  -2.751180775035E+000  -4.126771576421E-002   2.792448399221E+000   0.000000000000E+000   0.000000000000E+000
   0.000000000000E+000   0.000000000000E+000   4.987016225277E-002   6.226394451806E-004   2.199999999998E-002  -2.289016895300E-001  -2.289013026097E-001  -2.289015036891E-001  -9.367144540552E+000  -1.007166616232E-001  -9.266427982249E+000   0.000000000000E+000   0.000000000000E+000  -4.219626318635E-001  -4.219626271325E-001  -4.219626224415E-001  -4.219626365870E+000  -6.329439336622E-002   4.282920806513E+000   0.000000000000E+000   0.000000000000E+000
   0.000000000000E+000   0.000000000000E+000   9.015252603891E-002   7.346586147577E-004   2.233333333331E-002  -3.108741207085E-001  -3.108739706340E-001  -3.108742248394E-001  -1.178818943772E+001  -1.367846589293E-001  -1.165140506934E+001   0.000000000000E+000   0.000000000000E+000  -5.622202609384E-001  -5.622202572183E-001  -5.622202535129E-001  -5.622202646650E+000  -8.433303802693E-002   5.706535721847E+000   0.000000000000E+000   0.000000000000E+000
   0.000000000000E+000   0.000000000000E+000   1.387159518592E-001   8.742880041249E-004   2.266666666664E-002  -3.878851593234E-001  -3.878848070731E-001  -3.878849600524E-001  -1.402332794595E+001  -1.706693824230E-001  -1.385265860929E+001   0.000000000000E+000   0.000000000000E+000  -6.936130884221E-001  -6.936130827908E-001  -6.936130771880E-001  -6.936130940318E+000  -1.040419615782E-001   7.040172957956E+000   0.000000000000E+000   0.000000000000E+000
   0.000000000000E+000   0.000000000000E+000   1.924878902307E-001   1.032091966719E-003   2.299999999998E-002  -4.586824084791E-001  -4.586825158806E-001  -4.586826724029E-001  -1.603730961227E+001  -2.018203758573E-001  -1.583548959195E+001   0.000000000000E+000   0.000000000000E+000  -8.140929784190E-001  -8.140929693397E-001  -8.140929602453E-001  -8.140929875120E+000  -1.221139440368E-001   8.263043909898E+000   0.000000000000E+000   0.000000000000E+000
   0.000000000000E+000   0.000000000000E+000   2.480670586592E-001   1.197225537273E-003   2.333333333331E-002  -5.221394934182E-001  -5.221395223287E-001  -5.221395629689E-001  -1.779837377494E+001  -2.297414077063E-001  -1.756863232068E+001   0.000000000000E+000   0.000000000000E+000  -9.217525834449E-001  -9.217525768969E-001  -9.217525703519E-001  -9.217525899963E+000  -1.382628855528E-001   9.355788851033E+000   0.000000000000E+000   0.000000000000E+000
   0.000000000000E+000   0.000000000000E+000   3.019432123859E-001   1.358220731254E-003   2.366666666664E-002  -5.772605005672E-001  -5.772605664128E-001  -5.772605458618E-001  -1.927874692137E+001  -2.539946401792E-001  -1.902475231350E+001   0.000000000000E+000   0.000000000000E+000  -1.014878928624E+000  -1.014878923354E+000  -1.014878918081E+000  -1.014878933893E+001  -1.522318377121E-001   1.030102122925E+001   0.000000000000E+000   0.000000000000E+000
   0.000000000000E+000   0.000000000000E+000   3.507279159236E-001   1.503872508294E-003   2.399999999998E-002  -6.232018502699E-001  -6.232018407108E-001  -6.232018290857E-001  -2.045508269823E+001  -2.742088047977E-001  -2.018087389211E+001   0.000000000000E+000   0.000000000000E+000  -1.091994847538E+000  -1.091994845340E+000  -1.091994843141E+000  -1.091994849724E+001  -1.637992264711E-001   1.108374774545E+001   0.000000000000E+000   0.000000000000E+000
   0.000000000000E+000   0.000000000000E+000   3.913833696010E-001   1.624226276242E-003   2.433333333331E-002  -6.593106334078E-001  -6.593105851159E-001  -6.593105720680E-001  -2.130882943370E+001  -2.900966517099E-001  -2.101873273893E+001   0.000000000000E+000   0.000000000000E+000  -1.151869477485E+000  -1.151869478522E+000  -1.151869479597E+000  -1.151869476482E+001  -1.727804219395E-001   1.169147517680E+001   0.000000000000E+000   0.000000000000E+000
   0.000000000000E+000   0.000000000000E+000   4.220426137745E-001   1.749370909132E-003   2.466666666664E-002  -6.862230069322E-001  -6.862230669720E-001  -6.862231030430E-001  -2.182652339794E+001  -3.019381653389E-001  -2.152458514299E+001   0.000000000000E+000   0.000000000000E+000  -1.193419187484E+000  -1.193419220603E+000  -1.193419251200E+000  -1.193419195678E+001  -1.790128876800E-001   1.211320472655E+001   0.000000000000E+000   0.000000000000E+000
   0.000000000000E+000   0.000000000000E+000   4.411375841919E-001   1.812379881751E-003   2.499999999997E-002  -7.050863926205E-001  -7.050864167158E-001  -7.050864267065E-001  -2.200000003037E+001  -3.102380277509E-001  -2.168976200457E+001   0.000000000000E+000   0.000000000000E+000  -1.214021768236E+000  -1.214021744213E+000  -1.214021756290E+000  -1.214021780696E+001  -1.821032634434E-001   1.232232108304E+001   0.000000000000E+000   0.000000000000E+000
   0.000000000000E+000   0.000000000000E+000   4.458488314364E-001   1.863814399397E-003   2.533333333331E-002  -7.097703271355E-001  -7.097703927832E-001  -7.097703057275E-001  -2.182652340222E+001  -3.122989345201E-001  -2.151422446329E+001   0.000000000000E+000   0.000000000000E+000  -1.218864398275E+000  -1.218864394756E+000  -1.218864405874E+000  -1.218864401884E+001  -1.828296608812E-001   1.237147370262E+001   0.000000000000E+000   0.000000000000E+000
   0.000000000000E+000   0.000000000000E+000   4.360229863865E-001   1.870408387027E-003   2.566666666664E-002  -7.027181444844E-001  -7.027181850820E-001  -7.027181774529E-001  -2.130882957701E+001  -3.091959980793E-001  -2.099963357781E+001   0.000000000000E+000   0.000000000000E+000  -1.203935248407E+000  -1.203935246173E+000  -1.203935247450E+000  -1.203935250930E+001  -1.805902871175E-001   1.221994281805E+001   0.000000000000E+000   0.000000000000E+000
   0.000000000000E+000   0.000000000000E+000   4.125983108602E-001   1.832400940120E-003   2.599999999997E-002  -6.844258992137E-001  -6.844258119956E-001  -6.844261390887E-001  -2.045508260753E+001  -3.011475011990E-001  -2.015393529025E+001   0.000000000000E+000   0.000000000000E+000  -1.169665710436E+000  -1.169665709793E+000  -1.169665709026E+000  -1.169665711417E+001  -1.754498563539E-001   1.187210697981E+001   0.000000000000E+000   0.000000000000E+000
   0.000000000000E+000   0.000000000000E+000   3.772268139021E-001   1.752918258449E-003   2.633333333331E-002  -6.553603510928E-001  -6.553605723178E-001  -6.553606639212E-001  -1.927874727916E+001  -2.883586921253E-001  -1.899038866763E+001   0.000000000000E+000   0.000000000000E+000  -1.116769509282E+000  -1.116769509672E+000  -1.116769510107E+000  -1.116769508902E+001  -1.675154265160E-001   1.133521051175E+001   0.000000000000E+000   0.000000000000E+000
   0.000000000000E+000   0.000000000000E+000   3.322077126698E-001   1.638760603176E-003   2.666666666664E-002  -6.160560847719E-001  -6.160561773379E-001  -6.160562367595E-001  -1.779837387952E+001  -2.710647441742E-001  -1.752730904902E+001   0.000000000000E+000   0.000000000000E+000  -1.046170657051E+000  -1.046170661051E+000  -1.046170665079E+000  -1.046170653101E+001  -1.569255997618E-001   1.061863209147E+001   0.000000000000E+000   0.000000000000E+000
   0.000000000000E+000   0.000000000000E+000   2.804066993229E-001   1.498901205129E-003   2.699999999997E-002  -5.671898328098E-001  -5.671897064243E-001  -5.671899119873E-001  -1.603730977381E+001  -2.495635612744E-001  -1.578774648088E+001   0.000000000000E+000   0.000000000000E+000  -9.590261638789E-001  -9.590261692139E-001  -9.590261745627E-001  -9.590261585481E+000  -1.438539261844E-001   9.734115458262E+000   0.000000000000E+000   0.000000000000E+000
   0.000000000000E+000   0.000000000000E+000   2.250612765003E-001   1.343494401960E-003   2.733333333331E-002  -5.095169361266E-001  -5.095169076502E-001  -5.095168215980E-001  -1.402332785227E+001  -2.241874015031E-001  -1.379914032782E+001   0.000000000000E+000   0.000000000000E+000  -8.567343296288E-001  -8.567343372999E-001  -8.567343449807E-001  -8.567343219497E+000  -1.285101517471E-001   8.695853294548E+000   0.000000000000E+000   0.000000000000E+000
   0.000000000000E+000   0.000000000000E+000   1.696529819898E-001   1.183194960126E-003   2.766666666664E-002  -4.439947167316E-001  -4.439946661645E-001  -4.439948920081E-001  -1.178818936399E+001  -1.953577524836E-001  -1.159283193486E+001   0.000000000000E+000   0.000000000000E+000  -7.409263034741E-001  -7.409263112353E-001  -7.409263190085E-001  -7.409262957322E+000  -1.111389478513E-001   7.520401827668E+000   0.000000000000E+000   0.000000000000E+000
   0.000000000000E+000   0.000000000000E+000   1.176021555633E-001   1.028681127917E-003   2.799999999997E-002  -3.715644309001E-001  -3.715643752344E-001  -3.715644931162E-001  -9.367144384833E+000  -1.634883769711E-001  -9.203656263589E+000   0.000000000000E+000   0.000000000000E+000  -6.134380670667E-001  -6.134380821770E-001  -6.134380973056E-001  -6.134380519758E+000  -9.201571459585E-002   6.226396083474E+000   0.000000000000E+000   0.000000000000E+000
   0.000000000000E+000   0.000000000000E+000   7.215820747621E-002   8.897614685502E-004   2.833333333330E-002  -2.933597032398E-001  -2.933596483926E-001  -2.933597831917E-001  -6.798373835546E+000  -1.290783046043E-001  -6.669295809362E+000   0.000000000000E+000   0.000000000000E+000  -4.762773361470E-001  -4.762773396183E-001  -4.762773430945E-001  -4.762773326876E+000  -7.144160146417E-002   4.834214893668E+000   0.000000000000E+000   0.000000000000E+000
   0.000000000000E+000   0.000000000000E+000   3.614713582107E-002   7.748417600161E-004   2.866666666664E-002  -2.105203151521E-001  -2.105202345771E-001  -2.105202850943E-001  -4.122388958840E+000  -9.262892544149E-002  -4.029760113168E+000   0.000000000000E+000   0.000000000000E+000  -3.316707225347E-001  -3.316707243835E-001  -3.316707262371E-001  -3.316707206874E+000  -4.975060893556E-002   3.366457797321E+000   0.000000000000E+000   0.000000000000E+000
   0.000000000000E+000   0.000000000000E+000   1.183072202653E-002   6.909313179404E-004   2.899999999997E-002  -1.244406967755E-001  -1.244406658824E-001  -1.244407765307E-001  -1.381391350702E+000  -5.475394167349E-002  -1.326637582930E+000   0.000000000000E+000   0.000000000000E+000  -1.818210192133E-001  -1.818210176898E-001  -1.818210400720E-001  -1.818210224150E+000  -2.727315601079E-002   1.845483423517E+000   0.000000000000E+000   0.000000000000E+000
   0.000000000000E+000   0.000000000000E+000   7.142940604735E-004   6.431212968314E-004   2.933333333330E-002  -3.628730819739E-002  -3.628756076162E-002  -3.628752897578E-002   1.381391566216E+000  -1.596651274934E-002   1.397357865884E+000   0.000000000000E+000   0.000000000000E+000  -2.913354202770E-002  -2.913354731925E-002  -2.913355273905E-002  -2.913353690601E-001  -4.370032910857E-003   2.957053521234E-001   0.000000000000E+000   0.000000000000E+000
   0.000000000000E+000   0.000000000000E+000   3.519545485210E-003   6.345464228983E-004   2.966666666664E-002   5.275772854143E-002   5.275798326259E-002   5.275781964583E-002   4.122388791349E+000   2.321344064417E-002   4.099175191346E+000   0.000000000000E+000   0.000000000000E+000   1.237469250477E-001   1.237468288451E-001   1.237467325522E-001   1.237470211812E+000   1.856200988284E-002  -1.256033182374E+000   0.000000000000E+000   0.000000000000E+000
   0.000000000000E+000   0.000000000000E+000   2.010601220848E-002   6.658837869966E-004   2.999999999997E-002   1.407644855796E-001   1.407644804784E-001   1.407645038096E-001   6.798373858411E+000   6.193638167622E-002   6.736437492053E+000   0.000000000000E+000   0.000000000000E+000   2.751722036116E-001   2.751722445870E-001   2.751722856648E-001   2.751721627342E+000   4.127584284972E-002  -2.792997062413E+000   0.000000000000E+000   0.000000000000E+000
   0.000000000000E+000   0.000000000000E+000   4.938661224294E-002   7.354438121278E-004   3.033333333330E-002   2.265331831419E-001   2.265331109518E-001   2.265331582414E-001   9.367144244307E+000   9.967458962624E-002   9.267469595355E+000   0.000000000000E+000   0.000000000000E+000   4.219482738424E-001   4.219482804585E-001   4.219482871186E-001   4.219482672681E+000   6.329224306778E-002  -4.282774850400E+000   0.000000000000E+000   0.000000000000E+000
   0.000000000000E+000   0.000000000000E+000   8.955838628786E-002   8.388937904221E-004   3.066666666664E-002   3.087704653345E-001   3.087704724272E-001   3.087706011067E-001   1.178818938039E+001   1.358590644870E-001   1.165233056948E+001   0.000000000000E+000   0.000000000000E+000   5.621487156678E-001   5.621487302294E-001   5.621487448678E-001   5.621487011954E+000   8.432231173018E-002  -5.705809179620E+000   0.000000000000E+000   0.000000000000E+000
   0.000000000000E+000   0.000000000000E+000   1.380123359633E-001   9.692137448165E-004   3.099999999997E-002   3.858912973112E-001   3.858912938312E-001   3.858913013077E-001   1.402332776762E+001   1.697921725754E-001   1.385353560068E+001   0.000000000000E+000   0.000000000000E+000   6.935422215037E-001   6.935422059892E-001   6.935421904797E-001   6.935422370248E+000   1.040313285720E-001  -7.039453854039E+000   0.000000000000E+000   0.000000000000E+000
   0.000000000000E+000   0.000000000000E+000   1.917446221737E-001   1.117184518247E-003   3.133333333330E-002   4.568984736895E-001   4.568985028059E-001   4.568984095395E-001   1.603730984027E+001   2.010353001974E-001   1.583627438820E+001   0.000000000000E+000   0.000000000000E+000   8.140366464191E-001   8.140366468189E-001   8.140366460129E-001   8.140366458002E+000   1.221054969019E-001  -8.262471949360E+000   0.000000000000E+000   0.000000000000E+000
   0.000000000000E+000   0.000000000000E+000   2.472610544555E-001   1.272205278454E-003   3.166666666663E-002   5.204354886724E-001   5.204354860241E-001   5.204354855275E-001   1.779837387722E+001   2.289916136321E-001   1.756938227265E+001   0.000000000000E+000   0.000000000000E+000   9.217069795243E-001   9.217069662423E-001   9.217069529509E-001   9.217069928041E+000   1.382560429426E-001  -9.355326103798E+000   0.000000000000E+000   0.000000000000E+000
   0.000000000000E+000   0.000000000000E+000   3.011033287471E-001   1.422853123579E-003   3.199999999997E-002   5.756427773142E-001   5.756426749598E-001   5.756428291917E-001   1.927874694137E+001   2.532828448443E-001   1.902546429367E+001   0.000000000000E+000   0.000000000000E+000   1.014856135497E+000   1.014856127520E+000   1.014856119542E+000   1.014856143472E+001   1.522284179312E-001  -1.030078993229E+001   0.000000000000E+000   0.000000000000E+000
   0.000000000000E+000   0.000000000000E+000   3.498493152912E-001   1.557916473988E-003   3.233333333330E-002   6.216248093998E-001   6.216248081755E-001   6.216248062541E-001   2.045508269738E+001   2.735149147518E-001   2.018156778915E+001   0.000000000000E+000   0.000000000000E+000   1.091989301038E+000   1.091989293985E+000   1.091989286918E+000   1.091989308080E+001   1.637983930378E-001  -1.108369154420E+001   0.000000000000E+000   0.000000000000E+000
   0.000000000000E+000   0.000000000000E+000   3.904453758987E-001   1.667187683173E-003   3.266666666663E-002   6.577044104718E-001   6.577041888144E-001   6.577040805284E-001   2.130882942784E+001   2.893897954325E-001   2.101943969606E+001   0.000000000000E+000   0.000000000000E+000   1.151889877266E+000   1.151889873595E+000   1.151889869954E+000   1.151889880947E+001   1.727834804931E-001  -1.169168232677E+001   0.000000000000E+000   0.000000000000E+000
   0.000000000000E+000   0.000000000000E+000   4.203642038450E-001   1.742351289018E-003   3.299999999997E-002   6.833696471344E-001   6.833697523940E-001   6.833698007542E-001   2.182652341854E+001   3.006827123319E-001   2.152584061796E+001   0.000000000000E+000   0.000000000000E+000   1.193607996329E+000   1.193607997056E+000   1.193607997769E+000   1.193607995613E+001   1.790411996653E-001  -1.211512114874E+001   0.000000000000E+000   0.000000000000E+000
   9.286296965506E-002   9.286296965506E-002   4.384241711356E-001   1.815743476151E-003   3.333333333330E-002   6.994266154609E-001   6.994266007896E-001   6.994265890416E-001   2.199999999451E+001   3.077476991783E-001   2.169225229798E+001   0.000000000000E+000   0.000000000000E+000   1.216338611253E+000   1.216338567163E+000   1.216338554197E+000   1.216338602555E+001   1.824507831295E-001  -1.234583677250E+001   0.000000000000E+000   0.000000000000E+000
