1 1 3   1.00898203593E-002  9.61145225908E-017  3.86584143061E-016 -1.42952620562E-006 -1.33654188125E-001 -3.08598637832E-006
1 1 4   1.01197604790E-002  1.09965205344E-016  4.22130727725E-016 -2.10661909163E-006 -1.33656783527E-001 -3.08561281787E-006
1 1 5   1.01497005988E-002  1.24297002812E-016  4.59118962466E-016 -2.76812056935E-006 -1.33659300306E-001 -3.08510712929E-006
1 1 6   1.01796407186E-002  1.39116691257E-016  4.97326924651E-016 -3.41403063877E-006 -1.33661738462E-001 -3.08446931256E-006
1 1 7   1.02095808383E-002  1.54525914633E-016  5.36717344830E-016 -4.04434929989E-006 -1.33664097995E-001 -3.08369936769E-006
1 1 8   1.02395209581E-002  1.70558554259E-016  5.77391866957E-016 -4.65907655272E-006 -1.33666378905E-001 -3.08279729467E-006
1 1 9   1.02694610778E-002  1.87011322227E-016  6.19445358722E-016 -5.25821239726E-006 -1.33668581191E-001 -3.08176309351E-006
1 1 10   1.02994011976E-002  2.04087506443E-016  6.62576276397E-016 -5.84175683350E-006 -1.33670704855E-001 -3.08059676421E-006
1 1 11   1.03293413174E-002  2.21665134165E-016  7.07126821290E-016 -6.40970986144E-006 -1.33672749896E-001 -3.07929830676E-006
1 1 12   1.03592814371E-002  2.39710324073E-016  7.52809002202E-016 -6.96207148109E-006 -1.33674716313E-001 -3.07786772117E-006
1 1 13   1.03892215569E-002  2.58446692866E-016  7.99843047697E-016 -7.49884169245E-006 -1.33676604108E-001 -3.07630500744E-006
1 1 14   1.04191616766E-002  2.77576084947E-016  8.48110373163E-016 -8.02002049550E-006 -1.33678413280E-001 -3.07461016556E-006
1 1 15   1.04491017964E-002  2.97301788223E-016  8.97749892004E-016 -8.52560789027E-006 -1.33680143828E-001 -3.07278319554E-006
1 1 16   1.04790419162E-002  3.17542487530E-016  9.48487165545E-016 -9.01560387673E-006 -1.33681795754E-001 -3.07082409738E-006
1 1 17   1.05089820359E-002  3.38406603087E-016  1.00057969180E-015 -9.49000845491E-006 -1.33683369056E-001 -3.06873287107E-006
1 1 18   1.05389221557E-002  3.59792490939E-016  1.05391566242E-015 -9.94882162478E-006 -1.33684863736E-001 -3.06650951662E-006
1 1 19   1.05688622754E-002  3.81557849552E-016  1.10850524181E-015 -1.03920433864E-005 -1.33686279792E-001 -3.06415403403E-006
1 1 20   1.05988023952E-002  4.04014387050E-016  1.16438231127E-015 -1.08196737397E-005 -1.33687617225E-001 -3.06166642329E-006
1 1 21   1.06287425150E-002  4.27013025633E-016  1.22142489807E-015 -1.12317126846E-005 -1.33688876036E-001 -3.05904668441E-006
1 1 22   1.06586826347E-002  4.50431792559E-016  1.27986000704E-015 -1.16281602213E-005 -1.33690056223E-001 -3.05629481739E-006
1 1 23   1.06886227545E-002  4.74487528261E-016  1.33945724521E-015 -1.20090163497E-005 -1.33691157787E-001 -3.05341082222E-006
1 1 24   1.07185628742E-002  4.99017602414E-016  1.40048427499E-015 -1.23742810698E-005 -1.33692180728E-001 -3.05039469891E-006
1 1 25   1.07485029940E-002  5.24211750397E-016  1.46257517816E-015 -1.27239543817E-005 -1.33693125047E-001 -3.04724644746E-006
1 1 26   1.07784431138E-002  5.49758264086E-016  1.52602811030E-015 -1.30580362852E-005 -1.33693990742E-001 -3.04396606786E-006
1 1 27   1.08083832335E-002  5.76023061714E-016  1.59070754615E-015 -1.33765267804E-005 -1.33694777814E-001 -3.04055356012E-006
1 1 28   1.08383233533E-002  6.02653777576E-016  1.65668802461E-015 -1.36794258673E-005 -1.33695486263E-001 -3.03700892424E-006
1 1 29   1.08682634731E-002  6.29948567268E-016  1.72388145425E-015 -1.39667335459E-005 -1.33696116089E-001 -3.03333216021E-006
1 1 30   1.08982035928E-002  6.57799010574E-016  1.79245046540E-015 -1.42384498163E-005 -1.33696667292E-001 -3.02952326804E-006
1 1 31   1.09281437126E-002  6.86123792330E-016  1.86221887520E-015 -1.44945746783E-005 -1.33697139872E-001 -3.02558224772E-006
1 1 32   1.09580838323E-002  7.14895807483E-016  1.93317990739E-015 -1.47351081321E-005 -1.33697533829E-001 -3.02150909927E-006
1 1 33   1.09880239521E-002  7.44291238884E-016  2.00551652108E-015 -1.49600501775E-005 -1.33697849162E-001 -3.01730382266E-006
1 1 34   1.10179640719E-002  7.74282981481E-016  2.07906608596E-015 -1.51694008147E-005 -1.33698085873E-001 -3.01296641792E-006
1 1 35   1.10479041916E-002  8.04762615055E-016  2.15390314091E-015 -1.53631600435E-005 -1.33698243961E-001 -3.00849688503E-006
1 1 36   1.10778443112E-002  7.00442714897E-015  6.12777515362E-017 -1.46997573679E-005 -1.33697932584E-001 -3.00282580574E-006
1 1 37   1.11077844310E-002  6.86599824847E-015 -7.52978408791E-017 -1.37752711935E-005 -1.33697429354E-001 -2.99678709966E-006
1 1 38   1.11377245507E-002  6.72854512992E-015 -2.01485421229E-016 -1.28573152264E-005 -1.33696858664E-001 -2.99073123377E-006
1 1 39   1.11676646705E-002  6.59174592080E-015 -3.17603473902E-016 -1.19458894667E-005 -1.33696220514E-001 -2.98465820809E-006
1 1 40   1.11976047903E-002  6.45575986332E-015 -4.23516473627E-016 -1.10409939143E-005 -1.33695514904E-001 -2.97856802260E-006
1 1 41   1.12275449100E-002  6.32072248274E-015 -5.19183762822E-016 -1.01426285692E-005 -1.33694741833E-001 -2.97246067732E-006
1 1 42   1.12574850298E-002  6.18609167797E-015 -6.04876392030E-016 -9.25079343147E-006 -1.33693901301E-001 -2.96633617223E-006
1 1 43   1.12874251495E-002  6.05251119406E-015 -6.80296205653E-016 -8.36548850106E-006 -1.33692993309E-001 -2.96019450734E-006
1 1 44   1.13173652693E-002  5.91963544155E-015 -7.45348336002E-016 -7.48671377797E-006 -1.33692017857E-001 -2.95403568266E-006
1 1 45   1.13473053891E-002  5.78703751586E-015 -8.00547779109E-016 -6.61446926221E-006 -1.33690974944E-001 -2.94785969817E-006
1 1 46   1.13772455088E-002  5.65583550046E-015 -8.45271118724E-016 -5.74875495378E-006 -1.33689864571E-001 -2.94166655389E-006
1 1 47   1.14071856286E-002  5.52537887406E-015 -8.79843615499E-016 -4.88957085268E-006 -1.33688686737E-001 -2.93545624980E-006
1 1 48   1.14371257483E-002  5.39561342654E-015 -9.04319479543E-016 -4.03691695891E-006 -1.33687441443E-001 -2.92922878592E-006
1 1 49   1.14670658681E-002  5.26670856449E-015 -9.18698710856E-016 -3.19079327247E-006 -1.33686128689E-001 -2.92298416223E-006
1 1 50   1.14970059879E-002  5.13844067122E-015 -9.22832231638E-016 -2.35119979336E-006 -1.33684748474E-001 -2.91672237875E-006
1 1 51   1.15269461076E-002  5.01091816695E-015 -9.16543859038E-016 -1.51813652158E-006 -1.33683300799E-001 -2.91044343546E-006
1 1 52   1.15568862274E-002  4.88432739892E-015 -9.00226616342E-016 -6.91603457124E-007 -1.33681785663E-001 -2.90414733238E-006
1 1 53   1.15868263472E-002  4.75855994691E-015 -8.74060074535E-016  1.28399399999E-007 -1.33680203067E-001 -2.89783406949E-006
1 1 54   1.16167664672E-002 -3.12330185586E-015 -8.43251792178E-016  9.45084948913E-007 -1.33677668215E-001 -2.89183588451E-006
1 1 55   1.16467065869E-002 -3.00595052322E-015 -8.42736796146E-016  1.77958356424E-006 -1.33669904830E-001 -2.88785708355E-006
1 1 56   1.16766467067E-002 -2.88881603101E-015 -8.42221800114E-016  2.61729710481E-006 -1.33662082237E-001 -2.88403003070E-006
1 1 57   1.17065868264E-002 -2.77147147463E-015 -8.41639041446E-016  3.45822557063E-006 -1.33654200435E-001 -2.88035472593E-006
1 1 58   1.17365269462E-002 -2.65443862637E-015 -8.41140986073E-016  4.30236896169E-006 -1.33646259423E-001 -2.87683116927E-006
1 1 59   1.17664670660E-002 -2.53712456317E-015 -8.40524346088E-016  5.14972727801E-006 -1.33638259202E-001 -2.87345936070E-006
1 1 60   1.17964071857E-002 -2.41996296591E-015 -8.40080500823E-016  6.00030051957E-006 -1.33630199773E-001 -2.87023930024E-006
1 1 61   1.18263473055E-002 -2.30330535325E-015 -8.39508541826E-016  6.85408868637E-006 -1.33622081134E-001 -2.86717098787E-006
1 1 62   1.18562874252E-002 -1.79354144383E-016  6.42308472035E-016  7.29229807177E-006 -1.33614018432E-001 -2.86540223783E-006
1 1 63   1.18862275449E-002 -1.92811803849E-016  5.93424506583E-016  7.62536398493E-006 -1.33605958880E-001 -2.86421311599E-006
1 1 64   1.19161676647E-002 -2.06228805734E-016  5.45963556482E-016  7.94883070837E-006 -1.33597879581E-001 -2.86335531183E-006
1 1 65   1.19461077845E-002 -2.19686465200E-016  4.98868524615E-016  8.26269824209E-006 -1.33589780534E-001 -2.86282882535E-006
1 1 66   1.19760479042E-002 -2.32859521596E-016  4.53020325246E-016  8.56696658608E-006 -1.33581661741E-001 -2.86263365655E-006
1 1 67   1.20059880240E-002 -2.46330733589E-016  4.08093697724E-016  8.86163574034E-006 -1.33573523200E-001 -2.86276980542E-006
1 1 68   1.20359281437E-002 -2.59829050636E-016  3.63505883380E-016  9.14670570488E-006 -1.33565364911E-001 -2.86323727198E-006
1 1 69   1.20658682635E-002 -2.72920791869E-016  3.20476609660E-016  9.42217647969E-006 -1.33557186876E-001 -2.86403605621E-006
1 1 70   1.20958083833E-002 -2.86283583645E-016  2.78043647134E-016  9.68804806478E-006 -1.33548989093E-001 -2.86516615813E-006
1 1 71   1.21257485030E-002 -2.99754795638E-016  2.36545808982E-016  9.94432046014E-006 -1.33540771563E-001 -2.86662757772E-006
1 1 72   1.21556886228E-002 -3.12805879289E-016  1.96064410367E-016  1.01909936658E-005 -1.33532534285E-001 -2.86842031499E-006
1 1 73   1.21856287425E-002 -3.25965383158E-016  1.56531688653E-016  1.04280676817E-005 -1.33524277261E-001 -2.87054436994E-006
1 1 74   1.22155688623E-002 -3.39246859771E-016  1.17568173079E-016  1.06555425079E-005 -1.33516000489E-001 -2.87299974257E-006
1 1 75   1.22455089821E-002 -3.52528336384E-016  7.94991242975E-017  1.08734181443E-005 -1.33507703969E-001 -2.87578643288E-006
1 1 76   1.22754491018E-002 -3.65552314981E-016  4.27175655959E-017  1.10816945911E-005 -1.33499387703E-001 -2.87890444087E-006
1 1 77   1.23053892216E-002 -3.78738923903E-016  6.84402621381E-018  1.12803718481E-005 -1.33491051689E-001 -2.88235376654E-006
1 1 78   1.23353293413E-002 -3.91803560082E-016 -2.84806358185E-017  1.14694499153E-005 -1.33482695927E-001 -2.88613440989E-006
1 1 79   1.23652694611E-002 -4.04949511423E-016 -6.28295158955E-017  1.16489287929E-005 -1.33474320419E-001 -2.89024637091E-006
1 1 80   1.23952095809E-002 -4.17973490020E-016 -9.61348513816E-017  1.18188084807E-005 -1.33465925163E-001 -2.89468964962E-006
1 1 81   1.24251497006E-002 -4.31085560044E-016 -1.28450852385E-016  1.19790889788E-005 -1.33457510160E-001 -2.89946424600E-006
1 1 82   1.24550898204E-002 -4.44156972486E-016 -1.60217976039E-016  1.21297702872E-005 -1.33449075410E-001 -2.90457016006E-006
1 1 83   1.24850299401E-002 -4.57042037679E-016 -1.90457052256E-016  1.22708524058E-005 -1.33440620912E-001 -2.91000739181E-006
1 1 84   1.25149700599E-002 -4.70035523090E-016 -2.20316657713E-016  1.24023353348E-005 -1.33432146667E-001 -2.91577594123E-006
1 1 85   1.25449101797E-002 -4.78693046844E-016 -2.39504495067E-016  1.22977032171E-005 -1.33423706502E-001 -2.91769816124E-006
1 1 86   1.25748502994E-002 -4.78356774764E-016 -2.39673054623E-016  1.17683859341E-005 -1.33415343040E-001 -2.91188858423E-006
1 1 87   1.26047904192E-002 -4.77164152374E-016 -2.39896671321E-016  1.12440790280E-005 -1.33406953116E-001 -2.90607480958E-006
1 1 88   1.26347305390E-002 -4.74863610890E-016 -2.40482818121E-016  1.07247824987E-005 -1.33398536730E-001 -2.90025683728E-006
1 1 89   1.26646706587E-002 -4.71461926574E-016 -2.40489594384E-016  1.02104963464E-005 -1.33390093881E-001 -2.89443466734E-006
1 1 90   1.26946107785E-002 -4.67186104256E-016 -2.40801302509E-016  9.70122057086E-006 -1.33381624569E-001 -2.88860829977E-006
1 1 91   1.27245508982E-002 -4.61870125479E-016 -2.40882617672E-016  9.19695517223E-006 -1.33373128795E-001 -2.88277773454E-006
1 1 92   1.27544910180E-002 -4.55351359917E-016 -2.41424718758E-016  8.69770015049E-006 -1.33364606559E-001 -2.87694297168E-006
1 1 93   1.27844311378E-002 -4.48087205361E-016 -2.41587349084E-016  8.20345550562E-006 -1.33356057860E-001 -2.87110401118E-006
1 1 94   1.28143712575E-002 -4.39786282478E-016 -2.41912609736E-016  7.71422123762E-006 -1.33347482698E-001 -2.86526085303E-006
1 1 95   1.28443113773E-002 -4.30401157422E-016 -2.42414053241E-016  7.22999734651E-006 -1.33338881074E-001 -2.85941349724E-006
1 1 96   1.28742514971E-002 -4.20080907993E-016 -2.42576683566E-016  6.75078383227E-006 -1.33330252988E-001 -2.85356194381E-006
1 1 97   1.29041916168E-002 -4.08595141228E-016 -2.42779971474E-016  6.27658069491E-006 -1.33321598439E-001 -2.84770619274E-006
1 1 98   1.29341317366E-002 -3.96357209206E-016 -2.43132337180E-016  5.80738793443E-006 -1.33312917427E-001 -2.84184624403E-006
1 1 99   1.29640718564E-002 -3.82872444686E-016 -2.43430492777E-016  5.34320555082E-006 -1.33304209953E-001 -2.83598209768E-006
1 1 100   1.29940119761E-002 -3.68371240629E-016 -2.43864173646E-016  4.88403354410E-006 -1.33295476016E-001 -2.83011375368E-006
1 1 101   1.30239520959E-002 -3.53097542524E-016 -2.43945488809E-016  4.42987191425E-006 -1.33286715617E-001 -2.82424121204E-006
1 1 102   1.30538922156E-002 -3.36712537193E-016 -2.44243644407E-016  3.98072066127E-006 -1.33277928756E-001 -2.81836447276E-006
1 1 103   1.30838323354E-002 -3.19270434743E-016 -2.44568905058E-016  3.53657978518E-006 -1.33269115432E-001 -2.81248353584E-006
1 1 104   1.31137724552E-002 -3.01001628136E-016 -2.44758640439E-016  3.09744928596E-006 -1.33260275645E-001 -2.80659840127E-006
1 1 105   1.31437125749E-002 -2.81445331450E-016 -2.45138111199E-016  2.66332916362E-006 -1.33251409396E-001 -2.80070906907E-006
1 1 106   1.31736526947E-002 -2.79669950393E-016  1.98033592563E-015  2.23649615956E-006 -1.33238879499E-001 -2.79106464148E-006
1 1 107   1.32035928145E-002 -2.88343567773E-016  1.89570716980E-015  1.81112455960E-006 -1.33224248566E-001 -2.77946086320E-006
1 1 108   1.32335329342E-002 -2.96908764935E-016  1.81282668998E-015  1.38482803939E-006 -1.33209603749E-001 -2.76809118886E-006
1 1 109   1.32634730540E-002 -3.05230016609E-016  1.73169448616E-015  9.57606598921E-007 -1.33194945050E-001 -2.75695561846E-006
1 1 110   1.32934131737E-002 -3.13253112685E-016  1.65215470428E-015  5.29460238205E-007 -1.33180272467E-001 -2.74605415200E-006
1 1 111   1.33233532935E-002 -3.21221998653E-016  1.57408537160E-015  1.00388957238E-007 -1.33165586001E-001 -2.73538678948E-006
1 1 112   1.33532934133E-002 -3.28730098698E-016  1.49763895404E-015 -3.29607243980E-007 -1.33150885651E-001 -2.72495353090E-006
1 1 113   1.33832335330E-002 -3.35940043145E-016  1.42336771709E-015 -7.60528365449E-007 -1.33136171418E-001 -2.71475437626E-006
1 1 114   1.34131736528E-002 -3.43041567374E-016  1.35032976012E-015 -1.19237440717E-006 -1.33121443302E-001 -2.70478932556E-006
1 1 115   1.34431137725E-002 -3.49804278425E-016  1.27898586904E-015 -1.62514536914E-006 -1.33106701303E-001 -2.69505837880E-006
1 1 116   1.34730538923E-002 -3.56092651026E-016  1.20955627242E-015 -2.05884125136E-006 -1.33091945420E-001 -2.68556153598E-006
1 1 117   1.35029940120E-002 -3.62597864061E-016  1.14150564543E-015 -2.49346205384E-006 -1.33077175655E-001 -2.67629879710E-006
1 1 118   1.35329341318E-002 -3.68452555792E-016  1.07519651819E-015 -2.92900777656E-006 -1.33062392006E-001 -2.66727016216E-006
1 1 119   1.35628742516E-002 -3.74253037415E-016  1.01062719662E-015 -3.36547841954E-006 -1.33047594473E-001 -2.65847563115E-006
1 1 120   1.35928143713E-002 -3.79728258386E-016  9.47570675896E-016 -3.80287398276E-006 -1.33032783057E-001 -2.64991520409E-006
1 1 121   1.36227544911E-002 -3.84918876287E-016  8.86199750735E-016 -4.24119446624E-006 -1.33017957759E-001 -2.64158888097E-006
1 1 122   1.36526946108E-002 -3.89879101226E-016  8.26680439598E-016 -4.68043986997E-006 -1.33003118576E-001 -2.63349666178E-006
1 1 123   1.36826347306E-002 -3.94385316505E-016  7.68563815021E-016 -5.12061019395E-006 -1.32988265511E-001 -2.62563854654E-006
1 1 124   1.37125748504E-002 -3.98993175738E-016  7.12263229083E-016 -5.56170543818E-006 -1.32973398562E-001 -2.61801453523E-006
1 1 125   1.37425149701E-002 -4.03065710149E-016  6.57564382448E-016 -6.00372560266E-006 -1.32958517730E-001 -2.61062462787E-006
1 1 126   1.37724550899E-002 -4.07012883683E-016  6.04602800388E-016 -6.44667068740E-006 -1.32943623015E-001 -2.60346882444E-006
1 1 127   1.38023952096E-002 -4.10665289751E-016  5.53325966860E-016 -6.89054069238E-006 -1.32928714416E-001 -2.59654712495E-006
1 1 128   1.38323353294E-002 -4.14043257145E-016  5.03603862307E-016 -7.33533561762E-006 -1.32913791934E-001 -2.58985952941E-006
1 1 129   1.38622754491E-002 -4.17292475531E-016  4.55448345189E-016 -7.78105546310E-006 -1.32898855569E-001 -2.58340603780E-006
1 1 130   1.38922155689E-002 -4.20069049532E-016  4.09166253193E-016 -8.22770022884E-006 -1.32883905321E-001 -2.57718665013E-006
1 1 131   1.39221556887E-002 -4.22794801556E-016  3.64447148743E-016 -8.67526991483E-006 -1.32868941189E-001 -2.57120136640E-006
1 1 132   1.39520958084E-002 -4.25225786115E-016  3.21408345902E-016 -9.12376452107E-006 -1.32853963174E-001 -2.56545018662E-006
1 1 133   1.39820359282E-002  1.15177507289E-015  2.40174498128E-016 -9.55880583688E-006 -1.32838935975E-001 -2.56028781877E-006
1 1 134   1.40119760480E-002  1.20186521325E-015  1.53211319499E-016 -9.86595134194E-006 -1.32823584361E-001 -2.55829014624E-006
1 1 135   1.40419161677E-002  1.25209087889E-015  6.10033128613E-017 -1.01667747145E-005 -1.32808211478E-001 -2.55625689546E-006
1 1 136   1.40718562875E-002  1.30269601530E-015 -3.67747824380E-017 -1.04612759547E-005 -1.32792817327E-001 -2.55418806643E-006
1 1 137   1.41017964073E-002  1.35319273148E-015 -1.39943395414E-016 -1.07494550624E-005 -1.32777401908E-001 -2.55208365915E-006
1 1 138   1.41317365270E-002  1.40404181337E-015 -2.48621110678E-016 -1.10313120376E-005 -1.32761965221E-001 -2.54994367363E-006
1 1 139   1.41616766467E-002 -3.69831525430E-016  8.05939143818E-017 -1.03343347088E-005 -1.32746981096E-001 -2.55011159284E-006
1 1 140   1.41916167665E-002 -3.84559734317E-016  7.29740059883E-017 -9.64632824521E-006 -1.32731956571E-001 -2.55040095884E-006
1 1 141   1.42215568862E-002 -3.88449309611E-016  6.50453540856E-017 -8.97106966003E-006 -1.32716889783E-001 -2.55080304220E-006
1 1 142   1.42514970060E-002 -3.81720479878E-016  5.67554426308E-017 -8.30855895322E-006 -1.32701780732E-001 -2.55131784293E-006
1 1 143   1.42814371258E-002 -3.64088642048E-016  4.81504349196E-017 -7.65879612476E-006 -1.32686629418E-001 -2.55194536103E-006
1 1 144   1.43113772455E-002 -3.35885833036E-016  3.91701916128E-017 -7.02178117467E-006 -1.32671435841E-001 -2.55268559650E-006
1 1 145   1.43413173653E-002 -2.96868107354E-016  2.99205918288E-017 -6.39751410294E-006 -1.32656200000E-001 -2.55353854933E-006
1 1 146   1.43712574850E-002 -2.47143885218E-016  2.03067678775E-017 -5.78599490957E-006 -1.32640921896E-001 -2.55450421953E-006
1 1 147   1.44011976048E-002 -1.86672509048E-016  1.03676832744E-017 -5.18722359457E-006 -1.32625601529E-001 -2.55558260711E-006
1 1 148   1.44311377246E-002 -1.15453978843E-016  1.81265050712E-019 -4.60120015793E-006 -1.32610238899E-001 -2.55677371205E-006
1 1 149   1.44610778443E-002 -3.34476370212E-017 -1.04964322824E-017 -4.02792459965E-006 -1.32594834006E-001 -2.55807753435E-006
1 1 150   1.44910179641E-002  5.91838860906E-017 -2.14739792788E-017 -3.46739691973E-006 -1.32579386850E-001 -2.55949407403E-006
1 1 151   1.45209580838E-002  1.62698088509E-016 -3.26903895663E-017 -2.91961711817E-006 -1.32563897430E-001 -2.56102333107E-006
1 1 152   1.45508982036E-002  2.76796814636E-016 -4.42202020444E-017 -2.38458519498E-006 -1.32548365748E-001 -2.56266530548E-006
1 1 153   1.45808383234E-002  4.01805325123E-016 -5.62362114341E-017 -1.86230115015E-006 -1.32532791802E-001 -2.56441999726E-006
1 1 154   1.46107784431E-002  5.37384806792E-016 -6.83809698318E-017 -1.35276498368E-006 -1.32517175593E-001 -2.56628740641E-006
1 1 155   1.46407185629E-002  6.84029926885E-016 -8.10182778884E-017 -8.55976695569E-007 -1.32501517121E-001 -2.56826753292E-006
1 1 156   1.46706586826E-002  8.41174867391E-016 -9.39556473665E-017 -3.71936285824E-007 -1.32485816386E-001 -2.57036037681E-006
1 1 157   1.47005988024E-002  3.49613939534E-015 -1.04952040846E-016  7.68680360630E-008 -1.32469644827E-001 -2.57225901316E-006
1 1 158   1.47305389222E-002  3.59734352715E-015 -9.93908460308E-017  3.70686270249E-007 -1.32450664258E-001 -2.57213572046E-006
1 1 159   1.47604790419E-002  3.70022266662E-015 -9.12796585279E-017  6.58892430504E-007 -1.32431678421E-001 -2.57188131778E-006
1 1 160   1.47904191617E-002  3.80441544831E-015 -8.06578653693E-017  9.41486516830E-007 -1.32412687316E-001 -2.57149580513E-006
1 1 161   1.48203592814E-002  3.91099283950E-015 -6.75525716094E-017  1.21846852923E-006 -1.32393690944E-001 -2.57097918251E-006
1 1 162   1.48502994012E-002  4.01890923096E-015 -5.17909825269E-017  1.48983846769E-006 -1.32374689303E-001 -2.57033144991E-006
1 1 163   1.48802395210E-002  4.12915919820E-015 -3.37932264637E-017  1.75559633223E-006 -1.32355682395E-001 -2.56955260734E-006
1 1 164   1.49101796407E-002  4.24108994350E-015 -1.30646361785E-017  2.01574212284E-006 -1.32336670219E-001 -2.56864265479E-006
1 1 165   1.49401197605E-002  4.35434084258E-015  1.03066969022E-017  2.27027583951E-006 -1.32317652775E-001 -2.56760159227E-006
1 1 166   1.49700598802E-002  4.46936595806E-015  3.60971560802E-017  2.51919748226E-006 -1.32298630063E-001 -2.56642941977E-006
1 1 167   1.50000000000E-002  4.58680262927E-015  6.43067413555E-017  2.76250705108E-006 -1.32279602083E-001 -2.56512613731E-006
1 1 168   1.50299401198E-002  4.70501113279E-015  9.52200557985E-017  3.00020454596E-006 -1.32260568835E-001 -2.56369174486E-006
1 1 169   1.50598802396E-002  8.42333158477E-016  1.11747690891E-015  3.21125554473E-006 -1.32241524621E-001 -2.56191165049E-006
1 1 170   1.50898203594E-002  8.13073278817E-016  1.06063771589E-015  3.18576035551E-006 -1.32222406181E-001 -2.55767364785E-006
1 1 171   1.51197604791E-002  7.84346579927E-016  1.00644454793E-015  3.16061108699E-006 -1.32203272240E-001 -2.55341923075E-006
1 1 172   1.51497005989E-002  7.56690954199E-016  9.55033036161E-016  3.13580773919E-006 -1.32184122799E-001 -2.54914839921E-006
1 1 173   1.51796407187E-002  7.29403787803E-016  9.05932230275E-016  3.11135031211E-006 -1.32164957859E-001 -2.54486115322E-006
1 1 174   1.52095808384E-002  7.02971277651E-016  8.59653738168E-016  3.08723880573E-006 -1.32145777418E-001 -2.54055749278E-006
1 1 175   1.52395209582E-002  6.77375636051E-016  8.16116244680E-016  3.06347322006E-006 -1.32126581477E-001 -2.53623741789E-006
1 1 176   1.52694610779E-002  6.52150994882E-016  7.74872516412E-016  3.04005355511E-006 -1.32107370036E-001 -2.53190092855E-006
1 1 177   1.52994011977E-002  6.27944487315E-016  7.36735704995E-016  3.01697981086E-006 -1.32088143096E-001 -2.52754802476E-006
1 1 178   1.53293413174E-002  6.04510473796E-016  7.01072229783E-016  2.99425198733E-006 -1.32068900655E-001 -2.52317870653E-006
1 1 179   1.53592814372E-002  5.81601620705E-016  6.67997287259E-016  2.97187008450E-006 -1.32049642714E-001 -2.51879297384E-006
1 1 180   1.53892215569E-002  5.59553353088E-016  6.37585416321E-016  2.94983410239E-006 -1.32030369273E-001 -2.51439082670E-006
1 1 181   1.54191616767E-002  5.38099702600E-016  6.09728196752E-016  2.92814404099E-006 -1.32011080332E-001 -2.50997226512E-006
1 1 182   1.54491017965E-002  5.17320290338E-016  5.84554377559E-016  2.90679990030E-006 -1.31991775891E-001 -2.50553728908E-006
1 1 183   1.54790419162E-002  4.97452285527E-016  5.62321456760E-016  2.88580168033E-006 -1.31972455950E-001 -2.50108589860E-006
1 1 184   1.55089820360E-002  4.78187368175E-016  5.42385689313E-016  2.86514938106E-006 -1.31953120509E-001 -2.49661809367E-006
1 1 185   1.55389221557E-002  4.59728826188E-016  5.25417925314E-016  2.84484300250E-006 -1.31933769568E-001 -2.49213387429E-006
1 1 186   1.55688622755E-002  4.41829325947E-016  5.10760867194E-016  2.82488254466E-006 -1.31914403127E-001 -2.48763324046E-006
1 1 187   1.55988023952E-002  4.24732812939E-016  4.98936287251E-016  2.80526800752E-006 -1.31895021186E-001 -2.48311619218E-006
1 1 188   1.56287425150E-002  4.08434204968E-016  4.89747673839E-016  2.78599939110E-006 -1.31875623745E-001 -2.47858272945E-006
1 1 189   1.56586826348E-002  3.92730214126E-016  4.83154369377E-016  2.76707669539E-006 -1.31856210804E-001 -2.47403285227E-006
1 1 190   1.56886227545E-002  3.77764836014E-016  4.79163150130E-016  2.74849992039E-006 -1.31836782363E-001 -2.46946656064E-006
1 1 191   1.57185628743E-002  3.63495718985E-016  4.78048454771E-016  2.73026906610E-006 -1.31817338422E-001 -2.46488385457E-006
1 1 192   1.57485029940E-002  3.50048223914E-016  4.79420648146E-016  2.71238413252E-006 -1.31797878981E-001 -2.46028473404E-006
1 1 193   1.57784431138E-002  3.37222451027E-016  4.83316999703E-016  2.69484511965E-006 -1.31778404040E-001 -2.45566919907E-006
1 1 194   1.58083832335E-002  3.25212370868E-016  4.90086487018E-016  2.67765202750E-006 -1.31758913599E-001 -2.45103724964E-006
1 1 195   1.58383233533E-002  3.13807072233E-016  4.99242913178E-016  2.66080485605E-006 -1.31739407657E-001 -2.44638888577E-006
1 1 196   1.58682634731E-002  3.03203066766E-016  5.11383436411E-016  2.64430360532E-006 -1.31719886216E-001 -2.44172410745E-006
1 1 197   1.58982035928E-002  2.93199607659E-016  5.25848959205E-016  2.62814827529E-006 -1.31700349275E-001 -2.43704291468E-006
1 1 198   1.59281437126E-002 -1.37017065987E-015  1.78844569362E-015  2.40498303510E-006 -1.31680886555E-001 -2.43467948267E-006
1 1 199   1.59580838323E-002 -1.35908977486E-015  1.85588306875E-015  2.16439122037E-006 -1.31661410567E-001 -2.43255245302E-006
1 1 200   1.59880239521E-002 -1.34775139183E-015  1.92454017132E-015  1.93037387151E-006 -1.31641910633E-001 -2.43039449918E-006
1 1 201   1.60179640719E-002 -1.33650957055E-015  1.99490489232E-015  1.70293098850E-006 -1.31622386752E-001 -2.42820562114E-006
1 1 202   1.60479041916E-002 -1.32434448336E-015  2.06676039130E-015  1.48206257136E-006 -1.31602838925E-001 -2.42598581890E-006
1 1 203   1.60778443114E-002 -1.31263848803E-015  2.13991693289E-015  1.26776862007E-006 -1.31583267151E-001 -2.42373509247E-006
1 1 204   1.61077844311E-002 -1.30039547381E-015  2.21440162214E-015  1.06004913465E-006 -1.31563671430E-001 -2.42145344184E-006
1 1 205   1.61377245509E-002 -1.28712585566E-015  2.29029577421E-015  8.58904115080E-007 -1.31544051763E-001 -2.41914086702E-006
1 1 206   1.61676646707E-002 -1.27369445421E-015  2.36713860319E-015  6.64333561374E-007 -1.31524408149E-001 -2.41679736800E-006
1 1 207   1.61976047904E-002 -1.26104062902E-015  2.44609562640E-015  4.76337473526E-007 -1.31504740588E-001 -2.41442294478E-006
1 1 208   1.62275449102E-002 -1.24703663330E-015  2.52589290629E-015  2.94915851539E-007 -1.31485049081E-001 -2.41201759737E-006
1 1 209   1.62574850299E-002 -1.26095084352E-015  2.49557929118E-015  1.62685354746E-007 -1.31464709224E-001 -2.40938829338E-006
1 1 210   1.62874251497E-002 -1.29278403575E-015  2.38680670822E-015  6.50181666467E-008 -1.31443922789E-001 -2.40662330479E-006
1 1 211   1.63173652695E-002 -1.32467482621E-015  2.27891165140E-015 -2.82593953869E-008 -1.31423128626E-001 -2.40386499592E-006
1 1 212   1.63473053892E-002 -1.35660796832E-015  2.17173149039E-015 -1.17147331355E-007 -1.31402326733E-001 -2.40111336679E-006
1 1 213   1.63772455090E-002 -1.38705710871E-015  2.06471395970E-015 -2.01645641256E-007 -1.31381517111E-001 -2.39836841738E-006
1 1 214   1.64071856287E-002 -1.41762144558E-015  1.95852990943E-015 -2.81754325092E-007 -1.31360699761E-001 -2.39563014769E-006
1 1 215   1.64371257485E-002 -1.44696944314E-015  1.85258980465E-015 -3.57473382861E-007 -1.31339874681E-001 -2.39289855774E-006
1 1 216   1.64670658683E-002 -1.47669691145E-015  1.74750350908E-015 -4.28802814564E-007 -1.31319041872E-001 -2.39017364751E-006
1 1 217   1.64970059880E-002 -1.50584839737E-015  1.64308128735E-015 -4.95742620202E-007 -1.31298201334E-001 -2.38745541701E-006
1 1 218   1.65269461078E-002 -1.53406475890E-015  1.53902498384E-015 -5.58292799773E-007 -1.31277353068E-001 -2.38474386624E-006
1 1 219   1.65568862275E-002 -1.56182033452E-015  1.43556499153E-015 -6.16453353278E-007 -1.31256497072E-001 -2.38203899520E-006
1 1 220   1.65868263473E-002 -1.58911512421E-015  1.33278262558E-015 -6.70224280717E-007 -1.31235633347E-001 -2.37934080388E-006
1 1 221   1.66167664671E-002 -1.61631504621E-015  1.23016288996E-015 -7.19605582090E-007 -1.31214761894E-001 -2.37664929229E-006
1 1 222   1.66467065868E-002 -1.64244431857E-015  1.12835630596E-015 -7.64597257397E-007 -1.31193882711E-001 -2.37396446043E-006
1 1 223   1.66766467066E-002 -1.66805859490E-015  1.02687498262E-015 -8.05199306638E-007 -1.31172995799E-001 -2.37128630830E-006
1 1 224   1.67065868263E-002 -1.69356445100E-015  9.26233915954E-016 -8.41411729813E-007 -1.31152101159E-001 -2.36861483590E-006
1 1 225   1.67365269461E-002 -1.71873149393E-015  8.26162055434E-016 -8.73234526922E-007 -1.31131198789E-001 -2.36595004322E-006
1 1 226   1.67664670658E-002 -1.74309893776E-015  7.26794926326E-016 -9.00667697965E-007 -1.31110288690E-001 -2.36329193027E-006
1 1 227   1.67964071856E-002 -1.76678875523E-015  6.27698847760E-016 -9.23711242941E-007 -1.31089370863E-001 -2.36064049705E-006
1 1 228   1.68263473054E-002 -1.79032949490E-015  5.29144870282E-016 -9.42365161852E-007 -1.31068445306E-001 -2.35799574355E-006
1 1 229   1.68562874251E-002 -1.81294866272E-015  4.31187203997E-016 -9.56629454696E-007 -1.31047512020E-001 -2.35535766979E-006
1 1 230   1.68862275449E-002 -1.83552717296E-015  3.33880059017E-016 -9.66504121475E-007 -1.31026571006E-001 -2.35272627575E-006
1 1 231   1.69161676646E-002 -1.85703503356E-015  2.36871069634E-016 -9.71989162187E-007 -1.31005622262E-001 -2.35010156144E-006
1 1 232   1.69461077844E-002 -1.87839381636E-015  1.40837862206E-016 -9.73084576834E-007 -1.30984665789E-001 -2.34748352686E-006
1 1 233   1.69760479041E-002 -1.89915628796E-015  4.50486002668E-017 -9.69790365414E-007 -1.30963701588E-001 -2.34487217200E-006
1 1 234   1.70059880239E-002 -7.33738055394E-017  1.18615529318E-016 -9.51374680294E-007 -1.30942757967E-001 -2.34211235492E-006
1 1 235   1.70359281436E-002 -7.24831503954E-017  1.10596244890E-016 -9.27798703130E-007 -1.30921803961E-001 -2.33930600835E-006
1 1 236   1.70658682634E-002 -7.07238629639E-017  1.03456604178E-016 -8.99443052224E-007 -1.30900838484E-001 -2.33645788874E-006
1 1 237   1.70958083832E-002 -6.83860520295E-017  9.68632997162E-017 -8.66307727574E-007 -1.30879861535E-001 -2.33356799609E-006
1 1 238   1.71257485029E-002 -6.52012081478E-017  9.12847407256E-017 -8.28392729182E-007 -1.30858873113E-001 -2.33063633040E-006
1 1 239   1.71556886227E-002 -6.14539343892E-017  8.61195338132E-017 -7.85698057047E-007 -1.30837873220E-001 -2.32766289166E-006
1 1 240   1.71856287424E-002 -5.74085050331E-017  8.08713176721E-017 -7.38223711169E-007 -1.30816861855E-001 -2.32464767989E-006
1 1 241   1.72155688622E-002 -5.21975583416E-017  7.72426285260E-017 -6.85969691549E-007 -1.30795839018E-001 -2.32159069508E-006
1 1 242   1.72455089819E-002 -4.64919444089E-017  7.38240035509E-017 -6.28935998186E-007 -1.30774804710E-001 -2.31849193722E-006
1 1 243   1.72754491017E-002 -4.03187682893E-017  7.06933697778E-017 -5.67122631080E-007 -1.30753758929E-001 -2.31535140633E-006
1 1 244   1.73053892214E-002 -3.35018471298E-017  6.81692115950E-017 -5.00529590231E-007 -1.30732701676E-001 -2.31216910239E-006
1 1 245   1.73353293412E-002 -2.57904591780E-017  6.66919861350E-017 -4.29156875640E-007 -1.30711632952E-001 -2.30894502542E-006
1 1 246   1.73652694610E-002 -1.75369701400E-017  6.55942314354E-017 -3.53004487306E-007 -1.30690552755E-001 -2.30567917540E-006
1 1 247   1.73952095807E-002 -8.72782748851E-018  6.50656828763E-017 -2.72072425229E-007 -1.30669461087E-001 -2.30237155235E-006
1 1 316   1.94610778443E-002 -8.99602988334E-017  1.10270719541E-016 -1.47473539627E-006 -1.29262930668E-001 -2.13170259698E-006
1 1 317   1.94910179641E-002 -9.13141751205E-017  1.10781321589E-016 -1.18139083690E-006 -1.29245194401E-001 -2.13274975639E-006
1 1 318   1.95209580838E-002 -9.22363822418E-017  1.11347139598E-016 -8.91013665585E-007 -1.29227496218E-001 -2.13372122400E-006
1 1 319   1.95508982036E-002 -9.23968949853E-017  1.11752444863E-016 -6.03603882318E-007 -1.29209836118E-001 -2.13461699981E-006
1 1 320   1.95808383234E-002 -9.20750224654E-017  1.12283534521E-016 -3.19161487103E-007 -1.29192214101E-001 -2.13543708382E-006
1 1 321   1.96107784431E-002 -9.12720352314E-017  1.12826482640E-016 -3.76864799393E-008 -1.29174630166E-001 -2.13618147602E-006
1 1 322   1.96407185629E-002 -8.97278941685E-017  1.13416017571E-016  2.40821139172E-007 -1.29157084315E-001 -2.13685017643E-006
1 1 323   1.96706586826E-002 -8.76475812501E-017  1.13814123057E-016  5.16361370232E-007 -1.29139576547E-001 -2.13744318504E-006
1 1 324   1.97005988024E-002 -8.49235232917E-017  1.14491749414E-016  7.88934213239E-007 -1.29122106862E-001 -2.13796050184E-006
1 1 325   1.97305389222E-002 -8.16573642471E-017  1.14925430283E-016  1.05853966820E-006 -1.29104675260E-001 -2.13840212685E-006
1 1 326   1.97604790419E-002 -7.78253871937E-017  1.15535294005E-016  1.32517773510E-006 -1.29087281742E-001 -2.13876806006E-006
1 1 327   1.97904191617E-002 -7.34445327905E-017  1.16067230696E-016  1.58884841395E-006 -1.29069926306E-001 -2.13905830146E-006
1 1 328   1.98203592815E-002 -6.82844080759E-017  1.16585614860E-016  1.84955170475E-006 -1.29052608953E-001 -2.13927285107E-006
1 1 329   1.98502994012E-002 -6.27854701823E-017  1.17063341442E-016  2.10728760750E-006 -1.29035329683E-001 -2.13941170888E-006
1 1 330   1.98802395210E-002 -5.66089059309E-017  1.17656264505E-016  2.36205612220E-006 -1.29018088497E-001 -2.13947487488E-006
1 1 331   1.99101796407E-002 -4.98360304847E-017  1.18293233282E-016  2.61385724884E-006 -1.29000885393E-001 -2.13946234909E-006
1 1 332   1.99401197605E-002 -4.23821405488E-017  1.18665927779E-016  2.86269098743E-006 -1.28983720373E-001 -2.13937413149E-006
1 1 333   1.99700598803E-002 -3.45013460076E-017  1.19289344028E-016  3.10855733797E-006 -1.28966593435E-001 -2.13921022210E-006
1 1 334   2.00000000000E-002 -2.59056556588E-017  1.19770458742E-016  3.35145630046E-006 -1.28949504581E-001 -2.13897062090E-006
1 1 335   2.00299401198E-002 -1.67373710377E-017  1.20299007301E-016  3.59138787490E-006 -1.28932453810E-001 -2.13865532791E-006
1 1 336   2.00598802395E-002 -7.08797170262E-018  1.20942752341E-016  3.82835206128E-006 -1.28915441121E-001 -2.13826434311E-006
1 1 337   2.00898203593E-002  3.27293530819E-018  1.21471300900E-016  4.06234885962E-006 -1.28898466516E-001 -2.13779766651E-006
1 1 338   2.01197604791E-002  1.41962721960E-017  1.21979520668E-016  4.29337826990E-006 -1.28881529994E-001 -2.13725529812E-006
1 1 339   2.01497005988E-002  2.56617101700E-017  1.22467411646E-016  4.52144029213E-006 -1.28864631555E-001 -2.13663723792E-006
1 1 340   2.01796407186E-002  3.77505643932E-017  1.23124709213E-016  4.74653492630E-006 -1.28847771199E-001 -2.13594348592E-006
1 1 341   2.02095808383E-002  5.04628348656E-017  1.23504179973E-016  4.96866217243E-006 -1.28830948926E-001 -2.13517404213E-006
1 1 342   2.02395209581E-002  6.35681286255E-017  1.24236016440E-016  5.18782203050E-006 -1.28814164736E-001 -2.13432890653E-006
1 1 343   2.02694610779E-002  7.75136790691E-017  1.24710354890E-016  5.40401450052E-006 -1.28797418629E-001 -2.13340807913E-006
1 1 344   2.02994011976E-002  9.19132391725E-017  1.25211798395E-016  5.61723958249E-006 -1.28780710605E-001 -2.13241155993E-006
1 1 345   2.03293413174E-002  1.06936215525E-016  1.25781004535E-016  5.82749727641E-006 -1.28764040664E-001 -2.13133934894E-006
1 1 346   2.03592814371E-002  1.22480964173E-016  1.26472183420E-016  6.03478758228E-006 -1.28747408807E-001 -2.13019144614E-006
1 1 347   2.03892215569E-002  1.38723667970E-016  1.26878759235E-016  6.23911050009E-006 -1.28730815032E-001 -2.12896785154E-006
1 1 348   2.04191616767E-002  1.55447486480E-016  1.27529280539E-016  6.44046602985E-006 -1.28714259341E-001 -2.12766856514E-006
1 1 349   2.04491017964E-002  1.72889588930E-016  1.28084934152E-016  6.63885417156E-006 -1.28697741732E-001 -2.12629358694E-006
1 1 350   2.04790419162E-002  1.90738267195E-016  1.28681245347E-016  6.83427492522E-006 -1.28681262207E-001 -2.12484291694E-006
1 1 351   2.05089820359E-002  2.09413649616E-016  1.29114926216E-016  7.02672829083E-006 -1.28664820764E-001 -2.12331655514E-006
1 1 352   2.05389221557E-002  2.28427845216E-016  1.29860315209E-016  7.21621426838E-006 -1.28648417405E-001 -2.12171450155E-006
1 1 353   2.05688622755E-002  2.48187429809E-016  1.30293996078E-016  7.40273285788E-006 -1.28632052129E-001 -2.12003675615E-006
1 1 354   2.05988023952E-002  2.68462010435E-016  1.30917412328E-016  7.58628405934E-006 -1.28615724935E-001 -2.11828331895E-006
1 1 355   2.06287425150E-002  2.89305797201E-016  1.31418855832E-016  7.76686787273E-006 -1.28599435825E-001 -2.11645418995E-006
1 1 356   2.06586826347E-002  3.10976288123E-016  1.31866089229E-016  7.94448429808E-006 -1.28583184798E-001 -2.11454936914E-006
1 1 357   2.06886227545E-002  3.32822961899E-016  1.32570820641E-016  8.11913333538E-006 -1.28566971854E-001 -2.11256885654E-006
1 1 358   2.07185628743E-002  3.55536997412E-016  1.33140026781E-016  8.29081498462E-006 -1.28550796993E-001 -2.11051265214E-006
1 1 359   2.07485029940E-002  3.78860896648E-016  1.33682127867E-016  8.45952924581E-006 -1.28534660215E-001 -2.10838075594E-006
1 1 360   2.07784431138E-002  4.02632029280E-016  1.34197123899E-016  8.62527611895E-006 -1.28518561520E-001 -2.10617316794E-006
1 1 361   2.08083832336E-002  4.26972368052E-016  1.34793435094E-016  8.78805560404E-006 -1.28502500908E-001 -2.10388988814E-006
1 1 362   2.08383233533E-002  4.51963228128E-016  1.35416851343E-016  8.94786770107E-006 -1.28486478380E-001 -2.10153091654E-006
1 1 363   2.08682634731E-002  4.77591056980E-016  1.36040267593E-016  9.10471241006E-006 -1.28470493934E-001 -2.09909625314E-006
1 1 364   2.08982035928E-002  5.03666119228E-016  1.36582368679E-016  9.25858973099E-006 -1.28454547571E-001 -2.09658589793E-006
1 1 365   2.09281437126E-002  5.30500122997E-016  1.37070259656E-016  9.40949966387E-006 -1.28438639292E-001 -2.09399985093E-006
1 1 366   2.09580838324E-002  5.57849122798E-016  1.37639465797E-016  9.55744220870E-006 -1.28422769095E-001 -2.09133811213E-006
1 1 367   2.09880239521E-002  5.85686013577E-016  1.38452617426E-016  9.70241736547E-006 -1.28406936982E-001 -2.08860068153E-006
1 1 368   2.10179640719E-002  6.14227635767E-016  1.38967613458E-016  9.84442513420E-006 -1.28391142951E-001 -2.08578755912E-006
1 1 369   2.10479041916E-002  6.43419779262E-016  1.39455504436E-016  9.98346551487E-006 -1.28375387004E-001 -2.08289874492E-006
1 1 405   2.21257485032E-002  6.75882740482E-016  3.79091289610E-016 -1.47827189613E-005 -1.27907329903E-001 -2.06885789849E-006
1 1 406   2.21556886229E-002  6.38349228281E-016  3.81259693955E-016 -1.46562634443E-005 -1.27897023191E-001 -2.06448637963E-006
1 1 407   2.21856287427E-002  6.01462002219E-016  3.83482308408E-016 -1.45203640001E-005 -1.27886772299E-001 -2.06030388593E-006
1 1 408   2.22155688625E-002  5.65438538006E-016  3.85677817807E-016 -1.43750206286E-005 -1.27876577227E-001 -2.05631041740E-006
1 1 409   2.22455089822E-002  5.30197732235E-016  3.87927537315E-016 -1.42202333300E-005 -1.27866437975E-001 -2.05250597403E-006
1 1 410   2.22754491020E-002  4.96064210285E-016  3.90014626497E-016 -1.40560021041E-005 -1.27856354542E-001 -2.04889055583E-006
1 1 411   2.23053892217E-002  4.62279242392E-016  3.92318556114E-016 -1.38823269510E-005 -1.27846326930E-001 -2.04546416278E-006
1 1 412   2.23353293415E-002  4.29222299318E-016  3.94649590785E-016 -1.36992078706E-005 -1.27836355137E-001 -2.04222679490E-006
1 1 413   2.23652694612E-002  3.97408377094E-016  3.96655364804E-016 -1.35066448630E-005 -1.27826439164E-001 -2.03917845219E-006
1 1 414   2.23952095810E-002  3.65932421016E-016  3.99094819692E-016 -1.33046379283E-005 -1.27816579011E-001 -2.03631913463E-006
1 1 415   2.24251497007E-002  3.35331026456E-016  4.01425854363E-016 -1.30931870662E-005 -1.27806774678E-001 -2.03364884224E-006
1 1 416   2.24550898205E-002  3.05688049675E-016  4.03702678925E-016 -1.28722922770E-005 -1.27797026164E-001 -2.03116757502E-006
1 1 417   2.24850299403E-002  2.76694641286E-016  4.05843978216E-016 -1.26419535605E-005 -1.27787333471E-001 -2.02887533295E-006
1 1 418   2.25149700600E-002  2.48575476778E-016  4.08093697724E-016 -1.24021709168E-005 -1.27777696597E-001 -2.02677211605E-006
1 1 419   2.25449101798E-002  2.21103339562E-016  4.10451837449E-016 -1.21529443459E-005 -1.27768115543E-001 -2.02485792431E-006
1 1 420   2.25748502995E-002  1.94480988151E-016  4.12809977174E-016 -1.18942738477E-005 -1.27758590309E-001 -2.02313275774E-006
1 1 421   2.26047904193E-002  1.68559556504E-016  4.15086801736E-016 -1.16261594224E-005 -1.27749120894E-001 -2.02159661632E-006
1 1 422   2.26347305390E-002  1.43488228298E-016  4.17363626298E-016 -1.13486010698E-005 -1.27739707300E-001 -2.02024950008E-006
1 1 423   2.26646706588E-002  1.19293790951E-016  4.19613345806E-016 -1.10615987900E-005 -1.27730349525E-001 -2.01909140899E-006
1 1 424   2.26946107786E-002  9.57195934792E-017  4.22134115857E-016 -1.07651525829E-005 -1.27721047570E-001 -2.01812234307E-006
1 1 425   2.27245508983E-002  7.29710413730E-017  4.24383835365E-016 -1.04592624486E-005 -1.27711801435E-001 -2.01734230231E-006
1 1 426   2.27544910181E-002  5.10019713365E-017  4.26796185199E-016 -1.01439283871E-005 -1.27702611120E-001 -2.01675128671E-006
1 1 427   2.27844311378E-002  2.98418177647E-017  4.29045904707E-016 -9.81915039841E-006 -1.27693476625E-001 -2.01634929628E-006
1 1 428   2.28143712576E-002  9.33239725461E-018  4.31553122231E-016 -9.48492848247E-006 -1.27684397949E-001 -2.01613633101E-006
1 1 429   2.28443113773E-002 -1.03036264078E-017  4.33911261956E-016 -9.14126263929E-006 -1.27675375094E-001 -2.01611239090E-006
1 1 430   2.28742514971E-002 -2.91845201976E-017  4.36242296627E-016 -8.78815286889E-006 -1.27666408058E-001 -2.01627747595E-006
1 1 431   2.29041916168E-002 -4.70525743409E-017  4.38586883825E-016 -8.42559917127E-006 -1.27657496842E-001 -2.01663158617E-006
1 1 432   2.29341317366E-002 -6.44771008571E-017  4.40972128604E-016 -8.05360154642E-006 -1.27648641446E-001 -2.01717472155E-006
1 1 433   2.29640718564E-002 -8.09567621206E-017  4.43452241074E-016 -7.67215999434E-006 -1.27639841870E-001 -2.01790688210E-006
1 1 434   2.29940119761E-002 -9.66880697752E-017  4.45851038380E-016 -7.28127451504E-006 -1.27631098113E-001 -2.01882806781E-006
1 1 435   2.30239520959E-002 -1.11691299672E-016  4.48222730633E-016 -6.88094510852E-006 -1.27622410176E-001 -2.01993827868E-006
1 1 436   2.30538922156E-002 -1.25800115716E-016  4.50716395629E-016 -6.47117177477E-006 -1.27613778060E-001 -2.02123751471E-006
1 1 437   2.30838323354E-002 -1.39204888563E-016  4.53155850517E-016 -6.05195451379E-006 -1.27605201763E-001 -2.02272577591E-006
1 1 438   2.31137724551E-002 -1.51800268488E-016  4.55486885188E-016 -5.62329332559E-006 -1.27596681285E-001 -2.02440306227E-006
1 1 439   2.31437125749E-002 -1.63636706893E-016  4.58014431503E-016 -5.18518821016E-006 -1.27588216628E-001 -2.02626937379E-006
1 1 440   2.31736526947E-002 -1.74701392404E-016  4.60433557600E-016 -4.73763916751E-006 -1.27579807791E-001 -2.02832471048E-006
1 1 441   2.32035928144E-002 -1.84865099557E-016  4.62886565016E-016 -4.28064619763E-006 -1.27571454773E-001 -2.03056907233E-006
1 1 442   2.32335329342E-002 -1.94463332808E-016  4.65427663857E-016 -3.81420930053E-006 -1.27563157575E-001 -2.03300245934E-006
1 1 443   2.32634730539E-002 -2.03201483511E-016  4.67826461164E-016 -3.33832847621E-006 -1.27554916197E-001 -2.03562487152E-006
1 1 444   2.32934131737E-002 -2.11106444961E-016  4.70333678688E-016 -2.85300372465E-006 -1.27546730639E-001 -2.03843630886E-006
1 1 445   2.33233532935E-002 -2.18261358736E-016  4.72840896212E-016 -2.35823504588E-006 -1.27538600901E-001 -2.04143677136E-006
1 1 446   2.33532934132E-002 -2.24566142600E-016  4.75273574836E-016 -1.85402243987E-006 -1.27530526982E-001 -2.04462625902E-006
1 1 447   2.33832335330E-002 -2.30223740352E-016  4.77921399829E-016 -1.34036590664E-006 -1.27522508883E-001 -2.04800477185E-006
1 1 448   2.34131736527E-002 -2.34919466019E-016  4.80366783948E-016 -8.17265446190E-007 -1.27514546605E-001 -2.05157230984E-006
1 1 463   2.38622754491E-002 -1.38972960354E-016  1.97254491658E-016 -6.69212911089E-006 -1.27450012629E-001 -2.09761503621E-006
1 1 464   2.38922155689E-002 -1.44285498059E-016  1.29589264666E-016 -6.26340152991E-006 -1.27446800394E-001 -2.08102313122E-006
1 1 465   2.39221556886E-002 -1.50647350768E-016  6.71527720583E-017 -5.86408882210E-006 -1.27443609310E-001 -2.06416084203E-006
1 1 466   2.39520958084E-002 -1.58015266860E-016  1.07064964533E-017 -5.49419098746E-006 -1.27440439375E-001 -2.04702816863E-006
1 1 467   2.39820359281E-002 -1.66604604461E-016 -4.00477177462E-017 -5.15370802598E-006 -1.27437290591E-001 -2.02962511104E-006
1 1 468   2.40119760479E-002 -1.76469150165E-016 -8.47710573612E-017 -4.84263993767E-006 -1.27434162957E-001 -2.01195166923E-006
1 1 469   2.40419161677E-002 -1.87184116948E-016 -1.24263121494E-016 -4.56098672253E-006 -1.27431056474E-001 -1.99400784323E-006
1 1 470   2.40718562874E-002 -1.99165397987E-016 -1.57480365554E-016 -4.30874838055E-006 -1.27427971140E-001 -1.97579363302E-006
1 1 471   2.41017964072E-002 -2.12311349328E-016 -1.85052982053E-016 -4.08592491175E-006 -1.27424906957E-001 -1.95730903861E-006
1 1 472   2.41317365269E-002 -2.26637641082E-016 -2.07048733627E-016 -3.89251631611E-006 -1.27421863924E-001 -1.93855405999E-006
1 1 473   2.41616766467E-002 -2.42010018525E-016 -2.23135583361E-016 -3.72852259364E-006 -1.27418842042E-001 -1.91952869718E-006
1 1 474   2.41916167665E-002 -2.58594076599E-016 -2.33618463116E-016 -3.59394374434E-006 -1.27415841310E-001 -1.90023295015E-006
1 1 475   2.42215568862E-002 -2.76199021133E-016 -2.38266979931E-016 -3.48877976820E-006 -1.27412861728E-001 -1.88066681893E-006
1 1 476   2.42514970060E-002 -2.94998917397E-016 -2.37203106549E-016 -3.41303066524E-006 -1.27409903296E-001 -1.86083030350E-006
1 1 477   2.42814371257E-002 -3.01828332293E-016 -2.34702665289E-016 -3.23156850737E-006 -1.27406931368E-001 -1.84483490669E-006
1 1 478   2.43113772455E-002 -2.48214534863E-016 -2.49583340106E-016 -2.48822351384E-006 -1.27403813501E-001 -1.84689253251E-006
1 1 479   2.43413173653E-002 -1.89139068990E-016 -2.64003229000E-016 -1.78157475819E-006 -1.27400692520E-001 -1.84901884305E-006
1 1 480   2.43712574850E-002 -1.25062720596E-016 -2.78206277460E-016 -1.11162224042E-006 -1.27397568425E-001 -1.85121383830E-006
1 1 481   2.44011976048E-002 -5.51452329980E-017 -2.92029855159E-016 -4.78365960529E-007 -1.27394441215E-001 -1.85347751828E-006
1 1 482   2.44311377246E-002  2.00848452453E-017 -3.05663697478E-016  1.18194081478E-007 -1.27391310891E-001 -1.85580988296E-006
1 1 483   2.44610778443E-002  1.00397121172E-016 -3.18836753874E-016  6.78057885604E-007 -1.27388177452E-001 -1.85821093237E-006
1 1 484   2.44910179641E-002  1.86184618070E-016 -3.31738759726E-016  1.20122545185E-006 -1.27385040900E-001 -1.86068066648E-006
1 1 485   2.45209580838E-002  2.77745491536E-016 -3.44261294818E-016  1.68769678021E-006 -1.27381901233E-001 -1.86321908532E-006
1 1 486   2.45508982036E-002  3.74334352578E-016 -3.56485674313E-016  2.13747187070E-006 -1.27378758451E-001 -1.86582618887E-006
1 1 487   2.45808383234E-002  4.76276461846E-016 -3.68628738645E-016  2.55055072330E-006 -1.27375612556E-001 -1.86850197714E-006
1 1 488   2.46107784431E-002  5.83775107248E-016 -3.80094176619E-016  2.92693333802E-006 -1.27372463546E-001 -1.87124645012E-006
1 1 489   2.46407185629E-002  6.96437265496E-016 -3.91532509539E-016  3.26661971486E-006 -1.27369311422E-001 -1.87405960782E-006
1 1 490   2.46706586826E-002  8.14452671971E-016 -4.02428741372E-016  3.56960985382E-006 -1.27366156183E-001 -1.87694145023E-006
1 1 491   2.47005988024E-002  9.38187244906E-016 -4.13162342880E-016  3.83590375490E-006 -1.27362997830E-001 -1.87989197736E-006
1 1 492   2.47305389222E-002  1.06661099224E-015 -4.23543578681E-016  4.06550141810E-006 -1.27359836363E-001 -1.88291118921E-006
1 1 493   2.47604790419E-002  1.20116048184E-015 -4.33572448777E-016  4.25840284342E-006 -1.27356671781E-001 -1.88599908577E-006
1 1 494   2.47904191617E-002  1.34056177617E-015 -4.43330268329E-016  4.41460803085E-006 -1.27353504086E-001 -1.88915566705E-006
1 1 495   2.48203592814E-002  1.48587197234E-015 -4.52627301958E-016  4.53411698041E-006 -1.27350333275E-001 -1.89238093304E-006
1 1 496   2.48502994012E-002  1.63611528839E-015 -4.61870125479E-016  4.61692969208E-006 -1.27347159351E-001 -1.89567488375E-006
1 1 497   2.48802395210E-002  1.79167119509E-015 -4.70652163076E-016  4.66304616588E-006 -1.27343982312E-001 -1.89903751918E-006
1 1 498   2.49101796407E-002  1.95270232276E-015 -4.79217360239E-016  4.67246640179E-006 -1.27340802159E-001 -1.90246883932E-006
1 1 499   2.49401197605E-002  2.11939840677E-015 -4.87511506858E-016  4.64519039982E-006 -1.27337618892E-001 -1.90596884418E-006
1 1 500   2.49700598802E-002  2.29137997639E-015 -4.94992501848E-016  4.58121815997E-006 -1.27334432510E-001 -1.90953753375E-006
1 1 501   2.50000000000E-002 -1.45144855336E-015  2.18954628733E-016 -1.95068041490E-009 -1.27267266266E-005 -1.69946611905E-008
